100
150.19649956205748 703.7697659941258
277.5083653540802 999.1851156881497
636.717155490469 946.4998860692427
309.44061885127127 626.3213707968649
815.9787593197088 493.93978633355806
407.96628119180025 801.2372021042305
675.9486608708407 116.31492264273469
81.02419991223975 928.8192673630836
626.203021646656 445.91544142527107
981.9451653814817 560.221259805717
341.6598737346844 870.9678990903118
836.9473860752524 539.4739470492572
991.0837352930579 797.675370598052
243.26166018881247 657.8904732318404
925.4692138679867 661.8644902787768
535.9471508517523 942.444222845167
342.39297825378065 142.93178891543246
213.13776171291155 602.8759871136033
946.3857699594025 640.0700441996038
1.804688160412904 204.1741805796665
518.8779555029743 21.880384891076687
634.758627945951 291.19846176802974
331.1426064651752 136.54473801964505
903.7680675082663 357.90043113068714
532.8337797264098 731.8138369030062
911.24664620897 122.28756582723422
612.2131810661933 703.5417801526348
986.4935256496215 670.2898768084632
61.10686310041969 483.880745501309
210.48721453702646 382.6180544664896
105.46758317140859 952.3944869893322
466.3551346125308 118.88397771506776
350.9157902378905 621.662350991805
11.710639865645467 498.73665839974745
868.6045173241922 774.4811442697173
711.1600383045197 541.4860085870453
940.1973216250369 542.1713577606395
453.1670655383384 217.59870572899388
369.8543013481941 791.3058003084666
661.560036778705 334.6031060251373
107.40738734113076 461.3690709026749
690.6212232204082 59.14189117021395
767.9187736880209 461.71429344967385
733.0642419786869 34.156357258134705
972.8744459989497 988.1178749149651
268.1525419610823 745.8530698705656
497.3929159826707 853.1978695875118
371.0648636184266 690.0594467798699
354.6570711040289 14.976264180988629
933.6543208552232 573.0949529308662
796.8601542958731 838.5553036358801
172.70909319211137 300.09863563430747
315.5774648528666 21.437399536412105
295.62116026730666 341.8441184944638
444.51175105544115 81.79902417534946
630.9175408394258 931.3263252201733
572.1210358196684 13.99825777964736
161.1349508055754 752.7597376813875
570.341737227832 84.80392680561144
893.16130371295 62.262614749929
486.8704031907484 428.7347497483166
818.2222201197308 604.7389019439112
42.2551459187136 364.51131359778344
601.1460723055462 467.64010500904664
74.9275039840136 963.3215949677982
171.0328878428009 737.6833898566045
234.48313536875443 505.7492525866749
258.2999597395389 145.56786176470726
443.94483896183556 502.3952187175332
500.149000987717 391.69696395805187
174.1530515659817 462.89474211349034
833.3616285644753 461.8455079856787
955.8915322382898 926.1886068599773
166.8139527210084 813.4854694673243
368.07214933066143 190.22473759911486
371.6721425672882 238.4023069993426
744.9178825985839 872.3195354464732
729.0768797159869 938.6571158674894
652.0847877966899 983.794670697263
14.929994442526183 18.545001349712486
444.6397358380284 914.7613502044271
723.5827981353166 443.42538128896
183.818834321272 145.90878221024505
320.82629881763256 513.7849944733205
782.5791213779667 994.0982627809768
569.0943938151752 514.7572943816077
82.21046746101001 648.455483788669
42.159452594052404 272.55333334953116
673.0381374614094 684.3631481136318
121.84905607922315 988.3957634787347
536.3987053568125 903.4751242326282
810.6422259817275 840.3350642936741
737.9053460486117 233.41690255323633
660.493578924743 224.70625392478183
786.1765824257969 567.5389626065682
947.4710435845661 259.513623772174
322.68413233523876 253.80179641030676
127.32861840650767 139.70287775156663
476.8900366015675 516.0978802364879
496.72147236322337 758.3024559103848
