1000
980.8632626452215 907.4326429641912
818.4782424615458 876.3434546871125
823.3397145424808 583.2745307576762
325.20474817904886 575.497334147569
637.668597272555 548.3609074511999
65.3793402978975 707.1411976805052
839.5262115306832 372.7881419924962
682.2417368018412 232.2522324545513
752.8989657006324 332.42302601010186
433.6559913482717 758.599345958992
15.952196173202982 262.5249294170513
742.1281142783787 735.0365535318977
441.6634472351844 520.3864196693283
811.6955101570329 738.5420056943215
877.2698323296145 262.0383023938495
965.3721152314426 910.7974385590254
747.9840608087948 50.752950280102624
263.0177060327065 464.85484929968277
60.017642657473225 813.9381213458631
727.397227792663 954.1829676661299
284.4336776528894 737.4259700508263
44.44809680081796 983.8469292782034
646.091883724829 308.83737504473095
330.96520801040253 364.34281485514197
623.3294379729648 672.885675851571
728.8274644862208 365.95857263396994
71.26346338191958 108.70759459627766
257.98744029803265 727.6545140886637
976.7804468877672 657.1005486038943
238.62115148763928 753.3720394453043
448.3591952648738 323.33063754669155
38.14189971874371 893.0095229911694
569.2910311876618 188.4976101309943
679.7060787494738 476.7354653219309
910.3684822897067 188.7078753759146
960.121639900815 849.5766422903367
237.38572656913792 555.764347366041
592.2059555722035 895.3020470401019
566.9778779443129 196.7113294996453
82.72519053623351 448.6250943112765
611.1305331279277 907.4463620512328
844.9922109087511 357.3694930131204
709.6395613460908 814.0754306436261
867.1539320484655 525.6770019437654
854.0068839911843 399.9795160039735
353.2402297835494 869.793431811534
857.3280969180908 249.26149021450627
996.1833639997099 157.18567142281958
623.6451321617567 453.9782115404744
473.7751242344258 259.58581091397923
333.5340129359353 434.1071359287569
230.77930095466525 59.46078121648279
86.19918777501157 18.756762909264978
786.525680914335 234.55168536474048
694.5265313154522 83.80136277450856
394.0938733080235 282.71328262955154
417.1975979984973 12.499299943453224
951.8928496912489 143.72997235794205
926.1469080943671 567.9803680352753
402.52202017272543 751.5024969806525
185.03070656469023 270.1331010563832
243.4217120993154 704.4800076213704
251.8487918716672 968.7425577033746
254.2519228402622 736.9297442403756
275.83601192654925 71.62146394345925
536.3186750458431 777.2788607745468
15.000104870364739 643.0103249169998
342.91980380070095 485.73287366073816
558.541522882003 194.94829371502277
29.276532258945885 975.0466230111665
204.04340379172936 947.0547932568535
272.8695977102735 106.17282735064481
430.6030283671581 672.7407903189139
984.3806379456994 534.3702357235868
749.4152720682205 795.1147232914061
274.74720726864297 276.17692361877766
660.1204500789106 127.05813057834459
129.40929758913677 115.77590007798221
428.24722609984934 948.0835682877218
832.660061560783 93.02227704598354
949.505773756692 685.2654544342954
516.2155712007251 79.82723656135748
139.46018302212116 416.3349561786245
361.5075961085069 285.1181929828563
745.8863119054995 713.4241449816574
802.0991294377852 981.9411705848014
545.9554922882497 607.8728732440504
391.2520725402199 645.6852732296009
618.917232676764 415.6968564680262
20.118053282283444 759.023278376995
384.27577445852637 214.5007045648063
489.8456751439856 724.4946813890668
679.7204690092393 683.7167399436014
416.4832896119761 312.1503020601468
856.1692821789019 659.3316423647949
14.361803943906736 316.7083663485768
541.98403489998 509.5096507111132
400.2216584177346 669.7391492928064
936.7629548803427 33.837118116102125
883.2966099597617 970.4166030685437
699.2879995898377 962.8929058335104
702.021920083211 641.6391642574765
726.0076428100132 901.7232799902179
111.09818405264404 487.8067405569611
94.94331135897205 622.3082376172106
915.1732469721059 150.30429360534038
440.5403723906988 485.6393660804573
287.91982783945036 431.4499345401156
318.6603261119715 449.35475307834713
741.0189190975589 439.0781988648431
100.81560502295261 640.3117742401776
445.3665921117155 128.04151992070612
485.30121673692616 847.211942823106
502.4622181249564 92.54894570522998
810.231006461836 239.79557843330136
333.9094879325857 250.9236335641647
615.6348215883181 812.3446999479714
503.10454663179627 270.91133645086575
681.6429713965808 154.35845141260586
536.1477473849288 309.1462036707331
823.640247761802 74.905578565168
9.968814252888869 561.7426714589369
286.95446657292536 61.63777877384291
747.8748344637289 611.4107168316151
36.47003774996238 966.7983416853679
430.33363208397833 590.3874363187549
838.8551328578295 857.5460698028544
687.2243366169495 133.25959617729544
429.7190779051644 165.9637193979331
767.9922616391736 876.475663335164
346.73180465005316 136.6350434311918
241.7373220891499 1.5687115702635035
799.9439079455262 873.1038968842163
356.43201040068664 824.5230979138361
485.38078121696594 780.3530021267927
478.1978748734688 703.6781069412065
966.2024788316958 967.4557476499631
617.9745707024081 787.1778085636187
388.29878132209825 46.087120641904455
238.70268045093025 937.7244882154882
597.5638567674152 178.0831153654795
323.91679902326786 409.3211581859493
91.90267753325865 427.19891370953223
638.9681936806921 818.2256223962927
544.6639629405971 337.72543166978954
479.71632820209766 470.9562267612204
965.5339705525238 627.2303703804804
118.87660745347084 137.29447055513944
362.86605186504784 531.2910883983176
757.5508650371662 864.2922773991859
918.6151102573759 499.2081350257822
175.88671861711313 989.0093220531783
46.57352027951001 589.6280222665114
26.142000882157348 642.9979356940303
880.06692896075 946.1925255187061
4.0346563092581444 145.3796906843391
71.08630607861144 178.42176947821454
344.9520155907889 103.29103815314234
766.790901270448 263.509416450599
944.9016870023472 446.230803970995
829.3016855130405 687.4936115913084
921.650611007945 372.85710729007235
242.68609285048004 904.8764733333446
672.0114875891984 178.7741301649327
263.9891876210715 157.98067390094482
4.784467945853299 73.46834290161497
552.2754059030967 650.4017486449715
779.3229251737953 979.0043398387157
594.1892160847985 476.5409457862142
166.63862586107524 239.16596373742271
396.78024195555616 45.91073455670791
339.1563621083461 330.73432892316436
37.21430425090377 845.6991065588153
834.2003545027385 976.1744543263324
877.2649154087862 897.9603375126543
648.2824307267273 868.2696888535223
357.1477911422535 328.59511624417524
553.7754539310121 421.40979064966757
738.3723994519511 384.29548344803857
571.9564138523933 751.7534127506001
170.40291385501806 261.7664702711823
650.2647834713632 950.9193521995863
346.8055232663574 909.9581252530744
695.4987080111121 882.9191292306685
202.69037817466196 866.22356163215
808.3106699678577 233.3828726167909
542.5169793511293 337.78401530226563
981.7699743384227 257.2282989141421
749.6612477440461 125.54608005617362
49.34232229558444 169.5636800628767
473.53025122169265 772.5273143762371
56.7179429747201 170.9563326997354
245.80827212629563 318.8034275174629
565.3127443259326 23.75441959053226
541.4571916181376 303.0657278491932
514.3981170362113 229.27873648010987
727.2720353174604 378.25369705031744
212.31741953554007 639.8445537799794
807.1695456745114 457.09685588061666
523.4424515408506 498.26842628827796
265.0661455152059 380.4175253534829
941.5949649816126 785.3893892841696
854.2638518629876 727.306924657592
996.7830599310852 127.57378774755479
449.96718100937096 924.7518152244596
382.8274590565416 374.680869559315
613.2167915059498 225.72324064350445
771.5218876264888 385.1432328784722
332.28778811514195 275.13683164957956
70.70558999287458 422.9133956529916
345.0919583722578 131.3411757854277
553.176586401694 353.17306710498417
359.5860795774609 926.6066062536563
632.4811183334418 526.4806226772739
229.72326441997294 687.6951537671854
673.0935373539165 255.3619220690896
702.9467725584872 786.2742982719246
699.0456577914044 896.3247231049061
447.51750004863277 65.36363219671837
133.3372973791157 680.581461562046
292.1730993865654 0.33148797876647595
135.97086625718268 48.2510276363719
814.584015804933 71.8683676518328
83.60676756447339 452.00225774213976
364.7512420932011 948.863139944837
91.53125202732582 174.77817896425483
617.1111024919821 347.89808408156273
882.4831817323742 568.11460538241
734.0327655531802 685.1050882096948
705.2618322530336 47.888311473217485
165.6525966364687 697.1162551626916
311.1131802674715 492.8715243699553
929.4700297331134 364.76249561349215
0.21241400868143856 655.4569794454513
804.1709823989639 216.45570692575146
454.5393117393373 450.2001682695286
771.5422762107207 769.4351985390366
638.2817318431515 844.390989537442
623.2022800748576 807.8141128786395
502.4114759316213 278.036515152141
84.97386803924101 671.6938428891339
611.5644341077226 301.3681723617492
657.2301654065103 80.15004689076466
14.796686619780509 962.1060487948267
851.658435247218 841.7620745396353
374.48853029343553 36.23590125028786
741.9876531988674 891.5088953587343
257.0513456484999 348.2137504582795
159.99486033694578 800.4224219765763
173.59403873316205 745.9800219222191
418.9170802203914 969.1401590505343
664.3563775306379 641.0857633908907
816.6225454451735 253.12965496675855
997.8808425520233 513.5044484413805
139.31149584209746 451.2938173911173
120.07030676691932 394.98991174113075
193.07387983894176 675.6505048724422
362.87098793369444 971.8977609671726
30.269572404958424 585.917184223136
92.82644693924358 303.790329937094
98.76546270898979 736.4755050388064
265.5708135971038 106.91873523620777
65.25159766238042 62.12728225327591
697.5392139610717 629.6558085215239
802.8779596110446 638.4184025763406
823.0724263623301 849.6326293744828
954.4070979385989 260.8164736514357
41.53356285430376 553.267674112328
862.9006684093882 781.0714066315303
694.0888147706327 183.10611978922398
477.3111088840638 924.470474042696
755.4076009364269 702.2803482866103
750.2783695574758 416.4477382783671
524.643739930641 827.6076932394666
588.5117375902704 763.8829616081698
909.7960056502453 22.909400560889637
928.2519845600664 236.30143206723687
638.5073677244999 557.5992991653825
313.2003300206571 760.636743718685
961.9023158086976 639.5569219723905
26.48073111708127 317.0839435197048
842.6537715368397 722.3109681349314
452.167438836223 588.8128715237422
971.3577671994896 659.8126973179454
598.8168578853644 793.7256564004665
693.9685512506653 78.33524122390145
537.4745528124032 341.4505646172606
626.2639508442677 763.6834652923095
718.3296141393762 560.5849713434603
118.83550343817173 12.650405457367286
796.3473130654638 921.5621101499426
390.6290883699692 856.1812795787808
142.69283271259692 516.9758250547563
733.7201460391756 979.13440725604
910.2966398746163 112.96299728932047
51.18055285702716 725.5683052911401
200.98069264195183 327.237147561844
764.5030354182048 640.663133439592
737.8942196491686 482.9525251333466
632.4291892157271 131.85411232493692
340.6623816108207 364.68433845332913
912.657191039345 270.94206862411085
965.3878718469649 568.4484378203653
216.9096356232223 731.0854156678256
660.607209189683 707.97420871351
606.7177017765606 717.5227392892485
698.200272418171 988.2494573193429
102.31756767310529 332.6583536261812
35.578362711093824 668.7720636703574
394.3454499671989 926.5476724020615
583.079595931638 159.72058092119258
356.0559749882235 991.654114621197
866.2927800071502 297.3333882375909
615.4885704517243 9.06756300523137
286.8653165654531 831.778420961574
313.7787387218556 869.3099397934385
190.08836229014247 302.84434995249865
304.7485165998195 309.239875314397
129.53096644488915 412.7299753016742
396.61728840430857 350.937568996626
759.253389920469 726.1657083698252
235.35542907633567 702.425988211637
723.1342545311018 831.0766775133554
638.1857175333234 656.0134533622551
96.23111338345902 71.48124625275842
54.940009900352415 340.8381936105479
948.3515377018258 44.54482082639877
450.4863698806179 53.18922252854752
37.09684590118867 589.6659602063903
167.83150498345833 430.3504395126193
686.2277894822624 764.7061268259104
735.1892524008929 882.6069514270943
829.6949359420479 230.85461632633687
111.94946507135906 809.3677209843452
710.390122575118 861.2606662744743
91.42801388111599 22.515266848114113
521.9434611703379 277.10832079978474
484.00868750110783 4.673097474826804
681.6281093298484 355.9153991727747
626.8960516320045 235.88740150795508
776.3908030986879 164.7571875064394
872.8917617225816 964.4731409011779
889.4301189805784 538.4212155456219
203.65046739906322 684.6361763535332
649.1038617549009 127.09432482336058
793.215104304302 415.2436920986703
458.5920475269699 104.55842226566692
654.8841181285217 571.1818543822742
152.58568733753063 743.7817476249357
439.32955708533484 767.6127251050331
104.74647281845773 52.18634714546588
446.4102682507978 207.40654834952787
234.25838968783185 688.7289680954088
336.11679553510896 550.3702189183587
134.87028369761612 884.1068431312863
269.3191495704633 772.2192603059773
943.6728420187904 488.27429680890646
846.5764187359581 325.56593963921057
83.99527872419976 265.08017920393314
220.13623960384365 773.5579384567725
963.4642081784623 834.285732718957
392.93060123104664 483.7068685343822
561.4640980797506 465.1511888703905
787.467433495181 84.0823020681587
204.2421587289931 547.6744873637609
168.3878562330764 364.97893708290275
615.2248523949775 540.0744077676393
924.0293214080172 699.1960467588988
53.16797609235013 469.451518707335
47.185062300687974 981.9849462868351
166.28653565262863 232.32248961234248
401.15979718553075 126.52889902407205
876.7122332073923 913.59965741693
997.3776630732706 647.9190409655746
265.2683335003383 290.1655460077595
227.05196775228708 312.7723966962416
942.2497598478143 94.82996062618321
587.248388507277 262.04778912556935
599.6542200633183 165.2008684399412
722.5264953460734 884.6278781589325
169.56076859489056 231.13410025426052
47.77850675209694 152.5115065487137
305.57985276136844 394.1704457708686
641.0136829419744 244.25282045308973
845.668045865629 349.28641845813513
854.3547752102318 395.52632809196797
253.05929441891718 743.4385349334935
2.774269322009748 526.161794556435
342.24760842663716 173.17079185559913
76.16628446890617 388.7813255529553
390.12369654802114 103.1160071315892
229.7994282896748 135.64086831377165
642.6084527819309 552.4299686513997
509.1850133301601 10.052990869906854
708.415381064374 643.4021918180999
134.67132886927735 866.3297790714761
939.1370792615068 671.5720308821424
14.870022629096091 417.6878263253705
24.545282049456386 819.7507763256876
869.1955488344415 386.34527918178895
558.7496204964499 847.7754212035281
900.5099824035559 398.4295010984118
484.3580386553188 390.845902719989
604.410610595857 700.0615469680973
212.42265339911614 934.6203793364634
265.598511757953 13.423451115586404
548.6969113364797 923.1302083924047
418.5915984360863 244.21098479693936
593.2091779850465 152.2753923040515
191.8702633873247 846.9486749826577
616.5581033518176 872.853438060413
106.16038438045494 561.4934985222005
183.38515632151785 781.3727448522858
638.6080245718456 110.59960954900616
490.47753401113323 995.8279599047802
536.9519503657519 719.2218576206132
560.9344994242805 673.0329159211747
974.4061195415368 123.59976193933453
803.5082944066207 940.4992132597228
404.05279529466475 456.33472478894765
857.0796049036035 673.4281027007682
635.6191497054068 738.0991610465609
521.9568807026491 512.3534641200869
152.29849602236322 651.6308046882594
334.2756969318131 6.816463664590766
55.059703620430334 663.1017052943145
732.0920247899256 685.7986036091155
473.3882792309566 699.793806682969
665.928268053161 917.6656707415508
921.5064840149182 616.9093524708561
139.67323928345155 844.3673809383153
340.14896984501877 96.4427178202767
316.8219192212612 680.9352239284757
230.85490577459467 522.3352729621319
505.1571027582705 342.03981445355436
702.0023243025307 86.59987436379168
50.305687801529885 979.0711753174809
697.7135050567133 874.1790775902283
377.4543061011221 882.1987287533858
256.8191789492741 554.4347258800125
598.9970707354856 647.8648788213842
56.76859779791732 634.4314862937779
492.4476317217563 137.52482395594734
645.9844479471004 533.3788859637831
732.7149897495574 424.7548885533742
563.3299975543547 987.4741364702654
344.0110971276472 577.3209163368585
455.01369875140506 649.0808634017277
51.402831630045775 428.4930066505932
774.9967092087246 857.2989093012237
336.30825689967037 466.91148141118487
410.58545990604057 501.12558802067406
808.6065528812946 519.9394595616271
581.2676701928874 541.3970535291371
625.7109064857628 527.3111200732193
798.1335853567565 408.75671286825553
110.31911644530845 955.0052266821567
337.0527425153251 744.8153403076552
417.6909590258162 477.3970452799463
71.0045418748112 373.3510340607329
149.19147568792235 253.95835243397556
987.8524112699043 205.45985596014228
907.668423317898 210.19766883220348
687.7626120210836 535.022777104964
911.9647491842695 892.330230379448
1.9862003733960298 721.8055039349429
926.14313717308 409.5344732455928
654.9147440760984 650.0642183693659
357.7032239240191 664.6208195788314
879.7823326468783 811.5976660371156
670.3290349965623 755.2217123943266
211.98705011753682 521.4921956201254
37.47133446798079 117.90999984674345
823.9724345839236 969.8065697829708
937.2725176855357 548.2369838901922
610.8682428791027 325.8444057979672
205.74783889976146 6.4460507116117505
40.00180467211067 139.79875949243814
544.541683555876 412.9224574324436
291.878461785414 765.8017886595179
230.2532091330124 684.9185885015426
930.0829318550624 431.22029561029143
391.0804263513731 571.5001275640047
505.8222000435054 450.76325855789855
492.52017292558526 545.0071891283857
794.1088937392394 260.8381935662706
752.620726275351 202.89992255612032
157.8181000435741 70.41011921721285
966.072542218818 440.2124935719627
981.9305103903133 314.53413487495743
743.9642200541003 404.1128345787857
597.3980372000573 221.98439267154347
267.38884364821126 732.9180608096755
932.5051358408684 433.3282633034922
755.8807770640046 554.2880356964781
937.9338003445108 28.77913387278874
93.48908194809647 123.08301554004386
157.13826953708588 30.4197797236222
416.69113341657726 181.37767617587565
425.63366774018095 51.33829662054723
21.353597342583686 646.778213637013
989.2190683522948 131.5086146969765
950.879231234172 717.174533186092
888.1178830588893 711.6445178656656
748.2063037526838 659.6376589297297
137.06784529210958 700.7844412083189
845.3627035609192 454.48232345163075
768.5687015952378 219.57323781321426
727.3916038306486 588.0992357230493
314.57215356752477 113.08072124620028
695.0297538753731 936.454342655825
610.7988347058728 885.3936107099676
36.96610754336738 741.0978514948393
872.0304576746755 327.10360637552884
239.11371964464868 286.3310152134516
106.41503014810694 233.02053995947713
126.73355531465714 341.7081070250384
98.18380765882884 116.49629308699116
810.9535536353659 277.1688739819563
352.7265315466376 28.483103540593024
91.83094542737268 723.1681621581972
326.7716814680244 143.87637272673138
29.867412300532024 833.286057924841
911.0811007089211 377.12873347620246
987.5239074585863 63.00776394841856
728.3110224558776 848.7620868818467
63.68284551641923 862.2653345913692
974.0816940032046 728.418050372393
26.281565061763047 498.6754437007895
891.5329609272596 981.5412365149638
201.5564642666684 190.79014562742358
129.51402152140835 710.1212218786083
322.4492440935024 739.5725188138168
585.4402765669921 679.3852218123874
552.4291423746857 172.9633513925819
468.92836379028813 669.5241671651754
98.69110451009556 893.3989806868076
493.1470069353734 570.6675908051179
548.4198660483557 850.6743468323756
521.9454753812179 790.4720181312659
940.3339448417777 82.10661462869217
243.1352033820928 918.9576290066682
220.15868475180312 106.96319126659614
458.54199708197143 679.4079040538002
222.28255250625716 770.8441389680064
265.9134239022959 463.79457609109664
761.9889545823024 336.8479499648168
47.82732232258458 914.1279433386767
666.8301667029236 252.4465623203439
517.6750224047269 162.81238712314772
130.243976411455 140.52555522525844
897.7083675666589 185.99995940232105
956.0563342025407 442.8355308322257
400.7575937320823 626.3925200642365
390.5894660638909 897.9183821566353
47.043596491887605 116.47895394907049
790.2072788862399 236.53040387489764
554.7359767454165 498.1830978317294
976.1753851110043 851.7833521974468
584.2576508086717 702.0827355366581
312.29775984286204 638.8940435046158
239.00858816065906 640.3511011534301
235.9206214375793 280.2056453314895
857.1086874171863 933.6379878672018
337.94463360504835 768.0590109089658
326.3394333329872 749.7702945766856
160.95083143657652 986.5731691287118
919.9823600646856 854.981694693578
474.4795867073328 120.37796950429292
279.0305398878329 551.6129146320437
126.3613838347204 484.708093114672
885.0884135310199 213.85550787229735
838.8245804407559 96.1113291652661
34.117477712477864 164.13371704510558
354.95099398507136 497.05834463493846
737.0818974702623 89.86698483316002
77.88970757245461 302.88161318205
257.4620691689864 415.0531067884872
418.342952681521 968.4739695809826
23.291693109278366 878.0969857725536
113.03833338430691 212.649879863512
996.7284591756501 409.3198515312881
866.5940143249247 135.13573578902793
73.2733767090199 721.155788534178
97.92424417289136 947.7568097729718
321.9398464569643 901.9000377684606
464.66655865160755 435.5576656477692
185.0973920823611 520.9195059309175
112.04092042937097 423.1215168713859
339.4115769872856 909.159223764274
366.5028130577633 875.9149725202415
721.8503834541768 970.2697559868038
482.28252657749783 442.12737096536137
863.4531275571096 107.92327986159678
968.4963203370254 117.1944186185937
486.212088374996 673.8383887286989
51.225089182647785 163.99070613357802
101.37344862619135 824.8795850327099
961.8243109641558 246.94719714221924
479.9442817352706 11.568661880319798
909.7866367516754 54.27559269244286
564.1674967774867 857.0748838612178
465.3791700773067 876.801116423583
20.05701925140069 649.6939128729078
133.2972723910857 792.2380550714364
476.73442454656754 832.6439895791988
224.8372383492495 566.9389072540503
526.9627277796583 828.5704160921447
528.6395602531985 537.3295636250068
474.4961381982777 88.69277384565477
16.203673115811725 485.9667992255137
255.63836257487083 421.52004879242844
954.872388831667 622.2040006600539
128.35881058086406 723.1176736735765
4.788202845473322 21.874169898075223
647.9059418168446 452.48815153520695
617.0030272099852 705.5405376369662
631.6592278694458 480.72508653373103
382.7097618127332 33.80172052371577
237.09820115985002 814.271466365624
290.34167389978404 681.7794199726445
454.86421195556983 297.26181625265133
700.1219989989991 64.94968138118861
489.75086039940976 770.1821732985219
417.32596754139684 855.2467313562813
103.2923192007572 493.13801205850206
892.7129651982623 906.7079453836702
227.60450847266378 297.99245265232986
930.3553576952899 990.2131308626139
456.8387306253968 698.9103821000144
333.66027137950294 286.55527759318267
857.4152465921298 28.390350902508075
213.51947715217122 891.7760093133153
57.855712331143394 399.19485474637884
36.79530821810106 849.1613258070629
748.4473751407337 255.06326899448894
743.7677037155773 894.1558138149637
598.5481629322279 388.2398747145066
663.9092704623858 703.8701792210704
527.7830476761437 107.2923161219489
811.3122506144744 435.65750144445946
635.0522725723376 661.459303563718
913.6794359963176 794.7465379311493
114.70979517205183 770.8918491235745
73.28149373356719 697.9617289181838
737.1059100144903 775.2323378269034
896.654262189245 967.5571635621978
499.5947966946018 704.9699302536375
429.8229747309079 151.4987909067792
543.5673156797359 267.1756166416214
4.671341004452323 723.694882584503
741.1200535205405 908.703997233343
363.7049666034302 35.826593584935004
148.7367665770909 452.7531716680445
33.6815753918891 231.5766709940351
629.6057952039713 978.6423713121441
205.6845491412682 615.0954490473941
725.8792137096689 854.3735478829204
651.7794139268235 393.76411191602824
489.391939043139 465.07967016545007
776.9707200043352 219.8189857291877
867.7407738822554 808.9953581122126
879.9497802523589 100.76181328888256
390.17478283376414 253.97724723316395
514.7356776267375 273.71590291508716
268.2594812181547 801.7751641102915
69.47732785891803 641.9203795661061
484.42054826394144 427.5057731249483
421.79033554335564 487.0197038430816
164.41016773103246 661.7317032518257
790.0568697078639 314.1972659627222
58.32461787241361 467.52543487227825
854.22261367569 798.3081323307853
841.3998680929595 149.0313660865109
758.5575880333583 303.39426351202593
429.98486240780943 992.5572254548414
851.1494958016594 809.0397850359216
994.3677423074281 579.8247934824174
291.24056447405246 819.2714133563868
648.4049809751587 980.3453094757876
955.4119517790443 400.3158776440533
775.0605948282986 77.08903133703448
628.8176375023934 737.9594516398408
604.1124600910846 497.4736271511083
991.2151933476148 314.9467955454464
788.0526258514658 14.021834694976532
442.98574278850157 172.0003098073678
663.7341082192711 511.1759793327708
340.9729314207761 435.91504869124554
741.5250978690202 207.8237868643915
517.147059665269 477.1326013685291
591.0408284968345 635.1878775094119
787.2125768857261 207.36565930851668
996.614018843688 626.2089180061782
792.8059241311454 332.7597361153568
671.1627706028569 852.9918922587688
455.8813641644447 510.27849047782894
39.30057700993961 416.3108915530077
447.2488418264915 763.3533633010043
100.46765756096654 738.9249753191898
715.4980805154764 23.71587368138728
124.41664717913514 561.3255468770718
402.37441985127845 775.2053547330917
731.4521393688449 588.7672352609399
304.38391000846576 975.1603873716923
486.87514041747335 867.8172258285381
241.82640979718963 879.9924659198454
824.6745538369826 252.7080192850142
796.8223778732804 979.9714364221776
104.84527047067172 969.1016761894597
871.0124306825236 864.5978645634262
165.07803940337539 154.60412356227738
426.5902369412443 517.8934999294402
73.41732510047139 642.6841302683016
872.8277469599135 589.5987950091802
255.06174432464178 596.6829609478899
699.3715436051758 625.676993934451
216.60795049423442 533.926991748989
491.39231248386915 382.3272239139109
758.2102904198924 764.6045943980487
243.71536797244332 20.37796234886291
22.254695111742386 997.1777182951963
123.61313610823844 681.3998013653318
366.35380864728984 49.02092975877848
772.4036824263667 535.6348317920674
956.3946130035658 765.3267767498731
149.64408747648417 815.7478367558006
5.672109890592525 991.3326096241288
559.4750346999969 277.9369878799893
617.8381078788816 276.8693852694413
493.9884334896433 977.5349920794321
299.4008248729221 874.7026407642113
776.5299322186941 596.8967791687407
601.8726280188719 949.3753152524474
503.8705111494677 425.54014682757213
437.1115286357322 135.16392596472582
615.0980361946362 587.7323405998463
243.26736472446575 22.90846243403555
584.7621789177682 743.3815486715118
550.3160269599696 159.24830446633587
576.0117377166753 703.2819775534938
350.6633761926635 773.9471097227083
93.43964864119513 406.9662043228432
971.1391374459674 124.39360740806427
169.11329762891714 303.33572049697443
301.08637317718245 453.8508391060895
828.3404131625674 81.7750863857919
699.5213456363899 615.2370587874474
73.75516039735663 211.78526505362282
615.0619315822383 884.3985625302863
628.8318560177046 594.5588106646355
724.5993439291293 500.0398063235023
224.94054347469728 529.2628638308762
53.726602592744314 789.1304907316116
641.2624185861436 597.4975294081979
777.3718569041312 4.0527323105850055
194.7686510982759 209.09940850653342
515.7089042921477 900.9616875875932
604.9127553705538 233.09275850368948
454.6220100506576 345.6377924311693
759.4254531090207 956.825362570893
510.63688666654525 271.24389199122425
39.22515833221163 982.3213155040006
514.2913624051502 51.99868164776322
536.2269029716738 794.7458004763124
193.19249145870486 57.22288008923393
964.6791862504429 661.6917021591864
755.7465504176217 795.7731273373286
417.2875640243782 217.30300584906027
496.95953522574155 520.300482169831
463.23981858768803 219.50993472704684
982.4117635066096 281.5854810252705
540.3375681623862 953.2400823233357
511.0972841389553 571.6997629442781
334.9871307732237 711.0531057404622
270.52686850481047 139.0676791378118
261.31404936234037 483.33620313382676
880.6247293357416 808.7290226925527
649.453182284402 744.3772922702178
512.2729964557517 237.5610022077207
387.4088185351127 599.0656849920616
978.8109532546655 368.1719582233746
141.46858736055833 941.715466434287
908.8458774523007 508.22963759186933
696.961315120843 888.5540877988832
19.89571228774889 553.1658590839146
687.7049545803691 514.7913801986339
368.9696132433901 652.9497157908472
686.5968302419468 251.64801121268133
58.775429433534086 188.4355059829863
215.6497191515495 992.730968008523
128.63362929290855 142.2237376755504
842.8375993667476 685.3560709080782
703.9982520221264 99.92218012584343
901.765610008361 725.9054093366432
384.8045546878299 858.8074646300026
986.9399576908094 240.38008656309307
837.0824148841655 425.8669784908523
91.09911017060168 750.8578114905428
218.66578109762435 823.1013443780173
538.038703078603 858.6435272562162
796.9229259340319 708.3111617034936
307.2260905346912 895.0591466897764
694.4916729005652 271.6046165653745
208.57996424669477 909.7674545129199
938.4767992345858 612.4358299024715
920.1542996023267 757.9625788183911
170.35463691742459 910.4448368128491
878.4801205166943 85.76583472220234
268.70306783262157 279.9680346436253
424.42029232410573 273.6435259067773
443.0145910742642 543.553274509764
556.1865233492985 452.9528730320329
204.13867588002356 869.6633668954015
569.0875716497177 700.6355449139405
973.3210922060982 574.653608979122
476.5077421225926 875.6602243028984
160.40655070943689 417.5172574436596
811.9188324277347 858.9598983007365
145.64962497598611 384.3199257373597
520.1196544400941 166.57338230896278
629.2605049687951 869.6574750890228
275.3575805214559 146.50320599414113
742.9170034070861 360.34356110335176
788.1565943027681 34.357056833731804
569.8138162165269 300.8832223815849
227.59483106398127 848.4325198788172
432.2517297443954 586.208499636566
10.769775535077741 243.42352938272583
415.7629136390086 322.97942766890355
239.61371340833537 314.74413849624784
639.54576771492 951.0932361703954
756.1783019595624 105.20082836314326
49.60710618383723 297.5908563328594
705.4294414100041 449.2227666155649
222.47029142441343 207.10833633130687
883.4332195465724 568.0237776369801
368.7551792600046 808.3354303644204
379.629829733305 200.38493599208218
173.3807290906939 363.2673666029669
357.89405396720343 45.18637906716183
197.99545368717432 350.6300352971404
791.6895096214963 313.5444820098484
155.62976757652802 642.1467981209282
386.13768834897246 230.99182117255435
41.267227584318555 735.5971969444499
700.8843318385271 664.7930725190504
539.2796303184816 224.31782831278758
607.5998826006818 399.58086638413283
599.7648229330442 443.08057826625014
347.89937231407464 893.866354378202
674.3873492372956 413.4323239466835
119.81717542551706 3.10886542719091
55.42101868382654 682.9659305407472
41.94043428300587 725.436635991495
643.0324388073544 59.15220087794704
934.7038798677438 632.9328221834944
330.83727829223574 311.1872462499793
479.60770589544234 428.9883681372494
881.6284972354837 898.8273684687608
509.8165314359692 310.1114972539162
314.2022523476192 329.3685837927751
557.555224793239 503.2178917551239
527.1761536518084 700.6968402749163
691.4054755717767 609.5594862158332
807.6216065002026 733.0242095434711
577.8159045976236 303.43787201716833
521.8972079115867 54.68266276957967
919.5951970854165 54.47987413190836
908.3186939117619 200.89554983889047
255.06273782479207 746.4997645156578
13.93733399972752 449.928703632937
563.1543985970976 674.8396342840356
672.9280239343178 351.6667870694461
75.00494255733203 842.2709290920748
909.5376183212641 736.9263767641861
252.5317408636264 329.82260384785724
85.60774687409267 825.2896341505378
598.2992025780275 959.545516398424
626.290055931098 417.30929621995705
904.7046073018867 303.8943672725578
227.89797279250135 161.83497018482274
710.7419587837597 825.6457342320957
240.56420773516064 528.2451843975095
956.6092469312979 109.29994787401387
697.7068635522297 145.71269686221632
375.24790831588507 421.6641024022677
135.98999570189463 425.2750599068329
435.3807468964723 631.364367085391
311.77685064581453 473.2745676125355
375.74517239325877 413.7678070578825
840.0526771411511 109.84685389698956
172.14874050552652 887.4733591980898
597.3584672617699 70.4754872236697
977.2461667114733 753.5263950276203
70.85321320200377 709.358923537376
24.478180692204532 217.0950449852612
36.050160898044695 778.5888334356033
959.6778169665392 221.67360148465164
965.499277561802 704.1638825495272
884.1125978017623 686.4791239415952
574.0512168753959 879.6581182191443
779.76324054077 145.560931611285
8.379595854658973 632.374771206832
887.936535872908 996.8462049912913
585.5075739688955 177.29365587044887
686.9805083950334 381.58132468504436
484.4943353251323 825.9399269324439
486.8286181570642 44.718446166110425
936.8899560963048 227.02239350477038
649.6013597297015 528.2083378345483
736.4686837439981 71.85296139747466
854.4985891973793 259.65103813819024
141.85557018377725 243.33220768956267
805.7370473795403 834.2728596266594
355.8200794641042 284.6062358794059
324.3434418307919 218.88825335729288
390.6778398989561 968.0780595835081
921.0773338976538 657.4763825846072
700.6656828033563 673.3871602691498
915.7920185563507 315.764817999403
558.094773114626 804.6323374607017
685.9031460866444 83.66199977009825
704.5848061923945 629.1240763881768
553.6696349019898 49.95271165445458
821.4625249392675 318.67186492394706
26.143286788785524 708.0003795491112
359.33899720695115 25.07365826414121
894.1434136551202 695.832383098923
645.5357056319001 493.78947454149414
371.8475889107957 865.2400146517275
686.7502271742298 220.6337259577914
314.6231583317266 94.25983361587464
743.5597086419108 235.02592669732803
485.8507542516846 767.5809546977997
905.742136475755 654.9992146590731
932.0196429082283 405.1960524827849
44.11578330335397 623.5328522778805
230.93532599257037 523.0375416007585
142.829070439349 983.8292858911159
815.8710125816903 24.602773279165934
640.6308994156756 892.1331031200938
168.24586154156808 151.2500931225803
899.0371858085916 510.19665668634406
903.3584090271535 676.4858051751265
141.1134363056511 154.7754350956675
475.22061527311956 274.7429472961842
900.1829760639697 438.18338845708536
676.436212486117 127.97948553282501
109.89272947551821 786.7755576512603
603.1058115299155 308.14433284548426
632.8033434728759 433.8855940979998
494.3030687882155 891.62321242563
380.6882325217399 488.4499746024935
305.55648868701434 455.19576792816554
850.3276723273142 243.8803437224998
724.7872046399793 686.3641545230474
914.0029403030384 632.4239420504985
621.9521938806355 676.3128407290435
448.14829788783396 928.4184787719116
330.73743549850786 730.2077152569814
192.73037865722708 596.3359171658991
683.2202748502461 628.4242075203177
744.7424007971522 750.2973303803468
341.59423101806595 652.4481980785756
697.1242779018152 606.9638359355109
134.0795755954024 325.1020259960423
428.30211974471956 201.99018505390242
996.8262599151471 310.4891630287011
625.312797865726 868.085067783367
252.7349427628165 8.399628528525716
692.5524165885381 343.92762153260657
222.8459620206834 318.641765007928
336.1889966502907 932.8194861250907
53.34890469715958 686.6721562518266
128.68965953793764 197.8360577225572
656.0497537387638 49.04731458185208
218.32213755360408 53.460028554067726
551.1272959296472 55.6539019702752
300.24426801756744 735.0193179024234
852.3438570313382 595.5601991841428
912.6018876289967 583.2643393593954
20.743706192021815 30.134566759114744
263.5090126643531 767.6223081195632
893.672450311955 277.7689020342524
388.5875070121747 215.36166736682472
804.7539470609769 503.43394181349976
701.8879958872974 21.3916524625416
692.8065608335638 931.2338859825189
774.3180357083862 859.7933505589295
697.9692064935638 135.12155700793448
754.3346591423416 744.5886993200817
277.815398168902 569.1989437660457
749.8161804466034 996.9856992442076
43.27009426430306 335.5685802744038
253.61416315780826 678.1750355051316
447.68367881658935 530.0082994878256
360.44719189200146 617.4262804793107
878.7000603153467 326.33645450904015
56.61286083561379 804.2650904394525
