0 58
2 480
3 60
5 83
6 342
7 433
8 174
9 198
10 328
11 463
12 496
13 365
14 71
15 142
16 324
17 276
18 499
19 10
20 65
21 221
21 262
22 303
23 361
24 458
25 471
26 475
27 460
28 27
29 326
30 121
31 26
32 34
33 429
34 51
35 225
36 106
37 401
38 347
39 171
40 452
41 498
42 382
43 214
44 297
45 430
46 412
47 243
48 451
49 446
50 188
51 477
52 482
53 160
54 185
55 310
56 118
57 384
58 481
59 202
60 62
61 120
62 290
63 370
63 483
64 42
65 39
66 103
67 74
68 320
69 227
70 307
71 322
72 43
73 315
74 267
75 309
76 448
77 445
78 175
79 72
80 399
81 367
82 317
83 163
84 301
85 208
86 273
87 53
88 379
89 397
90 485
91 147
92 419
93 329
94 400
95 154
96 57
97 287
99 29
100 155
101 216
102 488
103 70
104 213
105 82
106 196
107 45
108 454
109 334
110 20
111 235
112 316
113 139
114 56
115 344
116 38
117 261
118 385
118 490
119 360
120 246
121 403
123 203
124 47
125 327
126 176
127 75
128 186
129 489
130 338
131 220
132 318
133 337
134 123
135 95
136 128
137 107
137 407
137 421
139 41
140 405
141 245
142 88
143 101
144 366
145 159
146 112
147 291
148 311
149 157
150 443
151 66
152 166
153 12
154 126
155 396
156 248
157 9
158 135
159 52
160 292
161 281
162 132
163 402
164 335
165 114
166 33
167 493
168 349
169 256
170 223
171 357
172 134
173 404
174 210
175 321
176 415
178 323
179 314
180 244
181 331
182 89
183 441
184 313
185 173
187 296
188 332
189 289
190 434
192 330
193 424
194 325
195 279
196 406
197 156
197 461
198 6
199 269
200 77
201 306
202 294
203 1
204 459
205 390
206 229
207 170
208 130
209 242
210 21
211 137
212 85
212 302
212 350
213 187
214 113
215 288
216 145
217 233
218 109
219 222
220 19
222 440
223 125
224 473
225 80
226 158
227 336
228 346
229 255
230 31
231 69
232 184
233 426
234 192
235 92
236 219
237 469
238 205
239 164
240 144
241 450
242 200
243 79
244 161
245 152
246 136
247 376
248 226
249 143
250 78
251 364
252 207
253 177
254 153
255 319
256 169
257 417
258 0
259 76
260 199
261 275
262 17
263 247
264 232
265 172
266 98
267 285
268 375
269 189
270 102
271 4
272 351
273 105
274 264
275 131
276 409
277 236
278 64
279 418
280 333
281 3
282 388
283 266
285 122
286 167
287 238
288 8
289 352
291 295
292 87
293 91
294 93
295 345
296 341
297 465
298 251
299 422
300 386
301 271
302 356
303 44
303 449
304 138
305 240
306 179
307 466
308 354
309 54
310 239
311 204
312 484
313 487
314 206
315 231
316 127
317 14
318 387
319 259
320 491
321 298
322 25
323 141
324 50
325 494
326 24
327 263
328 437
329 383
330 116
331 151
332 455
333 377
334 195
336 149
337 99
338 373
339 431
340 391
341 146
342 435
343 5
344 293
345 140
346 68
347 254
348 253
349 124
350 211
351 270
352 495
353 492
354 36
355 165
356 283
357 425
358 15
359 299
360 394
361 453
362 312
363 181
364 217
365 339
366 183
367 2
368 110
369 439
370 30
371 148
372 359
373 193
375 472
376 40
377 228
378 355
379 284
381 96
382 111
383 48
384 13
385 380
386 119
387 28
388 416
389 133
390 340
391 381
392 250
393 478
394 423
395 374
396 444
397 371
398 22
399 420
400 300
401 23
402 358
403 59
404 304
405 470
406 257
407 268
408 393
409 392
410 11
411 201
412 104
413 476
414 230
415 363
416 372
417 94
418 260
419 86
420 428
421 182
422 108
423 343
424 427
425 353
425 474
426 456
427 129
428 378
429 457
430 97
431 432
432 274
433 438
434 218
435 411
436 84
436 209
437 249
438 90
439 215
440 191
441 395
442 49
443 410
444 115
445 272
446 497
447 35
448 197
449 414
450 389
451 212
452 486
453 362
454 117
455 194
456 282
457 241
458 168
459 16
460 413
461 398
462 369
463 286
464 67
465 150
466 436
467 462
468 464
469 277
470 278
471 252
472 55
473 63
474 305
475 348
476 237
477 73
478 234
479 178
480 61
481 447
482 280
483 190
484 37
485 18
486 7
487 442
488 81
489 468
490 46
491 258
492 32
492 479
493 180
494 224
495 100
495 162
495 308
495 368
497 265
498 467
499 408
