10 10
20 12
30 12
40 13
50 14
60 16
70 22
80 18
90 19
100 19
110 30
120 37
130 30
140 31
150 30
160 30
170 33
180 37
190 41
200 34
210 33
220 35
230 36
240 38
250 51
260 50
270 33
280 34
290 49
300 53
310 48
320 48
330 48
340 48
350 48
360 48
370 48
380 58
390 56
400 65
410 60
420 58
430 57
440 55
450 55
460 57
470 54
480 53
490 53
500 53
510 52
520 52
530 52
540 52
550 52
560 51
570 60
580 63
590 60
600 58
610 57
620 56
630 56
640 55
650 55
660 54
670 54
680 54
690 53
700 53
710 53
720 53
730 53
740 53
750 53
760 60
770 58
780 57
790 63
800 60
810 59
820 58
830 57
840 57
850 56
860 56
870 56
880 56
890 55
900 55
910 55
920 55
930 55
940 55
950 55
960 55
970 64
980 62
990 61
1000 61
1010 60
1020 59
1030 59
1040 59
1050 58
1060 58
1070 58
1080 58
1090 57
1100 57
1110 57
1120 57
1130 57
1140 57
1150 57
1160 57
1170 57
1180 57
1190 57
1200 57
1210 56
1220 56
1230 56
1240 56
1250 56
1260 56
1270 56
1280 56
1290 56
1300 56
1310 56
1320 56
1330 56
1340 56
1350 56
1360 56
1370 56
1380 56
1390 56
1400 56
1410 56
1420 56
1430 56
1440 56
1450 56
1460 56
1470 56
1480 56
1490 56
1500 56
1510 56
1520 56
1530 56
1540 56
1550 56
1560 56
1570 66
1580 65
1590 64
1600 63
1610 63
1620 63
1630 62
1640 62
1650 62
1660 61
1670 61
1680 61
1690 61
1700 61
1710 61
1720 61
1730 61
1740 61
1750 60
1760 60
1770 60
1780 60
1790 60
1800 60
1810 60
1820 60
1830 60
1840 60
1850 60
1860 60
1870 60
1880 60
1890 60
1900 60
1910 60
1920 60
1930 60
1940 60
1950 60
1960 60
1970 60
1980 60
1990 60
2000 60
2010 60
2020 60
2030 60
2040 60
2050 60
2060 60
2070 60
2080 60
2090 60
2100 60
2110 60
2120 60
2130 60
2140 60
2150 59
2160 59
2170 59
2180 59
2190 59
2200 59
2210 59
2220 59
2230 59
2240 59
2250 59
2260 59
2270 59
2280 59
2290 59
2300 59
2310 59
2320 59
2330 59
2340 59
2350 59
2360 59
2370 59
2380 59
2390 59
2400 59
2410 59
2420 59
2430 59
2440 59
2450 59
2460 59
2470 59
2480 59
2490 59
2500 59
2510 59
2520 59
2530 59
2540 59
2550 59
2560 59
2570 59
2580 59
2590 59
2600 59
2610 59
2620 59
2630 59
2640 59
2650 59
2660 59
2670 59
2680 59
2690 59
2700 59
2710 59
2720 59
2730 59
2740 59
2750 59
2760 59
2770 59
2780 59
2790 59
2800 59
2810 59
2820 59
2830 59
2840 59
2850 59
2860 59
2870 59
2880 59
2890 59
2900 59
2910 59
2920 59
2930 59
2940 59
2950 59
2960 59
2970 59
2980 59
2990 59
3000 59
3010 59
3020 59
3030 59
3040 59
3050 59
3060 59
3070 59
3080 59
3090 59
3100 59
3110 59
3120 59
3130 59
3140 59
3150 59
3160 59
3170 59
3180 59
3190 59
3200 59
3210 59
3220 59
3230 59
3240 59
3250 59
3260 59
3270 59
3280 59
3290 59
3300 59
3310 59
3320 59
3330 59
3340 59
3350 59
3360 59
3370 59
3380 59
3390 59
3400 59
3410 59
3420 59
3430 59
3440 59
3450 59
3460 59
3470 59
3480 59
3490 59
3500 59
3510 59
3520 59
3530 59
3540 59
3550 59
3560 59
3570 59
3580 59
3590 59
3600 59
3610 59
3620 59
3630 59
3640 59
3650 59
3660 59
3670 59
3680 59
3690 59
3700 59
3710 59
3720 59
3730 59
3740 59
3750 59
3760 59
3770 59
3780 59
3790 59
3800 59
3810 59
3820 59
3830 59
3840 59
3850 59
3860 59
3870 59
3880 59
3890 59
3900 59
3910 59
3920 59
3930 59
3940 59
3950 59
3960 59
3970 59
3980 59
3990 59
4000 59
4010 59
4020 59
4030 59
4040 59
4050 59
4060 59
4070 59
4080 59
4090 59
4100 59
4110 59
4120 59
4130 59
4140 59
4150 59
4160 59
4170 59
4180 59
4190 59
4200 59
4210 59
4220 59
4230 59
4240 59
4250 59
4260 59
4270 59
4280 59
4290 59
4300 59
4310 59
4320 59
4330 59
4340 59
4350 59
4360 59
4370 59
4380 59
4390 59
4400 59
4410 59
4420 59
4430 59
4440 59
4450 59
4460 59
4470 59
4480 59
4490 59
4500 59
4510 59
4520 59
4530 59
4540 59
4550 59
4560 59
4570 59
4580 59
4590 59
4600 59
4610 59
4620 59
4630 59
4640 59
4650 59
4660 59
4670 59
4680 59
4690 59
4700 59
4710 59
4720 59
4730 59
4740 59
4750 59
4760 59
4770 59
4780 59
4790 60
4800 60
4810 60
4820 60
4830 60
4840 60
4850 60
4860 60
4870 60
4880 60
4890 60
4900 60
4910 60
4920 60
4930 60
4940 60
4950 60
4960 60
4970 60
4980 60
4990 60
5000 60
5010 60
5020 60
5030 60
5040 60
5050 60
5060 60
5070 60
5080 60
5090 60
5100 60
5110 60
5120 60
5130 60
5140 60
5150 60
5160 60
5170 60
5180 60
5190 60
5200 60
5210 60
5220 60
5230 60
5240 60
5250 60
5260 60
5270 60
5280 60
5290 60
5300 60
5310 60
5320 60
5330 60
5340 60
5350 60
5360 60
5370 60
5380 60
5390 60
5400 60
5410 60
5420 60
5430 60
5440 60
5450 60
5460 60
5470 60
5480 60
5490 60
5500 60
5510 60
5520 60
5530 60
5540 60
5550 60
5560 60
5570 60
5580 60
5590 60
5600 60
5610 60
5620 60
5630 60
5640 60
5650 60
5660 60
5670 60
5680 60
5690 60
5700 60
5710 60
5720 60
5730 60
5740 60
5750 60
5760 60
5770 60
5780 60
5790 60
5800 60
5810 60
5820 60
5830 60
5840 60
5850 60
5860 60
5870 60
5880 60
5890 60
5900 60
5910 60
5920 60
5930 60
5940 60
5950 60
5960 60
5970 60
5980 60
5990 60
6000 60
6010 60
6020 60
6030 60
6040 60
6050 60
6060 60
6070 60
6080 60
6090 60
6100 60
6110 60
6120 60
6130 60
6140 60
6150 60
6160 60
6170 60
6180 60
6190 60
6200 60
6210 60
6220 60
6230 60
6240 60
6250 60
6260 60
6270 60
6280 60
6290 60
6300 60
6310 60
6320 60
6330 60
6340 60
6350 60
6360 60
6370 60
6380 60
6390 60
6400 60
6410 60
6420 60
6430 60
6440 60
6450 60
6460 60
6470 60
6480 60
6490 60
6500 60
6510 60
6520 60
6530 60
6540 60
6550 60
6560 60
6570 60
6580 60
6590 60
6600 60
6610 60
6620 60
6630 60
6640 60
6650 60
6660 60
6670 60
6680 60
6690 60
6700 60
6710 60
6720 60
6730 60
6740 60
6750 60
6760 60
6770 60
6780 60
6790 60
6800 60
6810 60
6820 60
6830 60
6840 60
6850 60
6860 60
6870 60
6880 60
6890 60
6900 60
6910 60
6920 60
6930 60
6940 60
6950 60
6960 60
6970 60
6980 60
6990 60
7000 60
7010 60
7020 60
7030 60
7040 60
7050 60
7060 60
7070 60
7080 60
7090 60
7100 60
7110 60
7120 60
7130 60
7140 60
7150 60
7160 60
7170 60
7180 60
7190 60
7200 60
7210 60
7220 60
7230 60
7240 60
7250 60
7260 60
7270 60
7280 60
7290 60
7300 60
7310 60
7320 60
7330 60
7340 60
7350 60
7360 60
7370 60
7380 60
7390 60
7400 60
7410 60
7420 60
7430 60
7440 60
7450 60
7460 60
7470 60
7480 60
7490 60
7500 60
7510 60
7520 60
7530 60
7540 60
7550 60
7560 60
7570 60
7580 60
7590 60
7600 60
7610 60
7620 60
7630 60
7640 60
7650 60
7660 60
7670 60
7680 60
7690 60
7700 60
7710 60
7720 60
7730 60
7740 60
7750 60
7760 60
7770 60
7780 60
7790 60
7800 60
7810 60
7820 60
7830 60
7840 60
7850 60
7860 60
7870 60
7880 60
7890 60
7900 60
7910 60
7920 60
7930 60
7940 60
7950 60
7960 60
7970 60
7980 60
7990 60
8000 60
8010 60
8020 60
8030 60
8040 60
8050 60
8060 60
8070 60
8080 60
8090 60
8100 60
8110 60
8120 60
8130 60
8140 60
8150 60
8160 60
8170 60
8180 60
8190 60
8200 60
8210 60
8220 60
8230 60
8240 60
8250 60
8260 60
8270 60
8280 60
8290 60
8300 60
8310 60
8320 60
8330 60
8340 60
8350 60
8360 60
8370 60
8380 60
8390 60
8400 60
8410 60
8420 60
8430 60
8440 60
8450 60
8460 60
8470 60
8480 60
8490 60
8500 60
8510 60
8520 60
8530 60
8540 60
8550 60
8560 60
8570 60
8580 60
8590 60
8600 60
8610 60
8620 60
8630 60
8640 60
8650 60
8660 60
8670 60
8680 60
8690 60
8700 60
8710 60
8720 60
8730 60
8740 60
8750 60
8760 60
8770 60
8780 60
8790 60
8800 60
8810 60
8820 60
8830 60
8840 60
8850 60
8860 60
8870 60
8880 60
8890 60
8900 60
8910 60
8920 60
8930 60
8940 60
8950 60
8960 60
8970 60
8980 60
8990 60
9000 60
9010 60
9020 60
9030 60
9040 60
9050 60
9060 60
9070 60
9080 60
9090 60
9100 60
9110 60
9120 60
9130 60
9140 60
9150 60
9160 60
9170 60
9180 60
9190 60
9200 60
9210 60
9220 60
9230 60
9240 60
9250 60
9260 60
9270 60
9280 60
9290 60
9300 60
9310 60
9320 60
9330 60
9340 60
9350 60
9360 60
9370 60
9380 60
9390 60
9400 60
9410 60
9420 60
9430 60
9440 60
9450 60
9460 60
9470 60
9480 60
9490 60
9500 60
9510 60
9520 60
9530 60
9540 60
9550 60
9560 60
9570 60
9580 60
9590 60
9600 60
9610 60
9620 60
9630 60
9640 60
9650 60
9660 60
9670 60
9680 60
9690 60
9700 60
9710 60
9720 60
9730 60
9740 60
9750 60
9760 60
9770 60
9780 60
9790 60
9800 60
9810 60
9820 60
9830 60
9840 60
9850 60
9860 60
9870 60
9880 60
9890 60
9900 60
9910 60
9920 60
9930 60
9940 60
9950 60
9960 60
9970 60
9980 60
9990 60
10000 60
