667.1708869525021 291.8482523673316
662.1134731159408 746.7404503812788
434.7244535360338 100.6717873406786
837.6598358254462 10.857932134712867
576.4522483438277 580.7032449910918
54.850439919707505 632.358412990115
107.06797305936888 973.035937361846
170.7623355482003 610.0454510609576
750.2970143168427 801.8307046173719
691.7555668634827 50.7191989145912
187.41739115149548 640.7145560097944
3.841213339423777 801.8645769349857
614.0167969164669 414.9649796552053
140.39801903600124 601.4125767750181
248.09051478883293 885.840413706989
687.2346158078893 93.61883117477043
711.7075513692942 361.99679379368354
65.38335252956496 152.86097390113108
685.667959913858 53.36698250021043
873.6363066370795 975.6135875233176
525.5448017911872 530.1334286906613
569.0147559555138 462.38721496862735
764.8502134161107 83.42286935255605
554.0990865947093 17.66721866986398
724.5514101050117 888.6374504201885
222.76537600404967 285.9772024596199
511.5387029588412 513.0955462433691
903.0878062025945 790.0895694532237
339.00480952449993 827.8405142871832
693.2727026133705 437.8669618116582
448.44220812740986 944.8687503464537
7.065834763548273 337.42306412376223
284.0981898856191 792.3046238716023
898.3702761620773 890.2053398715407
609.3803053926255 312.7073288946828
977.730471145275 298.0498887898992
637.4192844280344 844.2914837059501
221.39599693814426 472.2107494378602
288.1824084825302 612.1810711033505
484.3349700833732 15.30515193656612
984.7703689722755 736.7199293106819
577.5307159927306 142.85667466150176
257.31526440868737 977.4201527044291
798.921761639624 854.9034482120437
518.1191267610935 246.94333098929576
987.4346270009084 526.9531521581135
409.5360900345942 877.9518954427529
879.0878112088669 845.2973663255216
417.5931341931404 449.38448166745326
136.64226906191323 269.5883002612816
59.53355004098415 458.10884543226274
950.3780477459267 423.420517719257
637.5817047864667 406.6166788703202
902.5647854391653 942.8419744490067
134.11949717391792 255.12036691276242
772.716958354362 948.2340786543332
894.3764244639859 936.7654328844615
433.96150889766903 695.7402833463523
981.1390524611725 833.7519588462785
466.04530888713646 66.40160188562083
374.39501864080484 789.6052963550105
85.05968030405786 15.037054808609174
435.8652736520997 81.7133205105628
918.5288078592373 153.9803920144045
596.0907912635276 828.3939102178985
687.9164681163099 992.9809016314284
38.953443165997136 310.6733856800563
293.46982906497266 213.90477702704325
106.20868252557902 760.084008181035
606.740193405046 215.69729879346923
796.445185385025 899.0347682215566
953.6741986676576 207.00072117386327
86.90364710441223 195.065569734722
503.98268160642965 399.41356633618085
229.3183988206088 212.41345447284598
125.01493499165318 184.29892451382725
660.1882818411475 865.7350765469569
961.3108479699007 174.63229648666157
834.2326808085327 692.316731762365
367.282841658766 549.5725102351735
694.2313652369595 543.2863846302205
118.71095048071622 367.1692643547397
32.60078690399537 863.1988280220569
287.5996518761915 496.4410612048977
500.43391316936646 391.10755260225216
426.898476466517 885.8685376285569
583.1782297195781 58.36302199241506
212.2400060955184 612.4613491966412
935.325087302175 627.9768563464003
300.7040504114838 254.17810669576423
345.5563247319486 169.20818831630825
487.7418119724749 620.3367207980322
564.4728067293709 568.8696450226815
422.93573056171664 369.08671246496596
143.01736248043161 754.9773030657597
673.4582742252502 333.16545658344245
20.79805134491386 92.37744168395568
647.3366666571555 164.1135751827254
928.9370883818495 597.89393290093
326.87684255438177 306.6467151744175
552.0894540670774 216.14076425174954
543.7836024477933 396.2196092270409
788.5946335057589 833.5766586802387
335.0370192014831 709.4481913028278
362.6096475558208 690.0784326888192
459.2180942791776 271.75037636482216
821.1272399929068 145.53371847542073
97.18104053499354 710.6349310008295
316.9778868669296 498.9440862430055
197.53189346256005 410.06328191591325
392.81352549176927 547.1377747663525
3.464941497660523 992.4691532884481
404.38254024747243 260.27790785282014
285.85995087039805 96.87804102107233
747.3810539234141 562.3192054513878
572.4552849438301 456.9064319818554
817.2598315536528 584.3682449642249
584.4793527637249 307.2557037363681
959.4451234807353 429.8034378553216
856.556533365479 44.54044477881436
993.7738524246935 384.9021702386618
613.8327638950784 850.3921620234729
9.707308291797112 680.212830005741
159.06762463225178 373.0987456632824
587.3616288422352 903.9307279896055
931.7879139029691 65.57840463093379
949.2430674877029 206.6445821054641
283.9162249815854 296.53754632877417
83.61793347511448 233.44409504088182
853.0109976087786 5.743450694514318
832.4385220518755 26.253536161540136
899.1292914562547 161.88009146809833
925.994496563253 879.2349140540847
520.648233302602 251.30651644854274
627.1079182889819 207.82363050910834
505.71652567167035 710.318109962894
12.454864761391015 591.3353319259173
94.83861576265407 561.3518671237036
962.1998151659285 134.97365604975363
861.1315951425561 223.7206155041992
763.7405596196185 913.4019712674155
221.36532310510438 221.25105198702366
121.5198755807515 63.03579960368077
872.6127297956622 202.592453761258
301.23655474069824 236.07578304286113
257.34543939698864 630.6186773846952
144.19817972021832 300.2346658237975
729.1947223466756 997.7722988830047
372.62733729563615 625.3019631043773
583.9949890866975 636.2056814007497
712.0438025539679 585.3022212529107
468.0150789799277 153.9772062106114
323.73572085637016 997.5495687484465
429.56821743048465 725.997342148716
526.8560042258629 987.5254581352193
712.0094961240882 372.7913555719434
47.333351360603345 539.4797653563537
473.109632840758 540.8189420385173
627.4847801972285 39.335787960730116
266.63393399815226 895.2816267347387
521.8446054311552 15.228507505787082
916.4651498556768 60.28833088248309
840.522823111661 683.1057094446987
717.7569332904117 569.6180104846189
684.9625842812451 462.1378238351682
54.99072710058472 12.644041610918922
957.5166658078881 6.114776070525352
152.02473376251814 492.0275216488387
617.0747426140852 935.6134590380352
426.5405721802694 283.3273225902412
703.9229477492751 143.68488645014875
271.4461844043825 224.14091236604827
728.6303405946593 704.2807688980475
445.724478607187 257.6641513579115
941.8744177654672 320.50990880138994
862.5043468310716 48.238411212906726
555.2778482636546 811.220766978291
319.149486670207 625.1448678565231
834.7671008964521 304.5161203880569
448.6771035578866 182.0087797512121
308.19474401954426 266.5699558390248
279.99194193652244 869.0241129534012
413.5566503362852 502.2455675443929
395.3133214662959 442.33244735680023
311.5033382251846 203.63043770721933
693.9673150962936 130.60930099652168
178.73948748214696 797.3513813234041
962.9628718855525 516.0678187278432
385.17683104936486 148.10686804441153
649.6027979814961 302.39808695545736
749.798190845295 890.931397587803
69.838588524063 350.7422415555026
690.599092338541 837.9997949076295
101.32363162429215 840.1564908203532
460.6667556092448 289.81874745136713
941.4625156127069 855.3052455754423
41.346709575577734 397.2573967815203
190.77781476111576 384.6697201720808
688.50452239868 391.4275132984327
373.2441397780722 785.3401841352181
287.2117129205667 456.23804659042423
882.2881864280216 349.20791264590537
775.2809450733762 813.8768389557084
626.9114942680957 688.4421729823797
692.8172121070835 976.0699127137784
205.47520729995793 730.0738901642995
20.62853405447651 322.1639183253895
970.3560149042416 32.506824957313604
449.2962838290143 280.6938270898578
590.0650900355014 633.4626864033432
64.25797404194267 697.1917258165822
628.1512938900603 498.6421343586533
630.8889769791059 45.2292708394254
912.4532589256437 241.70177776933267
43.1683163194726 522.1570200221715
940.7760194246558 485.14233460033984
393.91906888376525 662.3236013555147
495.3454502692585 544.0231538570955
12.186903516864467 606.3988449138573
729.2542659025771 334.5085040211718
418.6104174529679 946.7522355782174
847.4790468260006 184.75326125399505
760.4743595898304 127.18821904715504
452.505302030214 495.84157257993024
410.66555588085055 420.7981719949553
966.838758950504 221.31277058905928
4.859430844356694 670.7047653646913
903.0423467180191 148.8259175842992
891.7186331499568 152.26440916862927
360.3618208357484 261.635450902583
187.79177758771903 36.97978656587275
945.3559456451969 959.0993926249702
981.0744662519667 910.5608269201787
46.460140209499514 22.49892769883022
619.6768666849464 402.1479111805148
404.28229690225305 733.3686365737557
729.7329229123545 548.9774707258597
691.6682349462686 411.89745363931695
248.54717155347893 825.0975806522204
365.4578659680824 911.86125976164
179.58150533930595 153.56208782611057
638.2053319050951 720.3121045765116
34.36497575966657 363.50333901806073
644.4907012332144 858.7744581310424
684.2845425553822 22.363988374287104
949.8636908892379 773.9121066254028
260.3841307057695 814.5333998144963
429.7256749151679 778.6622085457424
490.3477267992813 150.40102003055077
662.2064697474859 991.6604654216709
175.39517212322343 374.0528380811786
715.5524777250446 195.96644776801685
398.85587702460236 88.48744215239745
490.0137236220611 19.547932949869896
156.5188181030883 724.7073381220953
775.0809104626561 713.1481085542233
164.15200047801827 639.0804100533177
443.4867019863784 838.4500114193776
505.70351162488726 430.98468686766233
436.21184294829294 605.505226716224
571.1206262565343 646.3884420032581
673.8204990171286 456.62708229726735
784.413166010208 342.71511736014423
953.3288480804968 569.7993259060536
544.4300375744114 183.95406548870974
335.0989553590864 349.6273890004609
219.05212976340437 499.0010577708299
331.48774667869594 339.35192068114304
863.4766872664984 351.06623383830527
571.2129488724762 831.0114306610395
986.6497884733589 828.7257813653453
677.0721253863176 354.38450119151156
843.9411713885211 52.24052148226021
848.2809271443929 114.57667804138072
504.8843913985781 796.7520745269934
880.3157285759005 942.0897688526136
75.28134588267832 607.290337410208
734.1048022183419 270.9222649867534
139.36015159003102 311.4450451519728
89.10596503739188 569.9125631420357
14.728483059261999 587.5108041577216
747.2723285160446 242.10262391702642
527.9768670236482 595.2838068099446
100.95773885537673 707.5032855611253
589.3240465593326 901.1905891997789
139.1838397911116 572.3375436878656
512.1244671011112 993.8149909553256
280.04757897364993 858.381282852887
374.25243466425076 369.6794622940107
847.1643278895548 526.9468630279504
773.8108983691469 221.01548734326536
174.30743469888122 920.7731500859626
341.2492671095273 746.1225170996195
533.2529310588473 90.08205171025818
349.1683296200343 857.528726037444
770.3313593855056 989.8818944573289
474.2784351601378 557.5629795862204
585.7200179967571 893.252683263044
415.81391594599717 666.6269411281655
669.0409788300882 118.12394432898499
242.64995496154907 796.72160964651
930.9179134942462 468.6059571697353
316.3616203048697 942.9842501239577
990.6609923668517 438.50472208235027
352.6063706122362 370.66107334048894
770.2758135875096 959.0104963293292
163.8866630459783 949.253865062696
709.8082396811479 448.1110353123597
790.2251919746508 830.4242826082035
340.80510786469 138.71793776482056
636.1771925459435 659.4137127771403
641.9982330147761 519.8349982406816
576.5536599965975 282.6677021762434
722.4969646053468 488.5362513260274
498.92359801399357 715.6563790012893
357.16402088364464 730.6251991243952
470.94726498848104 531.4509097005174
600.9012982153279 684.1138223400673
564.7673982589116 299.1884567104305
654.1400391955848 402.9422900025129
255.6298842584187 56.11551202549614
638.8246530152229 68.64151096201287
510.3775112540384 581.7597132091154
427.0098971153458 119.67444485441648
450.8870009638303 154.27231226877313
921.6230252920997 907.735560917005
757.7561641120388 458.2718605518422
582.3340366404108 283.6009526553903
635.3523946970049 18.94369025064513
518.8759956841845 904.8409645956217
766.4985916038669 356.09514353080726
643.7523761709099 862.3277553932028
811.4863852540268 318.0189252311866
495.7555183623159 2.2623306234911267
513.035216489113 956.6788154740332
452.44631135944235 993.7611893120301
190.88370352847173 441.93129204460257
310.5941631984166 79.00883491731537
231.23807603824343 690.4035271458813
626.2588968830396 636.1093180165119
897.5918140911746 138.00731620089113
564.5806874007043 938.7807921816652
507.9274706464951 457.30554897699403
979.159189246869 574.1126786620614
80.73559027123267 941.7177158986025
73.68796233516306 349.66468105121186
784.9183255954869 46.359536668362566
956.5882438179983 867.566889811894
633.5604974652042 138.2269699231602
707.2965846180434 724.7742345295665
759.2108839274883 860.6288874257478
644.6254715527415 288.9813255712048
606.2264892118009 702.9851280347111
409.96191148241013 359.3077483495852
515.3915642482901 760.4545218957127
59.746622787481215 734.1123415177544
268.6725361518122 886.2330315714607
340.04713686838716 126.65138420061051
215.41115848130966 867.700785302735
99.21222150604459 698.0819446605461
134.54460655854373 588.5939085190201
738.3090397019128 499.54029507124295
513.5039930828084 513.7855026354009
40.73128323201658 779.8764647354299
645.1989289552203 575.053269750617
460.7178332233707 772.547369894279
99.92127293022124 154.52397103771597
143.9668465841819 807.7853675817034
323.9465800285984 393.35713750758316
626.2099091572289 566.5018920219555
444.1536011235758 895.3490228005999
990.6246862700043 692.8603998015624
712.075332783971 557.2692922240254
807.3499889553465 540.7845543539911
87.8045568793301 306.21493978099045
212.25827036088353 252.28348818234514
348.6752279003363 933.7616577251256
39.30695351192781 760.7952883709014
796.7260955999936 337.89404435652904
616.1095627827157 940.1317342250157
95.61777437658114 104.1548240618363
434.0382340528328 150.32692845898922
599.6178617245071 916.4461605278065
769.6779977078961 77.78902790647335
745.7426838231219 675.2020956388723
187.96648695273487 723.0625935434599
395.26500761714135 426.67590519020104
10.630436696389411 230.16329114047406
213.58320033565948 3.1720207840162384
421.41041431278904 236.2587855521835
685.5851027381261 824.9824378309372
241.8379390319374 483.9898750736231
28.837916939883577 894.2669427588121
652.8686597204946 18.14756320898969
957.0653838516104 286.186933552941
519.404527097672 609.7590213996689
732.2648467369032 845.9422029028681
876.1352894146036 625.7539774333904
887.1167297524819 991.7477187134627
511.9552222247017 272.5751363014127
629.4517096628083 722.2767964508262
953.2371088441331 48.954442294497305
797.7212161340674 631.7664495409759
44.86098946054917 37.239525832803324
141.8330463090892 140.93946117804413
108.84791274240047 471.54082759259853
48.46718130191552 527.4731628861701
407.03999501668034 285.3056836817598
717.7545496450075 813.5926601459181
427.05175740021275 625.6537159520651
607.8351202098982 304.4320083714054
629.8897566982148 738.6222133931997
579.3156058900533 415.2640431810285
77.9754864202007 734.8169687978807
744.8832201084037 528.8712528461821
109.35270681412001 976.2589013527399
315.2569124953215 85.3251420829525
307.49196733710846 66.27595655207963
410.5383934695557 626.7387812303277
198.01056763336376 362.13922370447295
495.8192888631164 577.8112730369477
485.1463976571282 885.3263434984469
782.840044564689 438.7705090662901
213.7343861432297 72.49141764248512
848.174179960952 47.046807561541556
408.26764445816985 891.7627512267368
232.31078621970713 241.46880751268995
850.1760097115745 832.2094869274057
165.26709561512166 144.47057645702267
810.5738957180537 738.5382776995491
940.9829583354804 422.67274319840544
352.67257632641844 475.511320485591
306.2278681834698 597.823493602937
540.3752277535109 398.2616743429839
728.5421459516077 283.77706115141774
55.36882866853532 764.6499350625134
577.0406004916357 233.550419947518
469.3341226167508 414.262946543617
382.33640538944724 771.3334717142549
106.05004326232947 285.7562106952236
392.7265546679919 202.04334626698372
158.012806524921 849.1064852564851
940.7338387349779 391.61964966957584
276.17497328880916 276.60103493031994
584.6487800593155 855.8866608085111
937.1027844732461 403.2894408422617
13.50447096050711 455.9125186743904
890.3719324947722 556.7591911250723
765.190533407299 144.8253181462291
393.9272339842135 670.2632259799458
930.3847918825883 541.5417858669231
326.3905490546755 655.8109395167315
993.5558387539387 513.3333755403255
979.4033455560203 886.4592017789179
465.29590774533267 26.009425485485906
869.398545844762 505.0075786806415
96.07181386165709 574.1335196924324
76.8990387084043 415.19249843739334
56.33625785231744 377.51539868105056
611.3155218610494 921.6730677626916
813.799099320458 997.8870136128904
129.66464800072598 989.1312939009907
811.3896875733549 386.9081935194778
338.9760291059257 610.102963765619
866.3898206818174 613.3259384550997
463.24167224124614 536.528142598051
241.55657150121434 882.177477297788
675.6500616554371 679.9184405732105
404.95353595322393 454.61936940936675
629.6662070582926 439.41993571650653
318.4272271610594 307.0269069444804
358.91690860252777 97.50817883864504
174.41627072848442 368.90342724981974
604.5375049064924 74.70154297747189
594.2896159768303 995.4325316597948
628.1812572096086 892.5946535398251
642.3379222187907 468.0551207960313
622.4413693385128 900.7785736026555
114.77503316667126 623.9004606073493
518.3351388854549 503.62214616553024
851.6202795403804 425.5774495778438
332.35050544502786 139.60982550636302
436.46212455507293 231.8409962430821
373.71293203831937 130.069729146402
197.0187775864757 484.97549614715365
921.0137639354663 682.749167981008
495.83300517384674 716.0973207313338
52.991896078582236 264.9799511667886
56.199736805542024 345.3694288780176
784.0510049716653 843.5993954758304
557.2197650029948 348.3766270562667
565.7951688178058 168.28113281234346
863.1080984174775 502.60891107706897
499.75712595877343 116.22258071405578
967.7474718852798 837.3230301380933
971.1388352049796 847.2848837344225
670.6259203377256 815.4014649918834
773.893835297136 729.9592583306572
797.2957311435573 956.2874548615006
769.0869799876368 130.56095400457602
505.8259678465652 879.0452707490927
644.7904741664981 915.198670810117
585.8018276057402 468.5893008820061
37.08627766015715 352.44245846896604
824.2116200870145 998.0566551320175
763.4421580224512 329.02751588100796
559.0152580069754 88.34391604751669
572.0138511078424 937.3032757763017
446.8564242855728 311.9195828580071
251.45690582944314 232.03919993703082
630.0470563579709 836.9683689186683
45.11736228884378 615.8888218587779
452.354903722627 117.84985912207424
779.5130679069189 960.4608823704881
871.6984476441494 683.6409170430414
360.15291171156883 955.4006285435147
950.3870977866706 655.5593461218219
139.23035071745971 239.55620687964506
829.0326146020655 36.67347567775248
584.1647269984774 168.7258001726113
92.86450271860735 809.3500365338512
507.877562057921 106.47063476574358
228.06748569815082 796.0636744864645
733.1285391536372 374.0283363601723
18.32729916275411 575.458563148985
422.42675082877366 877.1296816574834
521.417384027822 122.46361189226384
451.0896688258497 714.6072938595963
25.16537515625872 410.34590426230653
8.57784346799173 418.0920020375398
842.2746130237496 230.16544990861766
55.292846856712316 819.7277285289226
176.07924526936324 63.88111915555306
221.37533574061686 505.24868860216486
795.9007836295441 720.2672793063546
321.0923995272473 6.417680592524455
74.41377813039762 770.5971225143886
528.6484145494446 150.7730683780808
938.0338594129466 289.5103016359701
876.7433553932377 319.1919733834172
457.3146898689204 776.7722353270807
97.9189481181194 204.7564609462018
267.40645249979247 725.4055347841522
31.971079367432708 950.5102361627517
347.2059014078716 394.0164465657002
378.9295031431233 336.8832653617585
610.2512480427757 311.27396213760375
942.4681415082961 764.840123078106
780.0371937101788 707.524051624991
130.66748134765106 276.02997984281365
668.0941202078131 151.8325693420578
94.58579212229922 475.2317526145113
422.6381437285706 982.8597007653974
800.6802936243078 912.3591984398222
981.5769116495129 533.8538953064169
373.8953883835089 226.92275455091925
529.3349933767041 538.5058083787795
369.5684039442757 130.4945987816787
804.1600000103534 220.65335550235378
881.1845738294566 393.2992884709886
230.40412797840514 666.7009884503066
759.8423161686936 509.6767949098252
842.5424274419372 578.3096769899764
694.8109397118221 902.0941048798843
814.9068495648188 903.6121338857196
331.74592411557455 740.3349596555292
357.56272257896813 824.2840556077764
325.44667860407185 512.3466077485707
242.42665650663963 699.969194483878
124.49620244317394 286.8924850032256
57.39699453908598 318.620183570444
363.51063822562236 692.6276716281056
434.0856271159516 262.1953530926079
868.8650047300553 432.648418221272
117.08311690005945 911.866874977811
100.86486649628668 103.8162662915716
336.282393502503 586.1677356329616
0.9579863512421127 284.6636277839312
186.4878753655783 164.08569183520962
181.6094014883105 525.8897795077744
447.67067494393643 199.33431746893183
8.756168757644511 827.513523015276
727.9558298498268 936.4570197366191
508.76636188759073 611.6620769502924
541.3901699227812 851.126409415992
336.00892488126897 606.6040171160929
325.23755776322815 509.3490348185178
899.6081785287193 726.1122945666214
829.3136134313415 35.916903243005116
500.6879064724472 605.4232654207492
836.4170976699746 706.6025142623744
914.7460964280523 996.1603902861888
304.5466694081632 66.05837676015636
492.30667241041823 882.6029843556896
616.0850451672951 69.12535664116749
524.5350224636799 564.0893056141564
473.1622267030422 669.885822198426
502.4977336527321 482.8397611182489
329.25999661809135 273.7599001365899
296.98413253842614 920.4767215165892
672.4806670649303 905.5168392057193
596.2937309480169 570.5753097727967
338.08010357108844 681.362595726571
991.5825910561207 727.7401328836556
949.3402753981935 253.76962744766962
610.7772904578429 388.88220328465286
237.28260547645118 367.9446958801884
313.517271678271 402.4225055956777
468.5311749043163 88.42520534554932
41.77580707695672 378.57299687487523
238.16107145719633 385.79317246521884
433.90269167147824 458.3046710906554
536.0482770882412 557.3515976130684
353.65742837317737 871.6163712356456
192.75117347637482 260.4519584422671
454.20353938503223 948.6140492931077
611.9800248847772 865.1600803265613
339.28737170252344 255.40013127202377
18.21624465822658 345.079657197203
563.0916850053434 707.7604421893947
800.8573343439599 684.5035969031408
426.497241515685 969.4060094206749
261.035690032425 836.028166534618
10.620267292848485 959.6602099274634
584.9981122227172 199.2941574651582
496.4126503822809 44.00783340700476
558.071241550377 679.1908323424873
353.22868727550184 14.269044571683764
521.8204887065062 846.9538705137842
410.02682146764414 636.7325326927099
342.56700500131575 894.3603660659634
770.2900851336912 777.7941554877744
49.05051486794609 570.2134946874721
284.0133128374844 804.185533001255
862.7565170312223 362.893888245811
103.13575982801592 958.5808601322512
907.6236678615383 650.4874066951445
194.0388727431477 11.219445571013065
588.1133850047125 785.6779468182554
630.0406765930222 813.6728696763972
789.840262390278 293.62240549509386
788.0740118860838 522.2550239040921
640.1267999762686 394.53955113946427
209.82668446699836 871.7178933826493
797.4819800708938 938.6479771416705
980.1738830923134 260.3472521058933
233.16827370003878 54.54494139112842
290.32605152941204 652.5728529749011
179.4560447593656 116.39523697921861
260.9771273610567 148.8804114828165
431.38039783023595 761.9466720157988
950.7925129378792 34.83502603209576
217.1487503758497 583.9400291991195
215.827651279461 132.57481618884248
481.92700347501284 544.4421647731034
132.99918181971194 996.8047363995169
266.5754513193506 965.689766303056
241.2745131143208 562.9707433029151
287.2318133588231 865.3832310860353
232.52507138812638 706.820971729755
920.8851158566686 176.8949456926444
931.3346608918806 909.8692100277352
164.97655622918995 181.46345276538756
881.99556415487 984.0851316597282
844.1504318442719 492.38764305241557
205.402011960811 802.1202857863829
954.7101015280301 948.3001922230969
31.754573306335022 389.4506234813019
199.34237359158635 428.5554994510784
262.49004252268224 933.8068341842978
846.9310770408372 163.45890625637648
682.7266920336011 556.7264017888015
248.34657881824506 560.4773695322996
751.9500424355433 845.0820886647731
406.85427857915045 348.62401172643877
823.4949692560325 904.3755778584612
633.8569993160509 748.8251529902723
944.9737799072423 449.00687907170476
800.6192721591525 750.9672929990722
201.53776917214506 151.33964104365683
319.29354377041363 483.3513920078587
78.74001537104014 654.8705885955234
944.3983003418005 843.6451748155278
655.2077793682537 517.9950452244475
695.1621316788493 827.6312151351807
818.1483302987158 279.2386134626713
121.10374935658663 360.22123569195185
180.73863384741827 683.4399573389665
891.5230560532384 104.88177777619534
803.0245262032932 318.73406124626547
877.0837589776177 544.6377932129292
45.90421753402807 278.9218395958447
847.3358693213455 477.7248230976184
400.23370503168474 957.3380094495644
777.7203062465821 52.248254579750466
109.50366955347558 230.50411317626896
270.94748112862874 113.7214029283714
456.46113096839827 20.479843610894388
899.0115856329277 573.3280385524357
626.023291807736 530.6229749204589
821.5274040577302 395.3818402687731
481.2016477540001 674.0473835014928
106.93048235981284 218.06562022067934
922.9077319238828 453.94009979781316
679.3650187139515 911.5301756211624
888.4825019319557 536.7307056938953
227.041220538557 973.6334439671014
399.82098082113316 97.3317265869399
950.0954208051438 395.45521556784814
278.74889127775106 595.5436698895531
256.294720893622 636.3560697919536
872.4376133157466 351.3125461911254
75.24454516526258 924.1497870651835
226.11823864515003 640.13614098733
764.903572943345 437.13939510018986
906.8240654764521 128.2568129550391
133.4623531797253 878.5225450832615
348.53349718409055 660.1481412650376
699.1800479795813 535.828585047757
436.4462070995726 367.6789573423479
85.6467386219455 341.66964473748664
902.1600395679624 520.962507199007
180.93662018618195 275.3270013549114
140.40234196297897 568.4150204512322
141.36828175938632 242.9261245883565
952.8034601310447 56.77751103331008
46.508245261853595 740.3911525544487
844.6018165611121 962.8658545549001
488.20259419029844 281.54497323993667
284.75125043204787 305.44833158362394
711.1906032466591 308.87936315136557
950.780030015711 684.806596517853
624.8364858418987 44.56810657438803
686.2561096757366 631.7926924227809
492.31414377227026 532.6046973005981
564.7062064650469 935.5764916964524
243.55776034085608 214.85618932385918
126.38596388575174 200.65688465502117
274.83881336346326 828.7211828672009
641.5991990693796 325.04071088742694
830.4630858056762 122.65065061172432
795.4401286250137 516.2560903115163
35.27988575652352 321.822744710367
666.0980447097256 835.7641114540538
679.9303572665143 975.1379914432533
939.0340113603834 762.8521022547973
324.5592523267783 206.65553043078566
138.22019524718897 869.0823570535975
296.7870801782424 26.92837580910501
941.3956986116118 611.472519062465
591.9855356698093 605.8996217664911
822.1959726826993 231.16468806915213
824.7940002173601 347.6846433160847
754.5902859657765 704.9305145334406
500.61633809662254 884.0022902157154
630.8151986235748 124.7081403967305
928.6826794269507 511.8402823752395
175.22779569849146 517.8619128403969
712.7741189074593 427.0259221139138
297.1382086617238 600.0349445276493
692.6347686285908 721.857886115414
16.561578817587908 89.29256663134034
998.1191093695458 94.71078532749
554.1379625982178 871.4200550929439
606.9009920432379 850.2994440167461
343.35727491096077 883.9087903639947
79.4540936009972 308.56808575327943
361.50278868749683 952.3311632427346
133.74284186014884 804.4696719854131
498.3892918094549 690.1989602054125
854.7639990911589 823.0608747815661
783.0954386591235 95.88252682613052
405.88511503654365 235.76255440078597
847.6082335978991 74.33507638661708
612.6603047425417 874.1867095733155
770.9585957462492 66.89894215617898
545.3026786504192 568.2813256650131
61.131868471395066 757.7673665214546
154.30186183958781 270.67515938118646
163.1038383808957 782.229056826576
321.6936284456704 330.63378230046214
666.4356688001508 86.4491981593719
889.6935108418245 765.4878708349527
793.5784752723727 537.2200226175737
75.85057345243473 304.3995755872314
952.4726156043096 89.89177208397791
932.6489644782251 607.8803901321453
810.2197501275621 730.7579531849509
22.8418806342765 298.3497041155733
725.317581244919 328.1582087702031
186.36764676696782 941.9239100812764
325.6267534983741 837.4649960528933
679.4978298214488 17.994926025087565
810.4172943646796 147.07749318944428
348.6680067924217 699.4558963812316
773.2583070447783 507.15858248558897
563.0474617600257 293.71167556189306
734.2514123118082 84.13927836326774
528.8235857588284 492.80810750231274
964.3019976692254 345.8238830610996
728.7941071461571 165.21949291364314
413.4730246674384 896.8693622786311
693.9498147793801 255.9943532919734
11.356887631780776 232.68564776737
933.3050803547225 724.0792103131997
423.24161694571484 560.9293954582538
12.481709568367583 880.9765507350777
673.9791448531479 341.51121521645086
134.23401488020025 277.26111843757985
450.724534805979 261.0347616663049
404.12274601525934 985.899861625707
460.623764392056 246.03696139273902
791.223917577956 601.6115205905642
749.9104036328431 515.8352067396968
861.150683526181 51.029709799267245
684.3222735826494 341.37697960196846
919.4088933568339 214.74317141312395
670.0183121714923 970.3596964368592
878.4437686540382 242.89252431339548
713.4397905335436 828.4895541525943
137.08185467353474 810.693056751636
868.1589628805574 392.1339868043639
2.8021141378505865 193.69843786441666
674.0746331573387 606.8435970344453
954.2416707541458 299.57415453696234
146.71307397235577 634.4817570802915
210.2909966500335 524.3932644383905
804.9720708858317 34.66698263756529
773.9680622384478 56.60007326185956
371.01746570331875 205.08979128600535
219.61187099417356 820.0131587515199
591.1723591529512 229.17813788455865
419.0607765420824 895.6545857732268
728.1291038660469 747.6755080591913
379.6504491545685 195.49686962268686
214.6821473888594 508.0055975741521
453.1220972898411 519.2006037474074
697.0449306241336 437.0810151876331
620.040077705788 204.4396048154843
388.70417254701294 938.825518528618
233.8163770067544 572.7927420484006
134.94130681242177 327.71755345871634
484.4594573883854 347.8903312117853
247.80518749331583 972.479910798189
377.0717981674255 682.1604390341402
305.77835014614874 802.5146354380773
563.1735562635623 279.55005038825055
536.1521757884769 718.8317329586238
958.1326008367154 380.1435428992621
783.1801999195794 244.36164009338955
25.39954977721548 270.2005115179159
536.8604906662989 174.10160585685742
791.7843300855167 66.7592599069392
234.76325198341686 823.0444974918715
446.95389154207146 84.2404554850762
406.25110241880134 986.8914429699271
938.7630063812721 774.6430960795478
772.8164190252068 579.847339644034
837.8274301450361 215.0896190281757
915.7977801598444 236.46009696890147
437.75094148444606 663.1410473847994
0.2319498105551876 485.92649222011187
315.2516934937828 879.3583103081367
981.2698633791932 66.2149961930576
269.7981559747246 328.908271265673
598.5983855655746 498.6265758318158
103.26287854188942 685.9838504800824
231.88421859934493 420.76138952124666
559.9866896447729 545.6124469456192
229.95435346089786 937.587074028616
399.17953911544134 249.05731162378132
447.94449281117863 514.7000235823722
181.826178777325 326.82383314106943
96.60861531184217 481.6327620115011
446.08733819191525 148.4934631075273
7.953710848703777 462.27913824585255
583.8480737633344 119.50080767098315
150.85593803040575 0.18181937663519498
149.7886211066528 190.09562803491121
929.1312862363527 911.9530567466163
783.7396070885155 78.51438204535776
454.2232623822433 98.31282807365416
200.7464619653182 764.8438447778206
788.0383281795096 741.3955304079243
966.2290857137957 486.22350619054833
519.2369026267196 864.1775756673236
453.532033539502 775.9147758150585
360.1144831955343 638.2352317668842
560.7018805233353 178.35321874029165
515.1984315560984 953.6070454551107
176.71175140221652 736.3024883846357
984.6187647604335 342.55832248475394
655.1588057668081 161.6448177961396
832.97441050988 352.9743058848238
590.6854522752052 145.0890320731405
681.5231058215842 907.0369714884517
686.5250663625559 424.92140667976685
8.238822762585475 995.5772152050463
709.834746510826 884.3399736733751
964.3368380057125 682.8181000859794
337.0367335797845 605.5497120994025
779.3256969418712 916.6414009047637
446.34007704232135 826.8136778032388
551.453970394714 531.6736304220473
555.5640074292075 688.9693561265922
234.48936410366073 127.58759770311644
14.123844327712076 126.46518520413474
407.6283237542745 192.87572335270798
895.8153868940058 916.205912604825
327.8695431468903 388.39031839946716
548.1618277505802 807.5696708584894
267.36053235655964 903.0882507981765
194.49239357700642 470.3135996426789
975.7014217885043 539.79922433173
579.1147509589059 196.62650932328174
870.4828145139797 865.8333140253374
298.66853171475185 902.5245415494738
860.848142221481 39.42574561137035
240.06661397350382 176.7304001950999
609.0295098006841 855.7937387827255
369.4313625147072 615.2424808258629
255.36886469346499 494.918408369322
996.0127304363097 363.959982794006
248.33666167601342 397.232975417371
724.6950238519488 953.3091302836367
567.5764706122166 673.7049764981872
829.3468838277671 239.36437121737575
28.30110783831752 267.7351136661742
778.4529225031221 806.8549912578025
685.8692389685232 26.568406931768095
411.768274861079 822.2187647877058
947.4422201124913 425.65439400538816
827.3804214236693 321.1016089253856
253.9886977840756 891.8639546055001
991.4498103148125 533.6913678091828
811.0393808286436 936.2301498155502
437.28287374443045 861.3528674103935
62.38104242913101 509.8284475673579
650.7954173758768 540.422253563098
200.89404021071255 474.36025753440913
247.17933316135986 949.025523846727
73.04855020455348 46.28185939298557
655.0758140984143 99.97864771266363
485.6173129345339 354.93114498818824
906.673949748214 771.7295345327922
218.94018199094623 598.3515489254621
868.0640605263662 61.55916724569765
66.06645786568177 332.1207975081755
920.4443022758779 376.5726657722425
516.6081833560264 601.7051954345609
729.9005034056613 17.79867804453239
450.0913108738037 506.844141155673
450.05974080172984 233.30369979556897
37.771084436953316 721.7372455002769
881.7581834451815 809.5723957906173
651.9212847308057 894.4933777600191
805.5074546702201 446.10693057264115
62.43523842695342 129.2947339099896
821.2265929592542 96.69182283365984
752.2859958216795 298.02318806776606
31.280614316320012 307.2584890540806
773.6246664478714 420.901042138397
707.432537147478 380.85663009036017
364.000067835098 570.1394160653023
857.7908521583839 757.0707889052097
979.1717889068982 200.62868401075073
747.7895776565942 239.86663553520359
231.2978206386137 323.368155217578
207.22370366607868 845.6378326433363
218.60102247421455 797.8593212795357
689.5161699636549 451.7258305698196
200.8750832121904 37.40149747088017
884.965472594598 8.178709852360466
880.8635203964177 687.3655962429306
548.3331613132056 375.89984641750686
645.6124145702813 104.12318466446658
271.51527554066377 320.70033104112196
526.3158031778565 408.6623994893008
509.88057483698725 670.6957240328736
798.3069071322518 603.3141082592899
779.5724889827877 809.3579487999174
168.13900978037333 497.31674170547245
290.81990747107943 999.2206354545298
882.3786984168768 549.2844143441431
324.9887118274721 851.4854650566464
300.656938264923 756.094519688788
613.0729251038233 886.3959893204134
188.54254037719642 903.5563008552515
821.653326003098 987.8363359727136
716.0384379418894 967.5457170253192
575.8931601995168 35.45825920441692
271.4023763399174 38.31576185255348
52.87040702972068 113.20322688910855
156.33809323620363 52.1593249280794
468.25941794347546 98.28670177695741
908.3663517875856 665.225347652046
576.3885426284031 969.5227197188677
677.2502231966855 629.1802270854977
283.6562648605193 482.62266444247126
14.483217726648622 401.56616661888046
