30
520.2218574295887 957.8429875615998
501.0344529490298 370.1170617420485
911.8943575028919 801.5152946744322
958.5603085529688 858.2739452954545
22.4144744894047 930.7955512886687
405.9912728804128 531.6131632705849
190.94286224647894 529.3220854423417
865.9487965569274 39.86424780066222
836.0012704998531 106.14337493738412
671.1021791833416 83.34603864815693
878.8268187974036 677.9290881151021
64.66037644165745 527.7175456185662
856.9106832763994 725.4554880530222
516.7286163804675 22.571565824173746
404.8035987380061 560.3377959623379
636.3851835898099 594.7101067513395
302.8115812939786 497.12651592506273
901.1965449412887 433.7215129779609
837.8732013321343 435.438256613348
470.58824059384364 509.1745698778777
842.981467850485 602.4142646233679
355.41068061804947 981.4435259462826
945.1412274768783 679.1825224529723
520.4157277324801 315.02263531815976
873.65067066379 782.318454504908
862.8695568837807 110.29668422084438
508.7301245314174 143.28110944808492
485.8680561274591 915.8251565240523
215.3714750367236 548.8662778818831
375.74812228014673 639.9166866760073
