395.17001050626556 767.6264468832828
125.78537460017203 811.0493378793551
850.7320847703602 791.6520940094497
944.6195733863797 797.6459313627636
357.7191635319264 611.5293937598349
186.99806807751506 27.52473362644503
513.0176497187522 52.300428980547096
891.9389155873587 998.9376408153297
32.686355340148744 489.0691670634808
141.4820380244809 741.6211942300997
887.0358292082093 224.37585319839403
45.90437251856117 232.2360916406262
866.5303891206786 582.2817309461216
298.03752078181986 699.8616916843595
65.22601427303853 850.6953810954668
924.4237620615389 298.5039980150748
103.37616818926354 7.334407044821356
433.0756031363796 665.9950365960788
592.6479965050302 811.5699821578293
886.8727211545613 266.4270245492192
141.60327630115376 399.7944708993304
383.07127191927736 818.3398739466752
917.7400028942054 727.2345846391371
564.7664324920534 51.30699100486646
130.14717638311 724.6119183763574
528.4227277710534 72.42362830634785
473.04514472982873 9.69267253186279
808.7697243087532 343.1778071125382
456.98633320077056 834.0464366556798
958.3270797674247 247.380314502626
