10 0
20 0
30 0
40 0
50 0
60 0.581924
70 0.581924
80 0.917158
90 0.917158
100 0.917158
110 1.43755
120 1.94391
130 2.73014
140 3.01388
150 3.01388
160 3.01388
170 3.01388
180 3.45209
190 3.45209
200 4.29654
210 4.29654
220 4.29654
230 4.29654
240 4.29654
250 5.11111
260 5.11111
270 4.80092
280 4.80092
290 5.11111
300 5.11111
310 5.61548
320 5.61548
330 5.61548
340 5.61548
350 5.61548
360 5.61548
370 5.61548
380 6.07249
390 6.07249
400 5.56811
410 5.56811
420 5.56811
430 5.56811
440 5.56811
450 5.56811
460 5.56811
470 6.03218
480 6.03218
490 6.03218
500 6.03218
510 6.03218
520 6.03218
530 6.03218
540 6.03218
550 6.03218
560 6.03218
570 6.2883
580 6.93095
590 6.93095
600 6.93095
610 6.93095
620 6.93095
630 6.93095
640 6.93095
650 6.93095
660 6.93095
670 6.93095
680 6.93095
690 6.93095
700 6.93095
710 6.93095
720 6.93095
730 6.93095
740 6.93095
750 6.93095
760 7.45734
770 7.45734
780 7.45734
790 8.02352
800 8.02352
810 8.02352
820 8.02352
830 8.02352
840 8.02352
850 8.02352
860 8.02352
870 8.02352
880 8.02352
890 8.02352
900 8.02352
910 8.02352
920 8.02352
930 8.02352
940 8.02352
950 8.02352
960 8.02352
970 8.60695
980 8.60695
990 8.60695
1000 8.60695
1010 8.60695
1020 8.60695
1030 8.60695
1040 8.60695
1050 8.60695
1060 8.60695
1070 8.60695
1080 8.60695
1090 8.60695
1100 8.60695
1110 8.60695
1120 8.60695
1130 8.60695
1140 8.60695
1150 8.60695
1160 8.60695
1170 8.60695
1180 8.60695
1190 8.60695
1200 8.60695
1210 8.60695
1220 8.60695
1230 8.60695
1240 8.60695
1250 8.60695
1260 8.60695
1270 8.60695
1280 8.60695
1290 8.60695
1300 8.60695
1310 8.60695
1320 8.60695
1330 8.60695
1340 8.60695
1350 8.60695
1360 8.60695
1370 8.60695
1380 8.60695
1390 8.60695
1400 8.60695
1410 8.60695
1420 8.60695
1430 8.60695
1440 8.60695
1450 8.60695
1460 8.60695
1470 8.60695
1480 8.60695
1490 8.60695
1500 8.60695
1510 8.60695
1520 8.60695
1530 8.60695
1540 8.60695
1550 8.60695
1560 8.60695
1570 8.76542
1580 8.76542
1590 8.76542
1600 8.76542
1610 8.76542
1620 8.76542
1630 8.76542
1640 8.76542
1650 8.76542
1660 8.76542
1670 8.76542
1680 8.76542
1690 8.76542
1700 8.76542
1710 8.76542
1720 8.76542
1730 8.76542
1740 8.76542
1750 8.76542
1760 8.76542
1770 8.76542
1780 8.76542
1790 8.76542
1800 8.76542
1810 8.76542
1820 8.76542
1830 8.76542
1840 8.76542
1850 8.76542
1860 8.76542
1870 8.76542
1880 8.76542
1890 8.76542
1900 8.76542
1910 8.76542
1920 8.76542
1930 8.76542
1940 8.76542
1950 8.76542
1960 8.76542
1970 8.76542
1980 8.76542
1990 8.76542
2000 8.76542
2010 8.76542
2020 8.76542
2030 8.76542
2040 8.76542
2050 8.76542
2060 8.76542
2070 8.76542
2080 8.76542
2090 8.76542
2100 8.76542
2110 8.76542
2120 8.76542
2130 8.76542
2140 8.76542
2150 8.76542
2160 8.76542
2170 8.76542
2180 8.76542
2190 8.76542
2200 8.76542
2210 8.76542
2220 8.76542
2230 8.76542
2240 8.76542
2250 8.76542
2260 8.76542
2270 8.76542
2280 8.76542
2290 8.76542
2300 8.76542
2310 8.76542
2320 8.76542
2330 8.76542
2340 8.76542
2350 8.76542
2360 8.76542
2370 8.76542
2380 8.76542
2390 8.76542
2400 8.76542
2410 8.76542
2420 8.76542
2430 8.76542
2440 8.76542
2450 8.76542
2460 8.76542
2470 8.76542
2480 8.76542
2490 8.76542
2500 8.76542
2510 8.76542
2520 8.76542
2530 8.76542
2540 8.76542
2550 8.76542
2560 8.76542
2570 8.76542
2580 8.76542
2590 8.76542
2600 8.76542
2610 8.76542
2620 8.76542
2630 8.76542
2640 8.76542
2650 8.76542
2660 8.76542
2670 8.76542
2680 8.76542
2690 8.76542
2700 8.76542
2710 8.76542
2720 8.76542
2730 8.76542
2740 8.76542
2750 8.76542
2760 8.76542
2770 8.76542
2780 8.76542
2790 8.76542
2800 8.76542
2810 8.76542
2820 8.76542
2830 8.76542
2840 8.76542
2850 8.76542
2860 8.76542
2870 8.76542
2880 8.76542
2890 8.76542
2900 8.76542
2910 8.76542
2920 8.76542
2930 8.76542
2940 8.76542
2950 8.76542
2960 8.76542
2970 8.76542
2980 8.76542
2990 8.76542
3000 8.76542
3010 8.76542
3020 8.76542
3030 8.76542
3040 8.76542
3050 8.76542
3060 8.76542
3070 8.76542
3080 8.76542
3090 8.76542
3100 8.76542
3110 8.76542
3120 8.76542
3130 8.76542
3140 8.76542
3150 8.76542
3160 8.76542
3170 8.76542
3180 8.76542
3190 8.76542
3200 8.76542
3210 8.76542
3220 8.76542
3230 8.76542
3240 8.76542
3250 8.76542
3260 8.76542
3270 8.76542
3280 8.76542
3290 8.76542
3300 8.76542
3310 8.76542
3320 8.76542
3330 8.76542
3340 8.76542
3350 8.76542
3360 8.76542
3370 8.76542
3380 8.76542
3390 8.76542
3400 8.76542
3410 8.76542
3420 8.76542
3430 8.76542
3440 8.76542
3450 8.76542
3460 8.76542
3470 8.76542
3480 8.76542
3490 8.76542
3500 8.76542
3510 8.76542
3520 8.76542
3530 8.76542
3540 8.76542
3550 8.76542
3560 8.76542
3570 8.76542
3580 8.76542
3590 8.76542
3600 8.76542
3610 8.76542
3620 8.76542
3630 8.76542
3640 8.76542
3650 8.76542
3660 8.76542
3670 8.76542
3680 8.76542
3690 8.76542
3700 8.76542
3710 8.76542
3720 8.76542
3730 8.76542
3740 8.76542
3750 8.76542
3760 8.76542
3770 8.76542
3780 8.76542
3790 8.76542
3800 8.76542
3810 8.76542
3820 8.76542
3830 8.76542
3840 8.76542
3850 8.76542
3860 8.76542
3870 8.76542
3880 8.76542
3890 8.76542
3900 8.76542
3910 8.76542
3920 8.76542
3930 8.76542
3940 8.76542
3950 8.76542
3960 8.76542
3970 8.76542
3980 8.76542
3990 8.76542
4000 8.76542
4010 8.76542
4020 8.76542
4030 8.76542
4040 8.76542
4050 8.76542
4060 8.76542
4070 8.76542
4080 8.76542
4090 8.76542
4100 8.76542
4110 8.76542
4120 8.76542
4130 8.76542
4140 8.76542
4150 8.76542
4160 8.76542
4170 8.76542
4180 8.76542
4190 8.76542
4200 8.76542
4210 8.76542
4220 8.76542
4230 8.76542
4240 8.76542
4250 8.76542
4260 8.76542
4270 8.76542
4280 8.76542
4290 8.76542
4300 8.76542
4310 8.76542
4320 8.76542
4330 8.76542
4340 8.76542
4350 8.76542
4360 8.76542
4370 8.76542
4380 8.76542
4390 8.76542
4400 8.76542
4410 8.76542
4420 8.76542
4430 8.76542
4440 8.76542
4450 8.76542
4460 8.76542
4470 8.76542
4480 8.76542
4490 8.76542
4500 8.76542
4510 8.76542
4520 8.76542
4530 8.76542
4540 8.76542
4550 8.76542
4560 8.76542
4570 8.76542
4580 8.76542
4590 8.76542
4600 8.76542
4610 8.76542
4620 8.76542
4630 8.76542
4640 8.76542
4650 8.76542
4660 8.76542
4670 8.76542
4680 8.76542
4690 8.76542
4700 8.76542
4710 8.76542
4720 8.76542
4730 8.76542
4740 8.76542
4750 8.76542
4760 8.76542
4770 8.76542
4780 8.76542
4790 8.76542
4800 8.76542
4810 8.76542
4820 8.76542
4830 8.76542
4840 8.76542
4850 8.76542
4860 8.76542
4870 8.76542
4880 8.76542
4890 8.76542
4900 8.76542
4910 8.76542
4920 8.76542
4930 8.76542
4940 8.76542
4950 8.76542
4960 8.76542
4970 8.76542
4980 8.76542
4990 8.76542
5000 8.76542
5010 8.76542
5020 8.76542
5030 8.76542
5040 8.76542
5050 8.76542
5060 8.76542
5070 8.76542
5080 8.76542
5090 8.76542
5100 8.76542
5110 8.76542
5120 8.76542
5130 8.76542
5140 8.76542
5150 8.76542
5160 8.76542
5170 8.76542
5180 8.76542
5190 8.76542
5200 8.76542
5210 8.76542
5220 8.76542
5230 8.76542
5240 8.76542
5250 8.76542
5260 8.76542
5270 8.76542
5280 8.76542
5290 8.76542
5300 8.76542
5310 8.76542
5320 8.76542
5330 8.76542
5340 8.76542
5350 8.76542
5360 8.76542
5370 8.76542
5380 8.76542
5390 8.76542
5400 8.76542
5410 8.76542
5420 8.76542
5430 8.76542
5440 8.76542
5450 8.76542
5460 8.76542
5470 8.76542
5480 8.76542
5490 8.76542
5500 8.76542
5510 8.76542
5520 8.76542
5530 8.76542
5540 8.76542
5550 8.76542
5560 8.76542
5570 8.76542
5580 8.76542
5590 8.76542
5600 8.76542
5610 8.76542
5620 8.76542
5630 8.76542
5640 8.76542
5650 8.76542
5660 8.76542
5670 8.76542
5680 8.76542
5690 8.76542
5700 8.76542
5710 8.76542
5720 8.76542
5730 8.76542
5740 8.76542
5750 8.76542
5760 8.76542
5770 8.76542
5780 8.76542
5790 8.76542
5800 8.76542
5810 8.76542
5820 8.76542
5830 8.76542
5840 8.76542
5850 8.76542
5860 8.76542
5870 8.76542
5880 8.76542
5890 8.76542
5900 8.76542
5910 8.76542
5920 8.76542
5930 8.76542
5940 8.76542
5950 8.76542
5960 8.76542
5970 8.76542
5980 8.76542
5990 8.76542
6000 8.76542
6010 8.76542
6020 8.76542
6030 8.76542
6040 8.76542
6050 8.76542
6060 8.76542
6070 8.76542
6080 8.76542
6090 8.76542
6100 8.76542
6110 8.76542
6120 8.76542
6130 8.76542
6140 8.76542
6150 8.76542
6160 8.76542
6170 8.76542
6180 8.76542
6190 8.76542
6200 8.76542
6210 8.76542
6220 8.76542
6230 8.76542
6240 8.76542
6250 8.76542
6260 8.76542
6270 8.76542
6280 8.76542
6290 8.76542
6300 8.76542
6310 8.76542
6320 8.76542
6330 8.76542
6340 8.76542
6350 8.76542
6360 8.76542
6370 8.76542
6380 8.76542
6390 8.76542
6400 8.76542
6410 8.76542
6420 8.76542
6430 8.76542
6440 8.76542
6450 8.76542
6460 8.76542
6470 8.76542
6480 8.76542
6490 8.76542
6500 8.76542
6510 8.76542
6520 8.76542
6530 8.76542
6540 8.76542
6550 8.76542
6560 8.76542
6570 8.76542
6580 8.76542
6590 8.76542
6600 8.76542
6610 8.76542
6620 8.76542
6630 8.76542
6640 8.76542
6650 8.76542
6660 8.76542
6670 8.76542
6680 8.76542
6690 8.76542
6700 8.76542
6710 8.76542
6720 8.76542
6730 8.76542
6740 8.76542
6750 8.76542
6760 8.76542
6770 8.76542
6780 8.76542
6790 8.76542
6800 8.76542
6810 8.76542
6820 8.76542
6830 8.76542
6840 8.76542
6850 8.76542
6860 8.76542
6870 8.76542
6880 8.76542
6890 8.76542
6900 8.76542
6910 8.76542
6920 8.76542
6930 8.76542
6940 8.76542
6950 8.76542
6960 8.76542
6970 8.76542
6980 8.76542
6990 8.76542
7000 8.76542
7010 8.76542
7020 8.76542
7030 8.76542
7040 8.76542
7050 8.76542
7060 8.76542
7070 8.76542
7080 8.76542
7090 8.76542
7100 8.76542
7110 8.76542
7120 8.76542
7130 8.76542
7140 8.76542
7150 8.76542
7160 8.76542
7170 8.76542
7180 8.76542
7190 8.76542
7200 8.76542
7210 8.76542
7220 8.76542
7230 8.76542
7240 8.76542
7250 8.76542
7260 8.76542
7270 8.76542
7280 8.76542
7290 8.76542
7300 8.76542
7310 8.76542
7320 8.76542
7330 8.76542
7340 8.76542
7350 8.76542
7360 8.76542
7370 8.76542
7380 8.76542
7390 8.76542
7400 8.76542
7410 8.76542
7420 8.76542
7430 8.76542
7440 8.76542
7450 8.76542
7460 8.76542
7470 8.76542
7480 8.76542
7490 8.76542
7500 8.76542
7510 8.76542
7520 8.76542
7530 8.76542
7540 8.76542
7550 8.76542
7560 8.76542
7570 8.76542
7580 8.76542
7590 8.76542
7600 8.76542
7610 8.76542
7620 8.76542
7630 8.76542
7640 8.76542
7650 8.76542
7660 8.76542
7670 8.76542
7680 8.76542
7690 8.76542
7700 8.76542
7710 8.76542
7720 8.76542
7730 8.76542
7740 8.76542
7750 8.76542
7760 8.76542
7770 8.76542
7780 8.76542
7790 8.76542
7800 8.76542
7810 8.76542
7820 8.76542
7830 8.76542
7840 8.76542
7850 8.76542
7860 8.76542
7870 8.76542
7880 8.76542
7890 8.76542
7900 8.76542
7910 8.76542
7920 8.76542
7930 8.76542
7940 8.76542
7950 8.76542
7960 8.76542
7970 8.76542
7980 8.76542
7990 8.76542
8000 8.76542
8010 8.76542
8020 8.76542
8030 8.76542
8040 8.76542
8050 8.76542
8060 8.76542
8070 8.76542
8080 8.76542
8090 8.76542
8100 8.76542
8110 8.76542
8120 8.76542
8130 8.76542
8140 8.76542
8150 8.76542
8160 8.76542
8170 8.76542
8180 8.76542
8190 8.76542
8200 8.76542
8210 8.76542
8220 8.76542
8230 8.76542
8240 8.76542
8250 8.76542
8260 8.76542
8270 8.76542
8280 8.76542
8290 8.76542
8300 8.76542
8310 8.76542
8320 8.76542
8330 8.76542
8340 8.76542
8350 8.76542
8360 8.76542
8370 8.76542
8380 8.76542
8390 8.76542
8400 8.76542
8410 8.76542
8420 8.76542
8430 8.76542
8440 8.76542
8450 8.76542
8460 8.76542
8470 8.76542
8480 8.76542
8490 8.76542
8500 8.76542
8510 8.76542
8520 8.76542
8530 8.76542
8540 8.76542
8550 8.76542
8560 8.76542
8570 8.76542
8580 8.76542
8590 8.76542
8600 8.76542
8610 8.76542
8620 8.76542
8630 8.76542
8640 8.76542
8650 8.76542
8660 8.76542
8670 8.76542
8680 8.76542
8690 8.76542
8700 8.76542
8710 8.76542
8720 8.76542
8730 8.76542
8740 8.76542
8750 8.76542
8760 8.76542
8770 8.76542
8780 8.76542
8790 8.76542
8800 8.76542
8810 8.76542
8820 8.76542
8830 8.76542
8840 8.76542
8850 8.76542
8860 8.76542
8870 8.76542
8880 8.76542
8890 8.76542
8900 8.76542
8910 8.76542
8920 8.76542
8930 8.76542
8940 8.76542
8950 8.76542
8960 8.76542
8970 8.76542
8980 8.76542
8990 8.76542
9000 8.76542
9010 8.76542
9020 8.76542
9030 8.76542
9040 8.76542
9050 8.76542
9060 8.76542
9070 8.76542
9080 8.76542
9090 8.76542
9100 8.76542
9110 8.76542
9120 8.76542
9130 8.76542
9140 8.76542
9150 8.76542
9160 8.76542
9170 8.76542
9180 8.76542
9190 8.76542
9200 8.76542
9210 8.76542
9220 8.76542
9230 8.76542
9240 8.76542
9250 8.76542
9260 8.76542
9270 8.76542
9280 8.76542
9290 8.76542
9300 8.76542
9310 8.76542
9320 8.76542
9330 8.76542
9340 8.76542
9350 8.76542
9360 8.76542
9370 8.76542
9380 8.76542
9390 8.76542
9400 8.76542
9410 8.76542
9420 8.76542
9430 8.76542
9440 8.76542
9450 8.76542
9460 8.76542
9470 8.76542
9480 8.76542
9490 8.76542
9500 8.76542
9510 8.76542
9520 8.76542
9530 8.76542
9540 8.76542
9550 8.76542
9560 8.76542
9570 8.76542
9580 8.76542
9590 8.76542
9600 8.76542
9610 8.76542
9620 8.76542
9630 8.76542
9640 8.76542
9650 8.76542
9660 8.76542
9670 8.76542
9680 8.76542
9690 8.76542
9700 8.76542
9710 8.76542
9720 8.76542
9730 8.76542
9740 8.76542
9750 8.76542
9760 8.76542
9770 8.76542
9780 8.76542
9790 8.76542
9800 8.76542
9810 8.76542
9820 8.76542
9830 8.76542
9840 8.76542
9850 8.76542
9860 8.76542
9870 8.76542
9880 8.76542
9890 8.76542
9900 8.76542
9910 8.76542
9920 8.76542
9930 8.76542
9940 8.76542
9950 8.76542
9960 8.76542
9970 8.76542
9980 8.76542
9990 8.76542
10000 8.76542
