0 1613
1 2005
2 0
3 1211
4 1455
5 394
6 412
7 1358
8 1820
9 1932
10 1137
11 266
12 1422
13 959
15 639
16 508
17 645
18 246
19 2178
20 1976
21 37
22 2167
23 2175
24 716
25 1025
26 1716
27 1577
28 1688
29 1331
30 52
31 2403
32 7
33 428
34 2305
35 2251
36 2459
37 1755
38 1789
39 2060
40 1079
41 1685
42 273
43 1199
44 971
45 711
46 1565
47 2195
48 440
49 2229
50 1550
51 1235
52 2343
53 83
54 936
55 1961
56 221
56 891
56 1318
56 2393
57 174
58 703
59 785
60 2383
61 2422
63 584
63 825
63 1901
63 2168
63 2331
64 225
65 1847
66 378
67 967
67 1224
68 802
69 1196
70 533
71 2218
72 669
73 2374
74 45
75 657
76 517
77 2497
78 874
79 1609
80 1208
81 2071
83 278
85 821
86 1370
87 1554
88 2233
89 1460
90 977
91 797
92 134
93 1434
94 433
95 2268
96 1738
97 1291
98 1128
99 1995
100 1675
101 1605
102 131
103 2133
104 1895
105 2146
106 1562
107 1617
108 828
109 1572
110 777
111 2051
112 1668
113 1202
114 1509
115 2464
116 1297
117 420
118 73
119 543
120 1209
121 906
122 2015
123 366
124 2495
125 256
126 1737
127 918
128 228
129 2278
130 608
132 734
133 602
134 1579
135 5
136 59
137 1236
138 795
139 964
139 1832
140 981
141 549
142 2097
144 2252
145 447
146 1264
147 1453
148 1889
149 1238
150 94
151 392
152 681
153 2382
154 105
156 1442
157 559
158 1514
159 1326
160 2171
161 159
162 2294
163 2230
164 1919
165 1583
166 2330
167 1839
168 210
169 4
170 1830
171 1022
172 1948
173 432
174 1553
175 464
176 49
177 819
178 1781
179 2498
180 1342
181 1616
182 1975
183 2470
184 1131
185 1163
187 2134
188 972
189 2431
190 1438
191 410
192 473
193 1275
194 1669
195 288
196 400
197 1378
198 403
199 355
200 1518
201 232
202 470
203 459
204 2245
205 1731
206 2201
207 1721
208 2164
209 545
210 1217
211 2025
212 181
213 2366
214 1768
215 1808
216 1631
217 1011
218 234
219 581
220 1425
221 46
222 634
224 6
225 2476
226 1772
227 790
227 1341
228 2315
229 1407
230 471
231 1372
232 2054
233 1398
234 1711
235 294
236 1954
237 1014
238 1949
239 600
240 2150
241 208
242 631
243 2038
244 48
245 1263
246 297
247 2391
248 524
249 386
249 679
250 1681
251 261
252 1410
254 1271
255 1587
256 1424
256 2156
257 341
258 876
259 955
260 1207
261 1278
262 300
263 2092
264 1165
265 1713
265 1935
266 1723
267 1366
268 1444
269 2384
270 1898
271 1169
272 1596
273 435
274 1700
275 1258
276 836
277 1811
278 1846
279 1707
281 1512
282 298
283 111
284 2283
285 2073
286 580
287 1333
288 206
289 413
290 494
291 100
291 638
292 1030
293 196
294 746
295 1939
296 635
297 504
298 1371
299 1929
300 1780
301 209
302 1794
303 1480
304 293
305 1108
306 686
307 431
308 1218
309 200
310 2484
311 2475
313 2410
314 2142
315 1482
316 1497
317 1476
318 1836
319 569
320 935
321 1076
322 263
323 845
324 1320
325 1774
326 2482
327 2046
328 2239
329 1784
330 2352
331 1764
332 2441
333 396
334 2454
335 57
336 35
338 840
339 1289
340 318
341 1812
342 675
342 1970
343 926
344 1643
345 1350
346 2496
347 2185
348 2186
349 862
349 1277
350 2452
351 859
352 2242
353 2316
354 211
355 927
356 2303
357 2430
358 841
359 1677
360 213
361 2306
362 2094
363 237
364 499
365 1714
367 1105
368 1340
369 834
371 2127
373 480
374 436
375 1940
376 280
377 1459
378 260
379 2420
380 290
381 414
381 1078
382 622
383 1699
384 894
385 1179
386 1667
388 1464
389 1073
390 570
391 767
392 2494
393 1563
394 2026
395 1938
396 442
397 1558
398 2226
399 1580
400 661
401 2087
402 247
403 772
404 1416
405 1637
405 1767
406 1745
407 835
408 1058
409 1892
410 1849
411 2466
412 1674
413 620
414 1045
415 460
416 662
416 2174
417 748
418 961
420 629
421 2453
422 2310
423 760
424 1903
425 2440
426 1122
427 198
428 367
429 680
431 1299
432 16
433 2444
434 2254
435 89
435 755
435 1344
435 1578
436 1052
437 1962
438 2329
439 155
440 1602
441 2119
442 1982
443 940
444 1101
445 1018
446 764
447 2052
448 2247
449 2140
450 2020
451 1113
452 2108
453 567
454 2318
455 2323
456 676
457 1203
458 216
459 651
460 345
461 1541
462 753
463 1953
463 2259
464 1610
465 2266
466 65
466 425
466 649
466 1197
466 1313
466 1327
466 1607
466 1750
466 1798
466 2307
467 1040
468 329
469 1172
470 2076
472 1115
473 630
474 3
475 529
476 757
477 2491
478 857
479 1017
480 461
481 1183
483 1136
484 990
485 1029
486 2344
487 264
488 672
489 1452
490 1355
491 2192
492 113
493 2027
494 1374
495 1335
496 61
497 1927
499 67
500 1223
501 1763
503 726
504 838
505 2163
506 1678
507 507
508 2041
509 561
510 1093
511 850
513 2339
514 1870
515 816
516 1650
517 743
518 217
519 511
520 1475
521 2116
523 476
524 1160
525 1770
526 1032
528 81
528 780
528 1091
529 1664
530 983
531 1495
532 1405
533 1906
534 2379
535 1364
536 160
537 1064
538 2458
540 1758
541 23
542 1301
543 404
544 1
545 429
545 1282
546 242
547 1902
548 915
549 121
551 2003
552 2035
553 2358
554 1642
555 2115
556 1439
557 1147
558 587
559 1390
561 958
562 1143
563 475
564 854
565 361
566 1012
567 614
568 1676
569 36
570 848
571 245
572 820
573 1915
574 1958
575 2037
577 2302
578 2006
579 1986
580 139
581 732
582 1627
583 2177
584 953
585 2033
586 241
587 984
588 2031
589 2173
591 137
592 1521
593 718
594 1116
595 492
596 829
597 2188
599 897
600 754
602 1356
603 1639
604 1024
606 1890
607 1265
608 1652
609 1492
610 2409
611 1894
612 2388
613 441
615 2062
616 1814
617 1316
618 1021
620 1321
621 2376
622 2276
623 728
624 1740
625 576
626 1417
628 2155
629 913
630 1651
631 1928
632 426
633 2414
634 1242
635 642
636 1877
637 1805
638 1555
639 154
639 445
640 1511
641 62
642 1893
643 582
644 2467
645 1328
646 126
648 1623
649 491
650 1441
651 78
652 1530
653 1215
655 2050
656 66
657 1634
658 627
659 1816
660 1031
661 551
662 1937
664 346
666 1867
667 370
668 295
668 299
668 390
668 671
668 1294
668 1516
668 1641
668 1691
669 90
671 391
672 1526
673 733
674 1860
675 1283
677 1728
678 1864
679 214
680 886
681 116
682 1908
684 707
685 227
686 1835
687 1312
688 2240
689 58
690 2248
691 2360
692 282
693 873
694 374
695 2204
696 763
697 2029
698 1548
699 2437
700 2289
701 1735
702 2205
703 2241
704 169
705 161
706 2061
707 2137
708 267
709 453
710 731
711 1828
712 2371
713 454
714 509
715 701
716 1206
717 1654
718 323
719 1148
720 2321
721 469
722 2478
723 2004
724 477
725 2346
726 2223
727 1559
728 674
729 1046
730 2191
731 922
732 712
733 779
734 265
735 1479
736 1743
737 660
738 411
739 1085
740 2290
741 1485
742 762
743 321
744 1408
745 1535
746 2103
747 2264
748 168
748 966
749 1888
750 1564
751 474
752 896
752 1936
753 1747
754 1659
755 855
756 696
757 1114
758 1349
759 1491
760 2055
761 1913
762 776
763 1773
764 1756
765 2130
766 115
767 1380
768 612
769 861
770 482
771 1379
772 812
773 798
775 1220
776 1542
777 2353
778 384
779 308
780 2213
781 1588
782 2121
783 1823
784 2072
786 452
787 2284
788 2378
789 593
790 372
791 539
792 55
793 1734
794 101
795 138
796 1260
797 1655
798 1788
799 2272
800 1501
801 1060
802 694
803 2114
804 537
805 2273
806 1080
807 1104
807 1412
808 1135
810 968
811 1566
812 933
813 1047
814 162
816 249
817 1625
819 304
820 1446
821 1176
822 322
823 653
824 1469
825 43
826 91
827 690
829 1865
830 1431
831 1376
832 1401
833 1038
834 2200
835 534
836 791
837 468
838 1306
838 1994
839 2262
840 921
841 2179
842 1712
843 2402
844 1549
845 218
846 2104
847 402
848 954
849 418
851 1042
852 1792
853 2
854 992
855 579
856 1980
857 103
858 132
859 2148
860 788
861 2064
862 692
862 2372
863 796
863 813
863 1193
863 1322
864 2433
865 882
866 33
867 1117
868 1400
869 1353
870 2426
871 1098
872 792
873 2145
874 902
875 2309
876 202
877 920
878 1377
879 421
880 2304
881 1253
882 351
883 997
884 1539
885 599
886 80
887 1844
888 607
889 725
889 2181
890 1180
891 789
892 530
893 1388
894 2088
895 807
896 1660
897 34
898 1787
899 229
900 1884
901 908
902 1706
903 852
905 2308
906 708
907 1978
908 889
909 296
910 1106
911 1063
912 831
913 1876
914 1226
915 1286
916 744
917 678
918 2350
919 1174
920 2445
921 1852
922 794
923 781
924 2023
925 2326
926 2407
927 1266
928 1383
929 2394
930 2274
931 1604
932 2095
933 60
934 1632
935 1001
936 2416
937 1900
938 283
939 47
940 774
941 2231
942 1057
943 1184
944 1809
945 663
946 860
947 1543
948 2271
949 1303
950 2335
951 2354
952 2101
953 1725
954 1523
955 2455
956 2075
957 1267
958 484
959 2327
960 1145
961 2265
962 589
963 1813
964 870
965 1468
966 1833
967 2083
968 1418
969 1256
970 550
971 1142
972 1216
973 1013
974 325
975 710
976 2377
977 864
978 178
979 2160
981 2243
982 1360
983 637
984 2401
985 1601
986 843
987 407
988 2001
989 358
990 1956
991 900
992 911
993 625
994 917
995 388
996 148
997 1393
998 1911
999 1126
1000 1955
1001 69
1002 327
1003 1059
1004 1776
1005 1071
1006 1692
1007 1778
1008 1782
1010 2227
1011 2389
1012 357
1013 2214
1014 1082
1015 53
1016 2258
1017 1505
1018 1942
1019 324
1020 1396
1021 1751
1022 1926
1023 1387
1024 1524
1024 2492
1025 1629
1026 136
1027 2472
1028 493
1029 146
1029 1274
1029 1618
1029 1648
1029 2328
1030 1308
1031 1869
1032 1436
1033 1797
1034 554
1036 2292
1037 1704
1038 2009
1039 1430
1041 377
1042 1023
1043 2152
1044 195
1045 1726
1046 1081
1047 2011
1048 866
1049 1998
1050 71
1051 1458
1052 2128
1053 1615
1054 1191
1055 276
1056 1237
1057 1993
1059 167
1060 1997
1061 385
1062 1646
1063 438
1063 693
1064 2486
1065 2460
1066 1595
1067 24
1068 1232
1069 766
1070 84
1071 1292
1072 1008
1073 830
1074 1856
1075 879
1075 1544
1076 1944
1077 2066
1079 2319
1080 724
1081 805
1082 1474
1083 909
1084 2487
1085 1800
1086 2375
1087 1569
1088 624
1090 191
1091 123
1092 398
1093 1481
1094 1702
1095 2042
1096 613
1097 1593
1098 1273
1099 1440
1100 173
1101 68
1103 646
1104 1973
1105 305
1106 1783
1107 1293
1108 1573
1109 1139
1110 1403
1111 1636
1112 2199
1113 1150
1114 2212
1115 677
1116 1561
1117 566
1118 1855
1119 1039
1120 1886
1121 219
1122 1545
1123 2234
1124 1451
1125 1690
1126 254
1127 2337
1128 1228
1129 1288
1130 1259
1131 577
1132 1904
1133 312
1134 2340
1135 19
1136 311
1137 1285
1138 2456
1139 2000
1141 1054
1142 389
1143 1665
1144 1170
1145 2463
1146 750
1147 1630
1148 2225
1149 2157
1150 381
1151 112
1152 2208
1153 2320
1154 2361
1155 965
1156 1914
1157 2093
1158 1858
1159 96
1160 2111
1161 950
1162 827
1163 1841
1164 1590
1165 192
1166 1027
1167 963
1168 488
1169 806
1170 1382
1171 1552
1172 2485
1173 691
1174 737
1175 714
1176 72
1176 334
1176 1454
1176 2411
1177 1762
1178 2221
1179 226
1180 379
1181 564
1182 2298
1183 1791
1184 884
1185 1310
1186 619
1187 1034
1188 633
1189 1065
1190 2109
1191 1689
1192 1107
1193 949
1194 2299
1195 1761
1196 591
1197 2395
1198 1315
1199 2141
1200 1909
1201 532
1202 2479
1203 713
1204 2056
1205 1502
1206 487
1207 2348
1208 1227
1209 212
1210 2080
1211 1504
1212 306
1213 2172
1214 910
1215 444
1216 560
1217 86
1218 119
1219 1433
1220 2224
1221 350
1222 1198
1223 505
1224 1319
1225 2398
1226 230
1227 617
1228 670
1231 1247
1232 1556
1233 42
1234 1448
1235 2246
1236 2153
1237 585
1238 673
1239 301
1240 1769
1241 1666
1242 130
1243 1413
1244 667
1245 903
1246 2499
1247 443
1248 183
1249 1443
1250 201
1251 2471
1252 1941
1253 187
1254 590
1255 991
1256 1696
1257 849
1258 1658
1259 1243
1260 1528
1261 2132
1262 1345
1263 2161
1264 1072
1265 1190
1266 179
1266 1910
1267 70
1268 1503
1269 1538
1270 1574
1271 220
1271 1067
1271 1087
1271 1517
1271 1592
1271 1806
1271 1899
1272 552
1273 1834
1274 1168
1275 1540
1276 1729
1277 1943
1278 1336
1279 1016
1280 1494
1281 286
1282 2311
1283 1850
1284 238
1285 13
1286 655
1287 1824
1288 720
1289 1534
1290 2255
1291 2228
1292 1905
1293 948
1294 253
1295 1795
1296 2295
1297 1693
1298 1006
1299 648
1300 1759
1301 2222
1302 2008
1303 1819
1304 2390
1305 2260
1306 1989
1307 40
1308 2483
1309 888
1310 944
1311 409
1312 923
1313 1746
1314 87
1315 495
1316 1287
1318 2012
1319 521
1319 871
1320 2381
1321 186
1322 702
1322 952
1322 1302
1323 1015
1324 1118
1325 2367
1326 1754
1327 1329
1328 1567
1329 2139
1330 456
1331 1026
1332 2336
1333 1863
1334 697
1335 1775
1337 1513
1338 188
1339 1612
1341 1124
1342 769
1343 1219
1344 2386
1345 558
1346 38
1347 1672
1348 262
1349 804
1351 1298
1352 1983
1353 1233
1354 865
1355 1999
1356 150
1357 347
1357 1838
1358 1368
1359 365
1360 1189
1362 2355
1363 1103
1364 1842
1365 1966
1366 1204
1367 177
1368 2122
1369 1119
1370 647
1371 2448
1372 1822
1373 1963
1374 1334
1375 912
1375 2250
1376 801
1377 348
1378 185
1379 2312
1380 1415
1381 1598
1382 1384
1383 875
1384 869
1385 741
1386 899
1387 170
1387 1144
1388 1748
1389 1261
1390 1749
1391 1010
1392 1843
1393 63
1394 2112
1395 1414
1397 778
1398 117
1399 761
1400 1960
1401 2189
1402 846
1403 1815
1404 2022
1405 2217
1407 1766
1408 883
1409 976
1410 255
1411 1866
1412 310
1413 1359
1414 2417
1415 1760
1416 516
1417 1361
1418 2002
1419 1036
1420 1290
1421 147
1422 2194
1423 1097
1424 1005
1425 2117
1426 775
1427 877
1428 632
1429 1210
1430 506
1431 416
1432 32
1433 1445
1434 166
1435 1323
1436 1239
1437 502
1438 659
1440 1661
1441 239
1442 231
1443 1684
1444 2270
1445 118
1447 1363
1448 317
1449 2429
1450 1880
1451 1300
1452 164
1453 1187
1454 1969
1455 1753
1457 1600
1458 1657
1459 2059
1460 975
1461 1069
1462 1925
1463 717
1464 2089
1464 2405
1465 313
1466 1803
1467 1931
1469 352
1470 197
1471 2269
1472 172
1472 597
1473 362
1474 193
1475 1102
1476 1070
1477 1125
1478 1450
1479 946
1480 368
1481 887
1482 1477
1483 1977
1484 1240
1485 824
1486 606
1487 2220
1488 1332
1489 1971
1490 95
1491 1230
1492 125
1493 458
1494 1488
1495 1269
1496 2296
1497 1744
1498 1086
1499 1270
1500 2325
1502 21
1503 1859
1504 2317
1505 1463
1506 1996
1507 514
1508 994
1508 2209
1509 1599
1510 1201
1511 885
1512 1381
1513 1133
1514 1765
1515 571
1516 2238
1517 30
1517 601
1517 1061
1518 1656
1519 519
1520 1132
1521 610
1522 1923
1523 2013
1524 2428
1525 1296
1526 1157
1527 1222
1528 349
1528 2203
1529 565
1530 120
1531 22
1532 359
1533 1394
1534 907
1535 207
1536 1694
1537 1268
1538 892
1539 974
1540 1346
1541 2126
1542 2443
1544 1092
1545 1004
1547 574
1548 1606
1549 738
1550 538
1551 1845
1552 446
1553 925
1554 740
1555 1701
1556 1621
1558 929
1559 127
1560 1456
1561 1907
1562 547
1563 1506
1564 1462
1565 1053
1566 1354
1567 2065
1568 1164
1569 2465
1570 2043
1571 393
1572 1449
1573 2232
1574 616
1575 319
1575 1305
1576 50
1577 2176
1578 182
1579 175
1581 268
1582 1019
1582 2432
1584 621
1585 1151
1586 1891
1587 144
1588 439
1590 2211
1591 541
1592 314
1593 333
1593 2183
1594 1527
1595 344
1596 722
1597 668
1598 2380
1599 2044
1600 2356
1601 811
1602 2040
1603 1028
1604 858
1605 2396
1607 951
1608 1231
1609 2435
1610 1697
1611 1687
1612 706
1613 1611
1614 1351
1615 8
1616 1140
1617 340
1617 2427
1618 140
1619 287
1620 2370
1621 289
1622 2068
1623 1177
1624 1957
1625 1500
1626 1568
1627 1536
1629 1533
1630 787
1631 339
1632 1062
1633 387
1634 2261
1635 1386
1637 1465
1639 252
1640 1409
1641 2136
1642 525
1643 682
1644 817
1645 1109
1646 233
1647 316
1648 2237
1649 2424
1650 1525
1651 898
1652 1280
1653 1757
1654 1724
1655 222
1656 814
1657 2357
1658 1257
1659 1002
1660 1472
1661 1801
1662 2034
1663 75
1664 799
1665 1868
1666 2368
1667 180
1668 1068
1669 1426
1670 1967
1671 2436
1672 771
1673 376
1674 1742
1675 2400
1676 1560
1678 1670
1679 989
1680 1807
1681 1214
1682 1251
1683 51
1684 636
1685 1225
1686 901
1687 1722
1688 993
1689 851
1690 1992
1691 2412
1692 2282
1693 129
1694 1470
1695 1987
1696 1385
1697 982
1698 2253
1699 1817
1700 109
1700 485
1701 1337
1702 1466
1703 1575
1704 1166
1705 2143
1706 2313
1707 373
1708 2338
1709 727
1710 1154
1711 1570
1712 1161
1713 818
1714 1352
1715 92
1716 500
1717 596
1717 721
1718 2362
1719 422
1720 890
1721 1771
1722 203
1723 1200
1724 1831
1725 406
1726 1741
1727 815
1728 1281
1729 664
1730 2332
1731 2287
1732 142
1734 810
1735 1686
1736 9
1737 1793
1738 2081
1739 526
1740 2124
1741 1638
1742 583
1743 2187
1744 2138
1745 1262
1746 942
1747 1879
1748 2131
1749 2314
1750 833
1751 1181
1752 1473
1753 2016
1754 248
1755 752
1755 986
1756 2053
1757 999
1758 988
1759 1947
1760 133
1760 1826
1761 1608
1762 1195
1763 1671
1764 149
1765 74
1766 1152
1767 501
1768 1498
1769 1851
1770 1557
1772 1173
1773 1779
1773 2077
1773 2106
1773 2291
1774 1402
1775 1591
1776 235
1777 2048
1778 102
1779 338
1780 1912
1781 2461
1782 544
1783 448
1784 332
1785 1077
1786 2462
1787 1127
1788 2451
1789 730
1790 490
1791 354
1792 1802
1793 1799
1794 1437
1795 512
1796 893
1797 1171
1798 2468
1800 1284
1801 1950
1802 28
1803 1411
1804 2105
1805 424
1806 709
1807 643
1808 536
1809 756
1810 1074
1811 419
1812 1974
1813 704
1814 822
1815 1447
1816 1392
1817 472
1818 998
1819 2184
1820 2387
1821 1406
1822 336
1823 415
1824 1241
1825 572
1826 563
1827 2404
1828 1649
1830 1984
1831 27
1832 685
1833 823
1834 2058
1835 1088
1836 1159
1837 515
1838 395
1839 1357
1840 2434
1841 872
1842 2385
1843 652
1844 1194
1845 2235
1846 1718
1847 773
1848 1933
1849 99
1851 152
1852 1732
1853 1050
1854 1515
1855 1304
1856 259
1856 1471
1857 1827
1858 1854
1859 497
1860 1129
1861 158
1861 1075
1861 1829
1861 1874
1861 2032
1861 2480
1862 1519
1863 528
1864 2030
1865 337
1866 2439
1868 44
1869 2275
1870 2098
1870 2113
1871 1185
1872 82
1873 244
1874 450
1875 1162
1876 688
1877 224
1878 465
1879 1887
1881 1727
1882 1507
1883 2334
1884 863
1885 2154
1886 14
1887 489
1888 1250
1889 1825
1890 705
1891 1695
1892 2216
1893 2039
1894 1138
1895 1796
1896 25
1897 2074
1898 1619
1899 658
1900 307
1901 1493
1902 2263
1903 257
1904 687
1905 575
1905 1576
1906 978
1907 2257
1908 380
1909 1934
1909 2474
1910 1862
1911 240
1912 1679
1913 251
1914 759
1915 1272
1916 513
1917 751
1919 878
1920 2446
1921 641
1922 165
1923 1112
1924 1192
1925 110
1926 437
1927 184
1928 930
1929 1964
1930 281
1931 496
1932 1041
1933 1324
1934 970
1935 1620
1936 604
1937 1645
1938 548
1939 626
1940 2267
1941 2349
1942 980
1943 2421
1944 510
1945 1099
1946 1777
1947 2159
1948 250
1949 54
1950 1991
1951 650
1952 141
1953 1035
1955 2488
1956 2110
1957 1614
1958 1918
1958 2279
1959 2364
1960 1373
1961 1205
1962 430
1963 1730
1964 640
1965 2078
1966 364
1967 1968
1968 2193
1969 258
1970 98
1971 303
1972 2285
1973 1680
1974 2107
1975 434
1976 2457
1977 2373
1978 1921
1979 401
1980 1375
1981 405
1982 2021
1983 2369
1984 342
1985 2169
1986 2351
1987 2049
1988 1276
1989 844
1990 2415
1991 2489
1992 1427
1993 1547
1994 556
1995 2045
1996 1095
1997 2047
1998 782
1999 568
2000 2147
2001 356
2002 1662
2003 194
2004 609
2005 1872
2006 1985
2007 2018
2008 279
2009 1343
2010 2293
2011 1309
2012 1683
2013 2014
2014 2449
2015 603
2016 947
2017 1096
2018 699
2019 1709
2019 2277
2020 1603
2022 1213
2023 1640
2024 745
2025 2180
2026 578
2027 1883
2028 64
2029 553
2029 2070
2030 360
2031 2084
2032 2215
2033 809
2034 832
2035 1037
2036 2392
2037 190
2038 1585
2039 1167
2040 594
2041 1546
2042 2447
2044 1399
2046 735
2047 1622
2048 698
2049 1916
2050 557
2051 153
2052 1930
2053 2397
2054 1279
2055 2151
2056 2281
2057 562
2059 957
2060 457
2060 1581
2061 2162
2062 343
2063 1339
2064 937
2065 2347
2066 1100
2067 1739
2068 2057
2069 2363
2070 2219
2071 1698
2071 1972
2072 956
2073 10
2074 2024
2075 1461
2076 498
2077 1051
2078 2090
2079 2086
2081 747
2082 1141
2083 2399
2084 1720
2085 715
2086 969
2087 1981
2088 18
2089 1715
2091 486
2092 292
2093 736
2094 1347
2095 700
2096 397
2097 1338
2098 522
2100 1626
2101 683
2102 107
2103 542
2104 1818
2106 1369
2107 938
2108 739
2109 135
2110 1365
2111 1582
2112 1429
2113 2197
2114 236
2115 932
2116 1000
2117 943
2118 1428
2119 284
2120 2341
2121 800
2122 995
2123 666
2124 1055
2125 1188
2126 2286
2127 523
2128 2249
2129 1419
2130 2297
2131 455
2132 176
2133 1130
2134 128
2135 2170
2136 124
2137 2129
2138 1810
2139 837
2140 689
2141 122
2142 274
2143 1510
2144 114
2145 1111
2146 326
2147 826
2148 1752
2150 2244
2152 623
2153 2359
2154 277
2154 1212
2155 76
2155 1420
2156 417
2157 151
2158 520
2159 1367
2160 2202
2161 463
2161 481
2161 2419
2162 1624
2163 2123
2164 1248
2165 1484
2166 540
2167 1153
2168 1736
2170 723
2171 1945
2172 987
2173 1421
2174 1710
2175 1897
2176 742
2178 1853
2179 2099
2180 1881
2181 1083
2182 1362
2183 914
2184 2135
2185 656
2186 842
2187 2019
2188 1571
2189 960
2190 2144
2191 2007
2192 588
2193 934
2194 1628
2195 2473
2196 665
2197 2481
2198 1483
2199 546
2200 749
2201 684
2202 408
2203 1317
2205 97
2206 941
2207 1922
2208 1924
2209 1959
2210 1848
2211 1044
2212 88
2213 108
2214 628
2215 531
2216 1551
2217 1946
2218 2206
2220 1920
2221 371
2222 856
2223 1307
2224 2100
2225 423
2226 1531
2227 375
2228 1175
2229 1529
2230 1478
2231 1146
2232 77
2232 1155
2232 1432
2232 1635
2234 1229
2235 2063
2236 1837
2237 1249
2238 2196
2239 171
2240 1717
2241 2120
2243 2280
2244 527
2245 2125
2246 768
2247 786
2248 328
2249 1917
2250 1705
2251 2408
2252 1840
2253 1875
2254 479
2255 765
2256 945
2257 535
2259 573
2260 199
2261 1221
2262 1508
2263 729
2264 1246
2265 2425
2266 145
2267 867
2268 93
2269 803
2271 1537
2272 1003
2273 1182
2274 1871
2275 758
2276 205
2277 503
2278 2490
2279 1594
2280 1389
2281 1633
2282 2301
2283 2165
2284 2406
2285 1120
2286 1487
2287 1786
2288 1295
2289 1325
2290 595
2291 1589
2292 880
2292 1708
2293 20
2294 85
2295 586
2296 2450
2297 924
2298 1314
2299 2069
2300 2322
2301 2477
2302 1499
2303 1790
2304 1033
2305 784
2306 2324
2307 719
2308 243
2309 331
2310 467
2311 2256
2312 592
2313 2438
2314 1311
2315 615
2316 427
2317 1423
2318 2102
2319 2288
2320 618
2321 1348
2322 104
2323 1007
2324 1121
2325 26
2326 1123
2327 1134
2328 2365
2329 939
2330 1496
2331 29
2332 1857
2333 1404
2334 1066
2335 1878
2336 1682
2337 654
2338 157
2338 1785
2339 2333
2340 17
2341 315
2342 853
2343 1597
2344 1965
2345 2413
2346 2300
2347 1149
2348 1896
2349 2418
2350 2028
2352 793
2353 996
2354 1490
2355 2091
2356 1110
2357 2182
2358 1020
2359 2207
2360 12
2361 1988
2362 695
2363 2342
2364 41
2365 1330
2366 979
2367 302
2368 1186
2369 1234
2370 1457
2371 285
2371 770
2371 1522
2372 1673
2373 1486
2374 1647
2376 56
2377 2345
2378 478
2379 2442
2380 1244
2381 2010
2382 1043
2383 2096
2384 143
2385 1056
2386 1882
2387 1663
2388 1252
2389 895
2390 1952
2391 383
2392 382
2393 605
2394 2210
2395 1979
2396 1255
2397 919
2398 1089
2399 466
2399 1719
2400 847
2401 962
2403 451
2404 905
2405 223
2406 1520
2407 2085
2408 309
2409 1094
2410 1048
2411 1885
2412 353
2414 1990
2415 189
2416 2118
2417 39
2418 399
2419 2079
2420 2149
2421 1156
2422 904
2423 611
2424 156
2426 1397
2428 1090
2429 1254
2430 449
2431 1821
2432 1703
2433 269
2434 839
2435 2017
2436 11
2437 272
2438 1532
2439 1009
2441 106
2442 868
2443 271
2444 1861
2445 1084
2446 1049
2447 483
2448 330
2449 1391
2450 320
2451 1584
2453 363
2453 1489
2453 1873
2454 1733
2454 2493
2455 291
2456 204
2457 916
2458 1586
2459 215
2460 1951
2461 1467
2462 79
2463 275
2464 518
2465 462
2466 931
2467 644
2468 783
2469 335
2470 555
2471 2198
2472 598
2473 973
2474 2036
2475 31
2476 270
2477 1435
2478 1245
2479 2166
2480 15
2481 1804
2482 881
2483 1158
2484 1178
2485 2082
2486 1653
2487 928
2488 369
2489 2236
2490 2423
2491 2067
2492 163
2493 985
2494 2158
2495 2190
2496 1395
2497 2469
2498 1644
2499 808
