Start 1
76
236
310
368
162
157
178
216
156
220
239
244
253
198
275
250
300
234
304
309
283
288
342
343
361
374
399
453
448
458
466
475
537
546
557
570
572
580
588
596
625
631
644
660
699
699
780
737
808
812
817
845
885
927
972
1053
1059
1072
1096
1145
1149
1128
1158
1164
1175
1193
1209
1229
1245
1267
1289
1305
1329
1378
1392
1406
1422
1438
1452
1470
1486
1504
1528
1513
1529
1543
1557
1571
1581
1244
1153
1597
1694
1611
1029
1001
1271
1649
1663
1675
Start 2
68
135
180
221
158
176
192
195
207
308
323
134
240
136
135
134
135
173
175
180
154
153
153
152
152
165
194
108
109
109
86
86
86
86
86
175
177
147
147
147
147
136
136
150
152
154
93
146
146
146
156
154
151
148
140
141
151
149
147
146
145
144
143
142
143
143
144
116
145
147
151
116
116
116
116
116
116
116
280
284
287
272
272
272
274
276
276
278
293
303
300
297
284
299
299
288
290
290
292
292
Start 3
47
84
62
69
169
314
165
88
123
181
119
127
107
120
126
121
13
13
13
13
13
13
12
12
12
12
12
12
12
12
12
12
12
12
12
12
12
12
12
12
12
12
12
12
12
12
12
12
12
12
12
12
12
12
12
12
12
12
12
12
12
12
12
12
12
12
12
12
12
12
12
12
12
12
12
12
12
12
12
12
12
12
12
12
12
12
12
12
12
12
12
12
12
12
12
12
12
12
12
12
Start 4
48
90
108
136
112
143
196
179
188
228
249
108
111
164
179
251
182
185
195
191
194
197
201
204
207
246
251
222
223
225
226
260
279
287
275
278
285
281
287
277
274
274
276
281
285
277
275
277
278
280
281
282
283
284
286
286
297
296
296
296
297
297
298
298
298
299
299
300
301
301
302
302
303
303
303
304
304
304
304
305
305
306
306
307
293
293
293
293
293
293
293
293
293
293
293
293
292
292
293
293
Start 5
29
93
143
357
425
201
215
260
378
283
294
243
414
347
131
181
194
195
135
135
197
139
165
138
138
139
172
140
140
140
141
141
223
219
337
335
309
309
308
310
355
353
324
352
386
394
391
524
394
385
382
385
389
435
435
434
434
434
433
433
432
444
442
441
442
446
450
454
458
460
861
519
832
816
830
830
838
864
870
908
911
914
917
920
971
1044
1046
1049
1051
1055
1593
1585
1573
1563
1560
1567
1537
1529
1523
1959
Start 6
39
194
259
258
334
404
156
159
168
178
195
170
186
191
269
277
276
321
302
304
278
280
275
273
272
283
347
352
356
360
364
367
370
374
376
380
382
405
577
388
392
590
594
610
614
404
620
410
628
416
638
642
648
652
658
432
668
673
552
684
688
693
561
553
708
714
718
559
561
563
738
743
748
752
558
558
559
560
777
782
562
438
440
442
444
406
417
452
454
827
831
836
412
401
401
401
415
432
417
402
Start 7
50
144
212
216
141
209
274
238
207
274
277
300
309
168
276
179
177
185
185
189
193
197
201
205
293
302
254
311
318
206
303
305
307
222
313
213
212
214
216
218
283
310
285
309
308
309
310
312
313
314
315
342
318
319
329
325
323
306
305
305
305
305
327
327
328
329
330
314
313
312
311
310
310
310
310
310
310
310
309
309
309
309
309
308
308
308
308
316
314
312
310
308
308
321
319
317
315
313
311
309
Start 8
43
107
153
174
217
175
201
221
206
221
243
277
271
253
241
253
306
303
354
343
373
342
348
352
363
368
379
386
382
383
386
390
401
400
407
401
403
406
412
417
423
436
434
439
444
449
454
426
426
428
428
441
441
450
447
443
455
453
455
455
455
457
457
486
480
478
476
476
476
476
476
476
478
478
478
480
480
481
488
496
483
485
489
490
494
503
613
488
489
489
489
490
491
491
491
492
493
493
494
494
Start 9
35
116
170
209
224
261
168
307
373
200
208
202
205
220
219
216
220
233
209
214
106
108
209
216
223
212
113
218
223
227
231
221
223
225
228
121
230
123
123
125
125
262
121
122
122
122
122
122
122
122
122
123
124
125
125
125
125
125
125
125
127
127
125
126
126
126
126
126
126
127
127
128
128
127
127
126
126
126
126
126
128
128
128
128
129
130
131
131
131
131
132
133
133
134
135
136
137
256
256
301
Start 10
63
145
214
238
267
316
244
251
278
282
292
85
311
74
336
109
311
323
323
126
123
232
129
234
237
242
357
226
148
366
371
256
382
388
328
329
331
334
337
192
192
345
193
193
193
335
337
352
811
352
382
347
384
386
386
830
388
360
362
121
121
121
121
121
122
122
123
123
123
123
125
209
404
404
370
406
511
406
407
513
513
515
515
517
517
1244
1246
519
519
519
1260
1262
414
414
464
415
132
132
133
134
Start 11
104
124
93
176
121
230
162
318
312
339
341
356
320