Start 1
59
71
73
78
83
113
119
139
176
204
220
206
210
225
228
230
232
235
238
242
246
250
254
258
260
260
262
262
264
264
264
264
266
266
266
266
266
268
268
268
268
268
268
268
270
270
270
271
272
272
272
274
274
275
276
276
70
70
70
70
70
70
70
70
70
70
70
70
70
70
70
70
70
70
70
70
70
70
70
70
70
70
70
70
70
70
70
70
70
70
70
70
70
70
70
70
70
70
70
70
Start 2
128
75
96
111
266
199
222
235
236
276
302
354
386
472
418
523
531
607
551
660
670
679
701
767
837
805
720
863
871
845
886
891
897
903
765
914
919
493
461
429
406
404
400
396
394
390
388
386
384
382
380
378
376
374
374
372
370
370
368
368
366
364
364
362
362
360
358
358
356
12
12
12
12
12
12
12
12
12
12
12
12
12
12
12
12
12
12
12
12
12
12
12
12
12
12
12
12
12
12
12
Start 3
56
94
95
209
110
181
205
258
324
347
311
358
611
615
618
260
624
626
632
640
646
654
660
665
670
676
680
684
688
692
696
699
751
827
837
873
875
877
878
880
881
883
884
885
886
887
888
889
890
891
891
892
893
893
894
895
895
896
896
897
897
898
898
899
899
899
899
624
616
610
602
596
588
582
576
570
566
560
554
550
544
540
534
530
526
522
518
514
508
504
502
498
494
490
486
484
480
478
474
472
Start 4
75
61
70
78
85
89
99
93
95
101
97
96
143
144
144
144
145
145
145
99
99
146
146
146
147
147
147
147
147
148
148
148
148
148
148
148
148
148
149
149
149
13
13
13
13
13
13
13
13
13
13
13
13
13
13
13
13
13
13
13
13
13
13
13
13
13
13
13
13
13
13
13
13
13
13
13
13
13
13
13
13
13
13
13
13
13
13
13
13
13
13
13
13
13
13
13
13
13
13
13
Start 5
102
101
57
68
98
97
98
179
211
203
213
235
165
124
122
123
128
118
137
235
286
120
219
238
242
248
251
254
257
260
262
316
318
320
330
346
332
314
338
332
325
338
314
352
316
294
296
118
120
300
301
459
338
324
518
326
328
484
330
492
544
462
644
602
456
1254
608
508
910
1309
472
1224
1319
1322
1324
1327
1329
1332
1335
1337
1339
1341
1343
1345
1347
1349
1351
1352
1354
1356
1357
1359
1361
1362
1363
1364
1365
1366
1368
1369
Start 6
83
104
114
143
78
106
108
146
147
149
151
155
157
180
188
227
336
344
350
356
362
365
371
377
381
383
387
389
217
398
404
408
412
415
418
421
424
427
14
13
13
13
13
13
13
13
13
13
13
13
13
13
13
13
13
13
13
13
13
13
13
13
13
13
13
13
13
13
13
13
13
13
13
13
13
13
13
13
13
13
13
13
13
13
13
13
13
13
13
13
13
13
13
13
13
13
13
13
13
13
Start 7
67
109
155
141
105
113
113
113
114
129
158
160
161
162
120
121
121
165
166
166
167
167
168
168
169
169
169
169
170
170
170
170
171
171
171
171
171
131
131
131
132
132
132
172
173
173
173
173
173
173
172
172
172
172
172
172
172
172
172
172
172
172
172
173
221
221
221
221
221
221
221
12
12
12
12
12
12
12
12
12
12
12
12
12
12
12
12
12
12
12
12
12
12
12
12
12
12
12
12
12
Start 8
93
42
52
56
50
51
54
94
94
94
94
115
95
207
265
265
265
265
267
269
269
271
271
270
273
275
272
272
275
277
277
275
274
277
279
279
279
280
280
280
281
283
283
283
280
280
281
283
285
285
285
285
282
284
288
312
287
289
289
289
289
289
284
288
286
285
302
302
300
298
296
294
294
292
290
288
286
286
284
282
280
280
278
276
276
274
274
272
270
270
268
268
266
266
264
264
262
262
260
260
Start 9
48
82
84
86
89
85
89
90
92
108
114
122
128
140
160
159
149
144
150
156
160
164
166
166
154
160
162
166
170
178
188
200
214
230
248
266
286
307
308
309
310
311
312
312
313
314
315
315
316
316
317
318
318
319
319
320
320
320
320
321
321
321
322
322
322
322
322
322
323
323
323
323
324
324
324
324
324
324
325
325
325
325
325
326
326
326
326
326
326
326
326
327
327
327
327
327
327
327
328
328
Start 10
145
98
120
141
190
193
197
210
227
220
243
250
255
201
268
199
199
199
199
199
201
201
12
12
12
12
12
12
12
12
12
12
12
12
12
12
12
12
12
12
12
12
12
12
12
12
12
12
12
12
12
12
12
12
12
12
12
12
12
12
12
12
12
12
12
12
12
12
12
12
12
12
12
12
12
12
12
12
12
12
12
12
12
12
12
12
12
12
12
12
12
12
12
12
12
12
12
12
12
12
Start 11
120
94
144
136
64
121
72
78
88
154
160
104
110
175
179
183
191
193
216
239
241
241
252
243
244
245
340
245
248
477
290
247
249
489
501
501
503
495
499
493
513
503
523
537
541
557
588
590
590
599
611
621
633
647
663
683
709
747
841
792
770
756
750
750
754
785
785
783
783
790
800
810
818
824
836
856
880
904
924
944
966
966
966
966
966
967
967
967
967
967
967
967
967
967
967
968
968
968
968
968
Start 12
82
141
84
88
99
106
110
168
156
151
156
93
93
93
159
159
160
162
170
159
159
161
161
161
161
161
163
161
163
93
93
93
93
163
163
163
165
165
165
163
165
165
165
165
165
165
165
165
167
167
169
233
322
322
322
321
321
321
321
321
167
44
43
42
42
42
42
41
41
41
40
40
40
40
39
39
39
38
38
38
38
38
38
37
37
37
37
36
36
36
36
36
36
36
36
35
35
35
35
35
Start 13
79
46
59
73
72
78
78
77
89
104
151
131
136
141
145
150
154
158
162
166
170
172
176
178
182
184
186
190
192
227
227
228
229
230
231
232
232
233
234
234
235
236
236
237
237
238
239
240
240
241
242
243
244
244
245
245
246
247
247
251
361
402
402
402
402
402
402
402
402
402
402
402
413
410
408
405
402
400
398
395
356
355
354
352
351
350
349
348
346
346
344
344
342
342
341
340
339
338
337
336
Start 14
61
72
110
118
63
82
84
91
91
91
91
91
91
92
93
93
94
95
95
95
95
96
96
97
97
97
97
97
97
97
97
97
97
97
97
97
97
97
97
97
97
394
395
397
398
399
400
401
402
403
404
405
406
407
408
409
409
410
411
412
413
212
204
197
191
184
178
172
166
160
154
150
144
140
134
130
128
126
124
122
120
118
116
114
112
110
108
108
106
104
102
102
100
98
98
96
94
94
92
92
Start 15
76
107
128
136
64
63
64
51
51
52
72
53
51
51
53
70
71
71
71
53
53
53
53
53
199
201
204
205
206
122
122
210
212
215
214
120
118
118
118
118
118
222
223
223
116
116
226
13
13
13
13
13
13
13
13
13
13
13
13
13
13
13
13
13
13
13
13
13
13
13
13
13
13
13
13
13
13
13
13
13
13
13
13
13
13
13
13
13
13
13
13
13
13
13
13
13
13
13
13
13
Start 16
59
50
48
58
63
69
78
87
89
89
91
112
111
117
133
125
120
122
121
133
131
131
131
132
133
134
135
136
137
138
139
140
140
142
142
143
144
144
144
145
146
146
147
148
148
148
148
148
150
150
150
150
150
131
125
119
24
24
24
24
24
24
24
24
22
22
22
22
22
22
22
22
22
22
22
22
22
22
22
22
22
22
22
20
20
20
20
20
20
20
20
20
20
20
20
20
20
20
20
20
Start 17
50
95
58
57
66
55
64
192
64
68
76
84
115
126
132
150
141
128
128
130
132
134
136
140
143
151
161
171
181
205
209
245
257
261
265
297
321
331
341
349
357
365
371
389
390
390
391
392
392
393
394
394
395
296
298
80
82
293
303
305
398
400
400
400
311
311
311
304
305
305
306
307
308
308
309
310
311
311
312
313
313
313
325
323
322
320
319
317
313
309
305
301
297
295
291
287
283
281
277
273
Start 18
37
45
65
81
83
75
76
78
82
86
112
96
107
111
135
132
144
160
161
169
175
183
189
195
201
207
213
219
226
234
242
250
260
274
291
281
281
283
285
289
293
295
299
303
307
311
315
319
323
327
331
335
339
343
347
351
355
359
363
367
371
373
377
381
385
391
395
401
405
411
417
423
429
435
441
449
455
463
473
481
493
505
519
539
569
673
588
568
558
552
548
546
546
546
546
546
548
548
550
552
Start 19
56
87
106
105
70
73
81
87
140
71
191
133
187
137
131
129
215
229
264
260
257
255
253
252
250
249
248
247
246
245
244
243
243
242
241
241
240
240
239
239
240
240
240
240
241
241
241
241
241
241
241
241
242
242
242
242
14
14
14
14
14
14
14
14
13
13
13
13
13
13
13
13
13
13
13
13
13
13
13
13
13
13
13
13
13
13
13
13
13
13
13
13
13
13
13
13
13
13
13
13
Start 20
75
67
85
84
130
139
129
98
135
137
147
151
158
166
168
172
174
180
184
186
146
146
146
200
204
219
219
219
220
220
222
224
224
225
226
227
227
228
229
230
231
232
233
234
235
237
238
240
241
243
245
245
247
250
250
251
252
253
254
255
256
256
257
258
259
260
259
259
260
262
263
262
261
262
264
265
265
264
263
264
265
266
267
267
266
265
265
265
266
267
278
277
277
276
275
275
274
273
273
273
Start 21
86
139
126
141
150
151
155
161
163
166
169
173
190
189
197
204
211
218
225
231
237
242
247
252
256
260
264
268
272
275
278
282
285
287
290
292
295
297
299
301
302
304
305
307
308
310
311
312
313
314
315
316
317
318
319
320
321
322
322
323
324
324
325
326
326
327
327
328
328
329
330
330
330
331
332
332
332
333
333
334
334
334
335
335
335
336
336
336
336
337
337
337
337
338
241
241
239
239
239
237
Start 22
81
92
110
118
54
152
74
159
191
85
139
123
127
118
120
122
312
134
128
130
132
136
138
140
142
179
245
269
363
377
389
399
409
423
441
467
497
529
557
571
561
505
395
389
389
393
626
620
614
606
600
594
588
584
578
572
568
562
558
554
548
544
540
536
532
528
524
522
518
514
510
508
504
502
498
496
492
490
488
484
482
480
478
474
472
470
468
466
464
462
460
458
456
454
452
450
448
446
444
444
Start 23
94
101
115
126
89
154
101
154
159
164
222
146
147
149
195
198
200
152
152
152
154
152
264
156
152
206
206
206
206
208
236
234
233
231
229
229
314
462
486
500
498
499
175
175
176
176
176
409
403
399
397
393
389
172
172
172
172
172
172
172
172
381
381
381
383
383
383
383
383
383
383
383
385
385
385
385
385
385
385
385
385
385
385
372
371
371
370
369
369
367
367
367
367
367
351
343
335
329
325
319
Start 24
32
63
95
79
86
111
115
122
123
124
125
130
129
129
129
132
131
131
131
131
131
132
132
132
132
132
132
132
132
133
134
134
134
134
134
134
134
134
134
134
134
134
134
134
134
134
134
134
135
135
135
135
135
135
135
135
135
135
135
135
135
135
135
135
135
135
135
135
135
135
135
135
135
135
135
135
135
135
135
135
135
135
135
135
135
135
135
135
135
135
135
135
135
135
135
135
135
135
135
135
Start 25
86
113
87
94
75
118
122
113
57
58
117
88
57
58
88
134
134
146
142
140
140
140
140
140
140
140
140
140
142
142
142
142
142
142
142
142
173
224
99
99
99
99
146
115
146
115
115
115
115
148
150
150
150
470
474
480
488
494
499
504
510
514
519
524
528
533
538
543
548
552
558
562
568
572
578
582
587
1223
598
604
609
614
619
624
630
635
640
646
651
656
662
668
672
678
684
690
695
702
706
712
Start 26
28
33
38
51
54
57
55
57
59
61
65
66
66
67
68
70
74
72
74
74
74
76
76
76
77
78
78
78
79
79
79
80
80
80
81
81
81
81
81
81
82
82
82
83
83
83
83
83
83
83
83
83
84
84
84
84
84
84
84
84
84
85
85
85
85
85
85
85
86
86
86
86
86
86
86
86
86
86
86
86
86
86
86
86
86
86
86
86
86
86
86
86
86
86
86
86
86
86
86
86
Start 27
122
209
157
108
146
162
300
326
350
290
276
471
485
497
507
517
525
532
538
543
546
549
551
553
555
556
557
558
559
560
561
561
562
562
563
13
13
13
13
13
12
12
12
12
12
12
12
12
12
12
12
12
12
12
12
12
12
12
12
12
12
12
12
12
12
12
12
12
12
12
12
12
12
12
12
12
12
12
12
12
12
12
12
12
12
12
12
12
12
12
12
12
12
12
12
12
12
12
12
12
Start 28
90
59
142
72
53
93
91
95
97
101
105
109
114
135
136
139
141
143
123
147
147
152
129
151
162
186
184
182
182
408
365
364
366
507
550
552
379
390
386
393
393
390
389
574
391
394
391
582
401
394
396
395
590
590
397
398
400
398
399
598
600
600
401
402
402
402
402
402
401
608
610
610
610
610
405
404
406
408
408
408
408
408
408
408
408
406
407
620
620
621
622
623
623
623
623
622
622
411
410
412
Start 29
30
40
42
61
64
73
70
128
112
49
50
48
48
46
46
47
47
49
55
63
73
83
97
125
126
128
128
129
130
131
132
132
134
134
134
136
136
136
137
138
138
138
139
140
141
141
141
141
142
143
143
144
143
144
144
144
145
146
146
146
146
146
146
146
147
147
148
148
148
148
148
148
148
148
148
148
149
149
149
149
150
150
150
151
151
151
151
151
151
151
151
151
151
151
151
151
151
151
151
151
Start 30
61
65
51
47
63
67
71
74
77
80
83
85
87
89
90
91
91
92
93
93
93
93
94
94
94
94
94
94
264
154
94
94
94
271
275
278
281
284
287
289
292
295
298
300
303
305
308
310
312
314
316
319
320
322
324
326
328
330
331
333
334
336
337
339
340
342
343
344
346
347
348
349
350
352
353
354
355
356
357
358
359
360
361
361
362
363
364
365
366
366
367
368
369
369
370
371
371
372
373
373
Start 31
73
144
155
111
72
90
94
96
182
101
79
85
81
79
82
241
247
253
81
265
270
274
278
300
287
289
291
293
224
297
298
300
301
303
304
305
306
232
308
309
311
313
315
315
317
319
319
320
321
321
323
327
322
238
323
323
325
325
325
325
327
327
329
329
329
329
331
331
331
333
333
333
335
335
335
335
337
337
337
339
339
339
339
340
341
341
246
13
13
12
12
12
12
12
12
12
12
12
12
12
Start 32
62
125
82
82
106
88
92
110
138
115
163
125
88
89
89
89
89
90
90
90
90
91
91
91
95
105
202
244
244
244
244
246
246
246
246
256
262
272
279
274
277
267
261
259
257
255
255
253
253
253
253
251
251
251
251
251
251
251
251
251
251
249
249
249
249
249
249
251
251
251
251
251
251
251
251
251
251
251
251
251
251
251
251
251
251
251
251
251
251
251
249
249
249
249
249
249
249
249
249
249
Start 33
122
152
161
132
113
97
96
102
182
127
130
132
135
147
199
201
202
345
347
226
228
230
349
351
350
352
351
352
355
355
353
354
357
357
355
355
233
233
235
235
235
235
235
235
235
235
237
237
237
237
237
237
237
237
237
237
237
237
237
237
237
237
237
237
237
237
237
237
237
239
239
13
13
13
13
13
13
13
13
13
13
13
13
13
13
13
13
13
13
13
13
13
13
13
13
13
13
13
13
13
Start 34
78
86
119
97
107
109
86
87
87
88
88
87
89
89
89
91
91
95
202
204
206
210
212
323
326
329
331
333
334
312
308
304
300
296
306
300
296
294
292
290
342
343
343
343
343
344
344
280
280
280
280
345
346
346
346
347
347
347
347
347
12
12
12
12
12
12
12
12
12
12
12
12
12
12
12
12
12
12
12
12
12
12
12
12
12
12
12
12
12
12
12
12
12
12
12
12
12
12
12
12
Start 35
72
92
111
117
170
103
97
99
101
104
103
106
198
198
198
198
198
108
201
300
302
242
238
257
308
309
310
311
241
232
315
317
317
317
319
319
319
321
321
321
322
323
322
323
324
325
324
325
229
327
229
229
330
331
331
332
333
334
334
335
336
336
337
337
338
339
229
229
229
229
341
341
342
342
343
343
344
344
344
345
345
345
345
346
346
346
346
347
347
347
347
347
347
348
348
348
348
348
348
349
Start 36
67
125
141
66
70
76
80
84
88
91
94
96
151
145
144
164
259
235
241
245
249
253
257
275
276
279
281
311
415
416
419
421
421
423
423
940
425
552
427
429
428
429
650
651
653
655
657
591
443
653
653
595
554
555
656
659
657
656
658
659
658
662
663
661
661
662
664
665
664
662
666
668
666
665
666
668
669
670
670
669
668
667
666
668
671
672
671
668
668
670
673
674
674
673
671
670
670
671
671
673
Start 37
67
96
116
107
86
91
99
100
104
102
103
103
108
106
105
192
192
196
200
185
185
185
105
105
105
105
184
211
286
198
192
189
189
188
187
187
187
187
187
205
248
248
211
248
399
399
401
401
403
403
405
358
302
248
181
181
181
181
104
104
104
104
104
104
104
104
104
104
104
104
54
54
53
53
52
52
52
51
51
50
50
50
50
49
49
48
48
48
48
47
47
47
46
46
46
46
46
45
45
45
Start 38
49
75
78
166
143
162
164
166
168
172
174
178
180
182
184
186
186
186
188
188
188
190
190
190
192
192
192
194
194
194
196
197
198
13
13
13
13
13
13
13
13
12
12
12
12
12
12
12
12
12
12
12
12
12
12
12
12
12
12
12
12
12
12
12
12
12
12
12
12
12
12
12
12
12
12
12
12
12
12
12
12
12
12
12
12
12
12
12
12
12
12
12
12
12
12
12
12
12
12
12
Start 39
79
104
47
86
121
65
103
159
158
158
121
159
127
127
127
127
172
172
134
175
176
177
179
180
181
183
184
185
187
187
189
191
191
192
194
195
195
197
198
199
199
200
202
202
203
203
203
205
206
206
207
207
207
208
209
209
210
211
211
211
211
211
212
212
213
214
214
264
264
264
264
73
73
72
71
70
70
70
70
68
68
26
24
24
22
22
22
22
22
20
20
20
20
20
20
20
20
20
20
20
Start 40
48
72
101
118
82
91
97
100
104
107
89
87
88
90
90
92
92
92
92
105
122
135
164
365
371
376
381
388
393
397
401
199
409
415
420
425
430
434
437
440
442
445
447
450
452
455
458
461
463
466
469
472
475
478
1490
1494
1498
1502
1507
1511
1515
1519
1523
1147
1129
1109
419
417
415
414
412
411
409
408
406
405
403
402
401
399
398
397
396
395
393
392
391
390
389
388
387
386
385
384
383
382
381
381
380
379
Start 41
50
64
67
78
105
84
84
84
85
86
87
93
76
75
75
75
76
76
76
76
77
92
92
92
92
92
92
92
92
91
91
91
90
90
90
90
90
90
90
90
91
91
91
91
91
91
91
91
91
91
91
91
91
91
91
91
91
91
91
91
91
91
91
91
91
91
91
91
91
91
91
91
91
91
91
91
91
91
91
91
91
91
80
80
79
79
78
78
78
78
78
78
78
78
78
78
78
78
78
78
Start 42
142
182
125
145
140
84
149
152
153
202
205
209
231
233
235
237
238
197
240
241
241
242
243
243
243
244
232
232
232
232
188
188
188
188
188
233
233
233
233
233
233
233
233
233
233
233
233
233
233
233
233
233
233
233
233
233
233
233
233
233
233
233
233
233
233
233
233
233
233
233
233
233
233
233
233
233
233
233
16
16
16
16
16
16
16
16
16
16
16
16
16
15
15
15
15
15
15
15
15
15
Start 43
30
198
121
138
88
97
130
94
103
108
103
103
135
137
139
142
133
135
180
184
188
192
194
198
222
212
212
212
213
213
213
214
214
214
215
215
215
215
215
215
216
216
216
217
217
217
217
217
217
217
219
12
12
12
12
12
12
12
12
12
12
12
12
12
12
12
12
12
12
12
12
12
12
12
12
12
12
12
12
12
12
12
12
12
12
12
12
12
12
12
12
12
12
12
12
12
12
12
12
12
Start 44
87
130
83
85
140
98
57
59
61
74
74
74
74
76
79
85
85
85
85
85
266
269
271
273
275
277
279
280
13
13
13
13
13
13
13
13
13
13
13
13
13
13
13
13
13
13
13
13
13
13
13
13
13
13
13
13
13
13
13
13
13
13
13
13
13
13
13
13
13
13
13
13
13
13
13
13
13
13
13
13
13
13
13
13
13
13
13
13
13
13
13
13
13
13
13
13
13
13
13
13
Start 45
46
62
74
89
79
81
162
190
294
299
303
309
315
320
336
341
345
293
297
357
360
364
366
306
308
374
376
379
380
382
13
13
13
13
12
12
12
12
12
12
12
12
12
12
12
12
12
12
12
12
12
12
12
12
12
12
12
12
12
12
12
12
12
12
12
12
12
12
12
12
12
12
12
12
12
12
12
12
12
12
12
12
12
12
12
12
12
12
12
12
12
12
12
12
12
12
12
12
12
12
Start 46
83
150
108
115
120
128
129
131
115
114
122
141
144
109
125
166
180
192
242
247
239
242
244
246
247
249
250
252
253
255
257
258
258
265
261
264
265
274
268
269
275
272
284
285
275
277
288
289
300
304
300
291
293
295
310
319
334
340
333
323
318
310
312
322
335
343
348
363
381
386
380
370
356
342
337
342
348
358
369
376
384
396
408
415
411
404
399
394
389
387
387
385
377
369
365
365
370
379
388
395
Start 47
64
98
137
151
111
127
172
179
184
189
194
196
200
204
206
208
212
217
220
224
228
232
236
239
242
246
249
251
254
256
259
261
263
240
267
269
271
272
274
275
277
278
279
281
282
283
284
285
286
13
13
13
13
13
13
13
13
13
13
13
13
13
13
13
13
13
13
13
13
13
13
13
13
13
13
13
13
13
13
13
13
13
13
13
13
13
13
13
13
13
13
13
13
13
13
13
13
13
13
13
Start 48
96
94
88
55
84
62
68
101
102
87
104
109
91
90
90
90
90
90
90
90
90
92
91
91
91
99
121
121
122
123
122
123
123
123
123
124
124
125
125
125
125
125
126
130
132
134
150
150
150
150
150
154
158
162
166
170
174
180
186
190
196
204
210
218
224
234
242
252
262
272
284
296
308
322
338
352
381
381
381
381
381
381
381
381
381
12
12
12
12
12
12
12
12
12
12
12
12
12
12
12
Start 49
111
144
150
174
144
148
128
116
149
164
150
150
159
185
181
180
179
178
178
177
217
192
186
186
188
186
184
184
188
188
186
184
183
184
186
188
188
188
186
186
184
183
185
184
186
449
444
440
436
432
428
425
421
418
338
188
186
186
185
185
185
186
186
188
188
244
244
244
244
244
244
244
244
244
244
244
244
188
188
188
188
244
244
244
244
244
244
244
244
244
244
244
244
244
244
244
244
190
188
188
Start 50
101
101
81
91
93
120
116
115
116
117
120
124
129
135
141
149
161
159
164
184
146
181
177
188
50
50
50
50
50
50
50
50
50
50
50
50
416
418
422
424
426
430
432
434
436
439
442
444
446
448
450
452
454
456
458
14
14
14
14
14
14
14
14
14
14
14
14
14
14
14
14
14
14
14
14
14
14
14
14
14
14
14
14
14
14
14
14
14
14
14
14
14
14
14
14
14
14
13
13
13
Start 51
49
66
60
66
71
132
133
134
135
136
137
138
138
139
140
140
141
142
142
142
142
142
142
143
143
143
144
144
144
144
144
144
144
144
144
144
144
144
144
144
144
144
144
144
144
144
144
145
145
145
145
144
144
144
144
144
144
144
144
144
144
144
144
144
144
144
144
144
144
144
144
144
144
144
144
144
144
144
144
144
144
144
144
145
145
145
145
145
145
145
145
145
145
145
145
145
145
145
145
145
Start 52
81
99
116
127
136
108
95
95
96
99
96
96
96
96
96
96
185
183
183
181
184
184
187
187
187
184
185
185
185
182
182
182
182
184
184
184
184
184
185
185
185
185
185
185
185
185
185
185
185
185
185
185
185
185
185
185
186
186
186
186
186
186
186
186
188
188
188
188
188
188
188
188
188
188
188
189
189
189
189
189
189
189
191
191
191
191
191
191
191
191
191
191
191
191
191
191
191
191
191
191
Start 53
170
110
128
118
157
129
270
292
303
317
382
352
500
420
518
528
471
501
562
579
586
593
638
708
772
838
922
977
489
402
1019
1031
1031
1041
1050
1059
199
197
195
193
191
64
62
62
60
60
60
58
58
58
58
56
56
56
56
54
54
54
54
53
52
52
52
52
52
50
50
50
50
50
50
49
48
48
48
48
48
48
48
48
46
46
46
46
46
46
46
46
46
46
44
44
44
44
44
44
44
44
44
44
Start 54
128
96
162
85
90
94
103
101
103
219
224
235
246
259
284
285
289
293
296
299
302
115
115
309
311
312
314
315
317
318
319
320
321
322
322
146
146
146
147
326
326
327
327
328
328
329
329
329
329
330
330
330
330
330
331
331
331
331
331
331
331
332
332
333
333
333
333
333
333
333
333
333
333
332
332
332
332
332
332
332
332
333
333
333
333
333
333
333
333
334
334
334
334
334
334
334
334
334
334
334
Start 55
136
164
124
55
62
96
70
79
89
78
80
88
73
75
75
75
75
75
75
77
77
77
77
77
206
207
207
208
209
209
209
210
210
210
211
211
211
211
211
231
212
212
212
212
212
212
212
212
212
212
212
212
212
212
212
212
212
212
213
213
213
213
213
213
13
13
13
13
13
13
13
13
13
13
13
13
13
13
13
13
13
13
13
13
13
13
13
13
13
13
13
13
13
13
13
13
13
13
13
13
Start 56
159
212
65
117
132
146
241
256
260
272
283
294
303
313
347
345
447
456
353
360
366
371
375
380
356
359
393
397
364
366
407
368
413
370
419
421
374
389
383
376
378
378
378
378
380
497
380
380
380
382
382
382
384
384
384
384
384
384
384
386
386
386
386
386
388
388
388
388
388
388
388
388
388
388
388
388
388
468
390
390
390
390
390
390
390
390
390
392
392
392
392
392
392
390
390
390
390
390
470
470
Start 57
147
135
152
162
127
90
91
88
88
86
104
100
97
106
98
95
111
165
193
268
271
274
276
279
284
292
303
309
315
13
13
13
12
12
12
12
12
12
12
12
12
12
12
12
12
12
12
12
12
12
12
12
12
12
12
12
12
12
12
12
12
12
12
12
12
12
12
12
12
12
12
12
12
12
12
12
12
12
12
12
12
12
12
12
12
12
12
12
12
12
12
12
12
12
12
12
12
12
12
12
Start 58
100
100
112
159
151
153
102
157
159
160
162
163
165
165
166
220
177
221
180
180
182
182
184
184
186
190
218
216
220
232
246
264
290
378
311
293
285
281
277
275
273
273
273
283
295
311
329
363
396
342
324
312
304
298
294
300
312
326
360
345
325
315
309
303
299
295
293
289
285
283
281
279
281
285
289
297
305
317
333
361
399
397
395
358
342
330
322
316
312
308
306
304
302
300
298
298
298
298
298
298
Start 59
142
86
110
123
52
51
53
55
108
114
103
105
108
108
108
119
115
115
115
273
275
277
278
280
281
282
284
285
287
288
289
291
291
293
293
295
295
296
297
297
297
299
299
299
301
301
301
303
303
307
307
307
307
307
305
305
305
305
305
305
305
305
305
305
307
309
566
566
568
570
572
572
574
576
577
578
579
580
582
583
584
585
586
587
588
588
590
591
591
593
593
593
595
595
595
596
598
598
598
599
Start 60
71
70
93
86
91
93
102
104
111
119
111
182
113
113
113
113
113
115
115
117
151
13
13
13
13
13
13
13
13
13
13
13
13
13
13
13
13
13
13
13
13
13
13
13
13
13
13
13
13
13
13
13
13
13
13
13
13
13
13
13
13
13
13
13
13
13
13
13
13
13
13
13
13
13
13
13
13
13
13
13
13
13
13
13
13
13
13
13
13
13
13
13
13
13
13
13
13
13
13
13
Start 61
164
70
77
89
105
59
56
64
66
57
58
59
60
61
62
62
63
64
64
65
65
66
66
66
67
67
67
67
68
68
68
68
69
204
101
101
400
401
401
401
401
401
401
401
402
402
402
402
211
212
212
212
213
213
213
317
318
320
228
225
222
219
12
12
12
12
12
12
12
12
12
12
12
12
12
12
12
12
12
12
12
12
12
12
12
12
12
12
12
12
12
12
12
12
12
12
12
12
12
12
Start 62
83
124
84
175
113
137
173
213
351
330
342
392
376
420
396
406
432
442
441
450
458
514
520
526
532
490
494
499
502
506
509
560
564
568
571
575
578
581
585
588
591
594
597
600
603
606
609
612
615
634
632
633
635
637
639
641
644
646
648
650
652
654
656
658
660
184
184
184
668
669
671
673
674
676
678
679
681
682
683
685
686
688
689
690
691
692
694
695
696
697
698
699
700
701
702
703
704
705
706
707
Start 63
77
88
84
99
62
66
70
74
77
176
175
177
186
186
188
189
192
226
218
172
174
178
224
253
197
198
202
199
205
201
201
202
203
204
204
205
205
206
206
207
207
208
208
208
209
210
210
210
210
210
211
211
211
211
211
211
211
212
212
212
212
212
212
212
213
213
213
213
213
213
213
213
213
213
213
213
213
214
214
214
214
214
214
214
214
214
214
214
214
214
214
214
215
215
215
215
215
215
101
101
Start 64
174
118
152
175
208
219
240
306
324
336
365
338
342
352
369
378
378
382
388
405
404
412
422
436
453
454
455
464
456
459
465
471
478
485
492
499
506
513
519
527
544
545
547
553
547
550
556
572
573
573
579
583
585
585
587
587
589
589
591
591
591
591
593
593
593
595
595
595
595
597
597
597
597
599
601
599
599
599
599
599
599
597
597
595
595
597
595
595
595
556
556
556
556
556
556
556
556
557
557
557
Start 65
78
92
119
128
148
156
164
188
190
194
196
198
200
202
204
206
208
208
210
210
13
12
12
12
12
12
12
12
12
12
12
12
12
12
12
12
12
12
12
12
12
12
12
12
12
12
12
12
12
12
12
12
12
12
12
12
12
12
12
12
12
12
12
12
12
12
12
12
12
12
12
12
12
12
12
12
12
12
12
12
12
12
12
12
12
12
12
12
12
12
12
12
12
12
12
12
12
12
12
12
Start 66
69
84
58
61
129
144
141
66
238
331
338
344
372
373
376
380
384
388
372
374
376
378
379
380
417
422
426
430
434
438
440
556
444
557
448
558
558
558
559
559
464
559
559
560
560
560
560
560
560
560
560
561
561
561
561
561
561
561
561
561
561
561
562
562
562
562
562
562
562
562
562
562
562
562
562
562
562
562
562
562
562
563
563
563
564
564
564
564
564
564
564
564
563
563
564
564
564
564
564
564
Start 67
65
91
91
81
97
98
92
107
108
114
113
83
117
119
121
140
249
162
154
150
264
148
149
150
152
12
12
12
12
12
12
12
12
12
12
12
12
12
12
12
12
12
12
12
12
12
12
12
12
12
12
12
12
12
12
12
12
12
12
12
12
12
12
12
12
12
12
12
12
12
12
12
12
12
12
12
12
12
12
12
12
12
12
12
12
12
12
12
12
12
12
12
12
12
12
12
12
12
12
12
Start 68
65
106
60
126
133
66
159
127
126
127
128
130
142
159
147
143
153
147
145
143
142
143
145
147
149
151
155
159
163
169
177
185
195
207
221
235
251
284
286
288
289
291
293
295
144
162
301
303
304
306
308
309
311
312
314
315
316
318
319
320
321
323
324
325
326
327
328
329
330
331
339
335
331
327
323
319
317
313
311
307
303
301
299
295
293
289
287
285
283
279
277
275
273
271
269
267
265
263
261
259
Start 69
119
100
116
122
148
202
201
203
207
199
223
287
327
257
291
292
294
275
227
269
268
308
397
399
401
403
405
752
407
409
409
409
411
411
413
415
415
417
419
419
421
423
425
427
429
431
433
435
437
439
443
445
447
451
453
457
461
463
467
593
621
677
788
674
562
494
492
492
492
492
492
492
492
492
492
493
493
493
493
493
493
493
493
493
493
493
493
495
495
495
495
595
587
581
573
571
569
567
565
565
Start 70
76
86
90
98
89
87
87
87
87
90
101
107
105
107
109
111
113
115
115
92
92
90
90
90
88
88
89
89
89
89
89
92
90
90
90
90
90
90
90
90
90
90
90
90
91
94
94
94
94
94
94
94
94
94
94
94
94
94
96
104
112
120
141
141
141
141
141
141
142
142
142
142
142
143
143
143
143
143
143
143
143
145
145
145
145
144
144
144
144
144
145
145
145
145
145
145
145
145
145
145
Start 71
70
53
108
107
115
125
183
195
217
227
212
222
230
236
242
248
254
266
247
249
251
253
255
255
257
259
261
263
263
265
265
13
13
13
13
13
13
13
13
13
12
12
12
12
12
12
12
12
12
12
12
12
12
12
12
12
12
12
12
12
12
12
12
12
12
12
12
12
12
12
12
12
12
12
12
12
12
12
12
12
12
12
12
12
12
12
12
12
12
12
12
12
12
12
12
12
12
12
12
12
Start 72
70
31
37
45
162
153
78
80
82
84
84
186
195
196
200
175
194
164
198
211
204
167
168
168
168
168
169
169
224
222
238
253
373
376
379
383
387
274
263
257
253
253
255
265
280
412
415
417
419
421
423
425
429
431
433
435
437
439
441
441
443
445
447
449
449
451
453
455
455
457
459
459
461
461
463
767
764
465
467
467
469
469
548
548
548
549
549
549
550
550
550
551
551
551
552
552
552
552
553
553
Start 73
102
156
105
57
66
73
78
92
90
94
94
96
100
102
105
107
109
117
157
296
298
300
301
303
304
305
306
309
308
308
327
319
343
333
361
349
371
373
383
708
418
419
733
754
708
420
720
785
788
725
422
704
764
801
812
784
739
13
13
13
13
13
13
13
13
13
13
13
13
13
13
13
13
13
13
13
13
13
13
13
13
13
13
13
13
13
13
13
13
13
13
13
13
13
13
13
13
13
13
13
Start 74
82
84
178
128
149
160
178
207
217
227
235
243
13
13
12
12
12
12
12
12
12
12
12
12
12
12
12
12
12
12
12
12
12
12
12
12
12
12
12
12
12
12
12
12
12
12
12
12
12
12
12
12
12
12
12
12
12
12
12
12
12
12
12
12
12
12
12
12
12
12
12
12
12
12
12
12
12
12
12
12
12
12
12
12
12
12
12
12
12
12
12
12
12
12
12
12
12
12
12
12
Start 75
47
73
77
108
127
123
125
124
118
115
115
115
116
117
118
118
119
119
119
119
120
120
120
120
121
120
120
120
120
120
120
120
120
71
71
71
71
71
71
71
71
71
71
71
71
71
71
71
71
71
71
71
71
71
71
71
71
71
71
71
71
71
71
71
71
71
71
71
71
71
71
71
71
71
71
71
71
71
71
71
71
71
71
71
71
71
71
71
71
71
71
71
71
71
71
71
71
71
71
71
Start 76
89
42
52
53
59
64
74
78
166
118
122
144
178
234
281
281
281
442
446
449
453
456
458
461
463
465
467
471
474
478
481
484
488
490
493
496
498
500
502
504
506
508
510
512
514
515
517
504
502
502
500
500
498
498
498
496
496
496
496
495
494
494
494
494
492
492
492
490
490
488
488
486
486
484
484
482
482
480
480
480
478
478
478
476
476
476
474
474
474
474
472
472
472
472
470
470
470
470
470
470
Start 77
78
90
73
160
112
111
107
106
106
107
111
117
121
137
179
213
216
219
221
223
226
228
235
235
236
237
238
240
241
242
243
243
244
245
244
245
246
247
247
248
248
249
249
250
252
276
298
320
342
366
390
416
446
480
516
556
600
646
694
740
786
814
817
819
821
823
825
827
829
831
833
835
837
839
841
842
843
845
847
848
849
851
852
854
855
856
857
859
860
861
862
863
864
865
865
867
867
869
869
870
Start 78
58
103
49
103
167
69
111
95
97
98
121
102
101
101
101
101
98
100
106
122
110
112
116
101
101
100
101
101
102
102
102
102
102
102
101
101
101
101
115
128
112
102
102
103
103
103
102
102
102
102
106
108
108
108
108
108
107
105
103
102
102
102
102
102
102
102
102
102
106
108
112
114
114
116
118
120
120
122
122
124
124
126
126
126
128
128
128
130
130
130
132
132
132
132
134
134
134
134
136
136
Start 79
66
72
118
160
182
194
201
206
208
210
211
211
211
212
212
212
212
212
212
212
212
212
212
212
212
212
212
212
212
212
212
212
212
212
212
212
212
212
212
212
212
212
212
212
212
212
212
212
212
211
181
179
175
173
169
167
163
161
159
155
153
151
149
147
145
143
141
139
137
135
133
131
129
127
125
125
123
121
119
119
117
115
115
113
113
111
109
109
107
107
105
105
103
101
101
101
99
99
97
97
Start 80
89
29
31
52
44
45
47
49
53
52
53
55
57
63
67
73
79
99
99
105
12
12
12
12
12
12
12
12
12
12
12
12
12
12
12
12
12
12
12
12
12
12
12
12
12
12
12
12
12
12
12
12
12
12
12
12
12
12
12
12
12
12
12
12
12
12
12
12
12
12
12
12
12
12
12
12
12
12
12
12
12
12
12
12
12
12
12
12
12
12
12
12
12
12
12
12
12
12
12
12
Start 81
57
82
56
43
65
76
69
78
74
75
76
77
78
80
83
91
99
109
122
142
549
563
578
609
659
705
761
821
889
965
1037
1151
1227
1377
1485
1641
1849
1949
2260
2290
2318
2346
2372
2398
2424
2448
2472
2494
2518
2540
2560
2580
2602
2622
2640
2658
2676
2694
2710
2728
2744
2758
2774
2788
2803
2818
2831
2844
2857
2869
2881
2893
2906
2917
2928
2939
2949
2959
2969
2978
2987
2997
3006
3016
3024
3032
3040
3048
3056
3063
3070
3077
3083
3090
3097
3104
3111
3117
3123
3129
Start 82
81
66
77
129
57
56
68
57
61
65
69
73
79
87
87
87
145
141
146
147
169
201
175
169
191
186
175
166
165
156
150
146
145
136
136
136
136
131
127
13
13
13
12
12
12
12
12
12
12
12
12
12
12
12
12
12
12
12
12
12
12
12
12
12
12
12
12
12
12
12
12
12
12
12
12
12
12
12
12
12
12
12
12
12
12
12
12
12
12
12
12
12
12
12
12
12
12
12
12
12
Start 83
67
103
39
44
90
96
111
115
120
126
154
136
151
154
163
164
162
166
172
180
178
180
200
188
218
212
244
240
270
288
325
326
327
329
382
434
490
492
494
494
496
496
498
500
500
502
502
502
502
504
505
506
506
506
508
510
510
510
509
509
510
512
512
512
512
512
513
514
514
514
514
515
516
516
516
516
517
517
517
518
517
517
516
517
517
518
518
520
520
520
519
519
519
519
519
519
519
519
519
519
Start 84
66
71
95
100
100
101
102
100
129
110
113
130
102
102
101
100
100
100
101
101
101
101
101
101
101
101
101
101
101
101
101
101
101
101
103
103
147
145
144
152
166
234
191
171
161
155
149
145
141
141
137
137
137
137
135
135
135
135
135
135
133
133
133
133
133
133
133
133
133
133
133
133
133
133
133
133
133
133
133
133
133
133
133
131
131
20
20
18
18
18
18
18
18
18
18
18
18
18
18
18
Start 85
107
97
117
136
140
129
134
80
78
120
119
115
114
116
118
118
118
120
120
120
122
122
122
122
151
151
122
124
124
124
225
225
225
225
225
227
227
227
229
229
229
229
229
229
231
233
235
237
239
243
245
249
251
255
259
263
265
269
273
279
283
289
306
306
309
317
325
335
358
358
369
381
399
411
429
456
464
564
564
565
565
565
565
565
565
565
565
565
565
565
565
565
565
565
565
565
565
565
565
565
Start 86
48
66
71
86
88
94
100
95
107
106
116
112
104
104
105
106
108
108
108
96
96
94
94
94
95
97
99
101
101
115
115
115
116
116
116
117
117
117
117
117
117
117
117
118
118
118
118
119
119
123
145
171
203
262
264
264
266
268
270
274
276
257
257
259
259
259
243
243
243
243
243
242
242
242
242
242
242
242
242
242
242
243
243
243
243
243
243
243
243
243
243
243
243
243
243
243
243
243
244
244
Start 87
60
76
88
93
106
100
122
110
110
112
116
126
116
170
12
12
12
12
12
12
12
12
12
12
12
12
12
12
12
12
12
12
12
12
12
12
12
12
12
12
12
12
12
12
12
12
12
12
12
12
12
12
12
12
12
12
12
12
12
12
12
12
12
12
12
12
12
12
12
12
12
12
12
12
12
12
12
12
12
12
12
12
12
12
12
12
12
12
12
12
12
12
12
12
12
12
12
12
12
12
Start 88
76
65
82
62
65
71
71
72
72
81
78
85
85
86
89
95
97
99
101
103
105
107
109
110
112
113
72
72
74
119
127
139
155
185
238
188
176
172
170
170
170
172
176
184
192
202
210
222
234
255
256
257
257
259
259
259
261
261
261
263
263
264
265
265
266
266
267
267
268
268
269
269
270
270
270
270
271
271
272
272
272
272
273
273
274
274
274
274
274
274
275
275
275
276
276
276
276
276
276
276
Start 89
89
125
111
134
144
180
117
114
112
74
120
135
134
136
134
128
72
126
124
131
78
122
120
119
119
120
121
131
78
128
127
125
76
76
76
123
123
124
124
78
78
78
78
77
111
111
111
111
111
111
126
159
345
346
345
347
347
185
185
185
187
355
356
356
357
358
359
360
360
360
361
362
362
363
364
364
364
365
366
366
366
367
368
368
368
369
369
370
370
370
370
371
372
372
372
372
373
373
374
374
Start 90
59
71
47
52
58
67
95
97
100
89
103
104
105
106
106
107
108
108
108
109
109
109
109
110
110
110
110
110
111
111
111
111
111
111
111
111
112
112
112
112
112
112
112
112
112
112
112
112
112
112
112
112
112
112
112
112
112
112
113
113
113
113
113
113
113
113
113
113
113
113
113
113
113
113
113
113
113
113
113
113
113
113
113
113
113
113
113
113
113
113
113
113
113
113
113
113
113
113
113
113
Start 91
124
122
125
134
160
165
127
122
121
123
125
125
127
127
129
129
142
143
228
139
131
131
131
131
131
131
131
129
129
129
129
129
129
129
129
129
130
131
132
133
133
134
135
136
136
552
137
137
138
138
138
138
139
140
221
571
573
575
577
578
580
581
583
584
586
587
589
590
591
593
594
595
596
597
599
600
602
603
603
604
606
607
608
609
610
611
611
613
614
615
616
617
617
618
619
620
620
621
622
623
Start 92
60
108
104
109
113
88
88
87
118
94
92
92
90
92
92
92
94
94
96
119
126
117
91
91
91
91
93
93
93
93
93
93
93
93
93
93
93
93
93
93
93
93
93
93
93
93
93
93
93
93
93
93
93
93
93
93
94
94
94
113
223
223
223
223
223
224
224
224
224
224
224
224
224
225
225
225
225
225
225
225
225
225
235
235
233
233
233
231
229
229
227
225
223
223
221
219
219
217
215
215
Start 93
65
95
113
135
73
97
99
101
125
126
127
127
128
129
130
130
131
131
132
132
146
133
161
187
222
224
226
228
230
231
233
235
237
239
240
241
243
245
246
247
248
249
250
251
251
253
253
254
255
255
256
257
257
257
258
259
259
259
260
260
261
261
261
262
263
263
263
263
264
264
265
265
265
265
265
266
266
266
267
267
267
267
267
267
268
268
268
269
279
231
211
211
209
209
207
207
205
205
203
203
Start 94
70
98
131
79
84
86
89
79
56
58
60
145
149
152
155
158
160
163
165
167
238
239
240
241
241
245
243
243
13
13
13
13
13
13
13
13
13
12
12
12
12
12
12
12
12
12
12
12
12
12
12
12
12
12
12
12
12
12
12
12
12
12
12
12
12
12
12
12
12
12
12
12
12
12
12
12
12
12
12
12
12
12
12
12
12
12
12
12
12
12
12
12
12
12
12
12
12
12
12
12
Start 95
74
123
106
111
55
183
62
66
68
71
73
75
77
77
79
79
80
81
81
83
83
83
83
84
84
85
85
85
85
85
86
86
86
86
87
87
87
87
87
87
87
87
88
88
88
88
88
88
88
88
88
88
88
88
88
88
88
88
88
88
88
88
88
88
88
88
88
89
89
89
89
89
89
90
90
90
90
90
90
90
90
90
90
90
90
90
90
90
90
90
90
90
90
90
90
90
90
90
90
90
Start 96
114
99
120
128
129
149
164
127
134
138
142
144
146
150
203
161
163
166
169
223
225
229
361
363
586
587
587
586
586
586
585
585
584
584
583
583
582
582
581
581
581
580
580
580
579
579
579
579
579
578
578
578
578
577
577
577
577
577
577
577
577
577
577
577
577
577
577
577
577
577
577
577
577
577
577
577
577
577
577
577
577
577
577
577
577
577
577
577
577
577
577
577
577
577
577
577
577
577
577
577
Start 97
55
79
45
53
116
53
127
127
129
131
152
149
143
144
117
119
119
119
119
119
121
121
121
121
123
123
123
123
123
123
147
147
147
147
147
147
147
147
147
147
147
147
147
147
147
147
147
147
147
147
147
147
147
147
147
147
147
147
147
147
147
147
147
147
147
147
147
147
147
147
147
147
147
147
147
147
147
147
147
147
147
147
147
147
147
47
47
45
44
43
43
42
41
41
39
39
39
37
37
37
Start 98
125
115
117
88
140
103
110
165
168
142
166
142
146
146
148
151
180
65
182
184
185
185
186
92
188
188
189
189
189
190
190
190
64
64
64
193
193
193
191
191
191
191
190
190
190
190
190
190
190
190
190
190
189
189
189
189
189
142
189
189
189
188
188
188
188
188
188
188
189
189
189
189
189
189
189
189
189
189
189
189
189
189
189
189
189
189
190
190
190
190
190
190
190
190
190
190
190
190
190
190
Start 99
144
94
163
119
124
132
84
108
111
115
112
113
116
106
107
107
107
12
12
12
12
12
12
12
12
12
12
12
12
12
12
12
12
12
12
12
12
12
12
12
12
12
12
12
12
12
12
12
12
12
12
12
12
12
12
12
12
12
12
12
12
12
12
12
12
12
12
12
12
12
12
12
12
12
12
12
12
12
12
12
12
12
12
12
12
12
12
12
12
12
12
12
12
12
12
12
12
12
12
12
Start 100
48
138
66
76
99
91
106
223
435
193
198
202
193
195
198
230
197
198
199
201
203
203
203
203
205
205
207
207
458
459
459
459
459
459
459
459
459
459
459
459
459
459
459
459
459
460
460
460
460
460
460
460
460
92
92
90
90
88
86
86
84
84
84
82
82
80
80
78
78
78
76
76
76
74
74
74
72
72
72
70
70
70
70
68
68
68
68
66
66
66
66
64
64
64
64
64
62
62
62
62
