Start 1
16
22
34
95
100
250
257
177
206
218
250
365
332
348
196
319
325
479
451
247
252
505
513
284
400
427
537
550
536
350
564
580
577
586
595
604
404
409
414
379
383
388
392
438
443
447
461
464
467
547
478
559
417
481
424
537
537
503
451
508
458
460
465
470
520
557
560
564
527
578
375
376
379
381
473
478
583
523
352
353
354
355
481
485
591
487
498
498
499
500
502
505
509
348
349
353
524
528
355
357
Start 2
15
29
119
150
181
129
241
279
349
375
398
352
267
280
461
546
322
537
530
542
663
574
590
661
428
757
447
523
466
424
567
566
572
592
433
692
462
454
469
474
676
445
512
473
491
495
499
529
496
473
533
481
485
558
540
496
497
495
498
526
375
511
538
517
392
389
392
531
386
389
394
548
578
398
401
403
363
587
588
366
370
515
595
373
375
376
611
615
384
383
445
633
637
642
646
451
640
644
646
401
Start 3
14
40
122
89
131
221
246
188
206
224
248
256
292
379
387
391
439
437
350
472
424
427
546
454
473
492
489
501
364
471
479
494
473
521
518
500
422
506
514
531
536
542
558
613
615
579
555
565
606
574
384
639
636
633
614
602
609
617
624
637
637
644
661
639
645
651
267
268
270
271
272
273
275
276
277
278
279
697
701
705
709
713
664
666
725
729
507
296
740
744
747
751
297
296
297
298
299
300
750
522
Start 4
16
43
69
157
138
246
248
355
353
551
358
347
683
425
602
305
329
628
346
369
652
395
433
431
441
462
459
833
527
484
493
423
568
423
427
433
352
360
454
460
480
473
480
617
504
393
397
402
407
330
335
421
426
432
438
442
384
387
386
387
388
394
406
392
395
406
407
414
406
392
406
410
413
401
403
425
407
420
426
282
284
432
407
407
407
435
415
414
440
442
423
293
294
449
456
454
454
455
457
477
Start 5
15
46
88
212
262
363
422
415
492
487
523
403
671
646
408
618
539
649
670
732
717
640
525
540
681
700
719
625
590
776
618
823
657
666
682
685
676
602
610
619
626
634
758
652
660
770
675
622
816
641
703
859
584
591
582
489
491
494
498
502
511
515
719
628
637
625
529
533
537
638
642
563
565
656
557
661
662
665
578
581
559
365
589
592
369
371
372
608
606
610
614
617
621
473
475
540
542
544
546
367
Start 6
15
24
91
63
88
148
182
238
259
270
294
361
382
398
419
453
478
405
415
435
445
469
490
495
535
545
314
563
323
489
505
511
598
606
533
375
540
647
386
386
388
344
346
351
412
414
424
424
425
426
427
431
444
444
444
467
457
458
460
464
468
490
488
532
533
501
500
364
365
507
546
513
520
547
523
526
508
512
515
379
380
381
391
531
348
349
350
351
352
354
356
359
364
390
527
412
414
360
361
362
Start 7
16
80
78
66
154
143
201
218
237
278
187
283
339
331
341
343
261
380
418
396
444
362
465
489
379
394
397
396
416
426
497
484
433
470
568
485
503
527
499
481
522
558
568
607
537
516
552
539
544
420
424
619
629
637
686
411
580
605
600
428
430
433
437
441
624
455
441
650
465
651
471
473
475
478
482
486
489
493
638
478
480
482
492
489
487
308
490
492
507
502
498
511
505
502
504
505
524
516
510
470
Start 8
16
48
59
85
147
175
278
210
247
273
331
311
454
284
297
349
389
360
469
415
435
413
444
469
477
432
495
496
607
503
513
611
615
372
590
540
592
344
347
350
544
551
635
538
378
650
554
563
565
572
582
475
602
599
546
550
553
557
560
582
585
570
600
607
600
474
475
351
566
353
355
357
358
360
362
363
364
366
420
445
447
500
451
424
428
432
389
391
392
394
395
397
387
388
389
437
438
443
448
442
Start 9
15
21
97
106
158
194
208
302
279
395
448
443
474
504
528
432
588
480
483
492
339
524
544
569
360
367
627
568
642
590
604
418
649
554
563
579
578
603
610
616
623
630
783
652
660
592
682
567
573
621
585
636
638
408
407
410
415
420
425
432
689
427
432
377
453
452
452
456
461
472
463
431
432
434
435
436
438
440
442
483
447
449
414
416
419
421
424
437
290
290
291
292
431
433
435
456
446
445
446
454
Start 10
16
25
56
124
167
147
188
190
203
239
207
221
227
287
305
317
331
315
328
342
330
337
348
361
360
367
374
380
392
393
399
410
451
432
450
441
460
450
458
477
352
355
362
501
519
523
528
535
543
554
567
564
476
401
443
447
451
491
436
443
466
451
454
454
361
459
521
523
471
477
479
537
549
484
486
490
493
496
499
503
495
498
500
406
406
507
412
429
431
414
416
418
439
426
425
427
430
448
446
446
Start 11
14
37
58
74
134
143
144
153
175
185
205
228
260
216
222
253
259
265
280
283
294
310
316
313
339
334
365
403
336
343
352
365
369
465
393
488
344
355
439
387
357
390
508
460
478
517
443
495
543
465
469
553
386
390
500
468
472
477
375
377
379
382
540
548
493
395
400
494
487
493
519
544
407
411
415
429
478
481
484
487
495
493
497
500
503
507
511
521
521
536
531
440
518
407
407
409
447
445
406
406
Start 12
14
30
70
113
147
175
186
198
220
261
283
296
442
339
352
347
368
387
402
576
587
618
640
443
403
630
485
496
447
463
460
462
476
719
757
741
782
779
835
744
799
499
541
509
796
803
811
820
535
537
548
384
578
383
384
399
385
577
400
385
385
389
401
403
402
408
404
405
408
412
416
419
427
432
474
433
440
438
441
444
446
449
451
454
404
404
404
405
405
406
408
410
412
414
418
420
422
433
428
430
Start 13
16
29
60
216
201
240
234
250
405
379
331
351
378
366
391
415
849
462
487
721
499
579
668
501
854
795
635
552
566
690
916
709
703
719
745
744
698
711
702
714
811
555
562
569
590
583
603
609
585
601
627
606
625
463
630
473
626
633
470
491
482
483
662
677
680
688
700
700
682
704
714
714
425
724
729
734
739
744
749
715
562
563
564
565
566
567
568
569
581
582
587
771
584
585
586
587
590
593
538
539
Start 14
16
38
52
82
123
150
278
241
255
312
186
335
261
252
352
231
480
249
251
404
614
417
448
459
455
456
465
480
343
478
348
352
573
271
275
558
553
447
584
562
571
600
598
588
601
602
625
440
463
317
319
478
331
331
710
720
476
347
395
507
402
350
352
355
359
365
371
367
370
372
379
378
381
384
363
364
442
434
383
386
386
440
388
389
389
390
390
390
390
391
394
398
405
400
411
412
412
413
418
416
Start 15
43
58
73
110
166
265
292
365
415
428
355
477
498
513
531
447
465
344
505
284
381
407
567
440
326
456
468
448
491
471
728
530
534
517
697
799
357
363
369
375
715
387
394
733
763
663
416
391
588
566
572
581
427
370
374
378
388
386
461
353
395
400
404
408
411
424
427
487
433
436
439
441
410
414
502
461
685
468
468
470
473
475
478
481
492
486
490
494
497
501
503
508
512
514
518
587
529
516
518
538
Start 16
15
20
56
141
274
219
247
402
403
346
272
498
512
345
631
597
390
286
300
303
317
346
350
370
358
367
386
392
405
420
370
430
382
392
388
392
396
400
405
426
411
420
422
432
443
441
430
480
453
495
491
451
476
487
470
509
530
517
495
503
507
513
518
524
558
559
498
501
506
537
513
591
521
345
528
532
513
514
542
526
564
567
570
538
539
540
539
546
450
589
592
555
456
458
606
552
638
566
567
388
Start 17
14
34
109
120
146
159
206
353
276
275
241
261
350
288
293
313
322
340
333
361
398
391
408
433
448
324
338
340
415
423
355
12
12
12
12
12
12
12
12
12
12
12
12
12
12
12
12
12
12
12
12
12
12
12
12
12
12
12
12
12
12
12
12
12
12
12
12
12
12
12
12
12
12
12
12
12
12
12
12
12
12
12
12
12
12
12
12
12
12
12
12
12
12
12
12
12
12
12
12
12
Start 18
14
76
77
162
279
295
268
335
455
296
518
629
638
661
501
552
589
596
463
543
717
648
230
233
769
243
255
256
262
259
261
280
278
281
273
277
289
287
287
287
290
300
298
502
763
311
310
311
324
526
529
533
361
359
499
292
293
492
364
361
374
301
303
365
515
383
379
377
386
381
363
386
389
390
392
394
395
397
399
402
405
408
445
444
451
441
408
355
355
354
447
412
415
451
353
353
460
464
458
460
Start 19
15
34
83
112
135
162
293
210
236
362
411
389
326
488
359
626
430
583
459
415
430
436
463
519
562
572
498
508
520
521
529
317
323
652
573
581
663
689
716
720
764
731
712
565
714
449
455
595
764
610
617
708
620
490
496
532
441
467
446
553
559
532
806
497
818
457
498
466
468
515
474
493
479
600
522
528
489
492
512
498
517
520
505
525
528
513
516
518
410
541
526
528
532
534
536
539
542
545
547
493
Start 20
14
37
84
162
202
320
172
206
212
365
402
312
274
251
350
267
321
335
380
330
337
355
353
378
451
445
391
400
410
730
562
455
464
526
414
422
607
426
434
445
457
454
462
472
482
490
546
506
560
478
445
450
434
501
504
438
440
525
589
534
462
464
467
470
532
581
538
464
492
679
484
687
513
430
488
485
481
511
507
503
507
503
508
526
496
505
505
539
522
527
523
529
519
339
417
418
534
533
531
530
Start 21
16
25
66
85
91
162
177
231
225
225
267
316
292
315
261
347
326
328
343
370
368
373
375
381
381
228
398
422
305
451
453
463
468
468
519
483
542
497
514
515
521
563
555
561
564
450
450
451
593
588
471
615
477
477
489
483
490
626
497
472
505
510
516
395
496
526
529
555
558
586
565
515
520
591
589
523
525
490
491
534
535
500
503
505
412
413
414
416
622
524
617
424
423
403
404
424
405
406
427
406
Start 22
18
70
90
134
160
266
154
396
340
199
574
512
355
671
703
411
548
319
450
343
631
569
596
384
393
390
652
412
659
723
444
706
732
770
758
799
470
474
480
487
496
862
458
499
503
507
898
873
880
525
528
566
569
576
583
727
555
557
560
586
589
532
535
602
548
550
618
554
618
1021
626
705
705
708
714
563
783
786
810
813
1074
638
505
507
651
809
514
516
521
295
523
525
954
805
808
811
815
816
819
821
Start 23
16
23
76
97
126
156
141
154
278
296
369
578
364
423
407
503
477
503
372
387
403
593
603
429
442
454
468
472
482
491
513
511
527
539
738
543
551
559
583
578
597
591
599
607
614
625
637
650
652
582
587
469
469
475
476
482
487
493
499
511
511
495
499
526
509
513
517
521
526
530
748
843
459
460
461
462
463
469
465
466
468
472
476
481
485
613
404
405
405
405
627
545
547
549
559
559
559
530
562
613
Start 24
17
33
73
94
346
123
336
384
525
397
489
512
780
592
591
491
645
453
445
561
738
661
495
705
714
709
776
556
578
598
840
599
609
617
619
885
931
636
922
813
782
837
424
431
674
759
443
705
454
772
528
534
540
531
536
449
450
452
454
458
463
471
467
479
474
477
481
484
488
501
503
506
509
513
517
534
515
519
549
540
544
502
505
508
456
511
514
519
523
507
564
457
456
556
468
469
476
581
465
472
Start 25
14
51
64
79
174
246
269
194
225
208
378
369
301
421
322
337
458
358
368
474
422
520
679
383
610
588
599
631
500
422
429
436
452
457
462
471
467
471
476
292
295
297
300
377
383
308
614
425
429
433
437
447
445
452
453
457
461
515
470
423
364
503
506
509
370
372
373
375
376
378
382
387
478
384
393
491
402
402
401
401
401
401
401
402
404
406
408
411
412
414
416
421
424
422
424
427
429
444
449
502
Start 26
14
18
38
67
101
154
177
187
227
251
293
247
280
294
299
327
347
356
332
339
346
353
284
384
391
395
400
407
396
415
445
443
455
458
455
461
467
474
498
499
537
546
517
522
526
531
577
560
586
588
322
574
577
580
582
526
587
345
345
346
547
354
618
349
350
351
354
353
354
358
361
365
369
361
363
364
366
368
476
372
373
375
478
478
377
566
567
567
569
495
495
495
582
585
597
478
505
506
507
509
Start 27
17
39
108
259
213
376
320
334
365
574
398
433
533
715
698
740
535
561
680
611
574
768
654
610
642
654
673
698
835
912
488
758
987
505
513
522
970
535
701
554
556
586
616
623
603
608
614
619
624
629
370
373
377
381
385
658
663
709
674
477
482
634
681
685
577
581
584
588
665
439
440
444
447
450
523
527
620
529
629
634
639
666
555
482
484
676
488
490
492
494
496
498
500
502
504
506
508
510
593
594
Start 28
14
47
106
149
150
148
163
182
229
239
259
282
395
346
316
330
436
408
461
384
516
388
506
528
424
537
544
501
565
575
582
476
479
641
627
607
516
526
536
519
525
532
541
517
554
565
566
449
574
566
569
573
564
567
581
589
587
589
592
594
596
599
604
609
615
491
610
498
498
502
506
510
625
627
632
632
647
664
660
656
508
508
509
512
667
517
519
668
670
672
675
676
539
540
541
542
543
394
393
394
Start 29
14
20
71
68
132
114
152
191
280
222
240
245
259
281
305
352
382
304
335
380
351
349
605
396
356
369
545
475
480
493
436
497
443
448
422
476
533
483
479
482
488
477
481
484
490
562
561
531
533
562
563
564
566
368
365
377
376
382
593
382
592
602
600
602
606
613
412
411
413
415
417
420
422
627
433
432
436
369
370
675
403
653
436
571
571
571
417
418
382
383
384
385
594
562
436
568
597
472
600
525
Start 30
14
37
125
108
128
129
148
322
433
223
420
251
583
246
257
450
664
444
728
831
563
525
535
711
490
399
510
598
530
569
635
558
469
609
614
626
409
632
642
549
557
737
572
430
572
699
583
587
595
610
603
606
493
409
397
638
404
407
655
423
426
429
432
435
438
441
444
422
424
426
428
431
433
436
442
441
444
298
443
444
446
448
449
451
452
454
459
409
411
413
416
346
420
421
423
424
425
489
479
483
Start 31
14
47
63
154
135
203
257
307
322
257
205
400
448
463
330
415
550
581
297
448
631
320
648
359
369
381
774
376
379
397
392
396
418
413
412
414
418
438
457
442
451
449
460
465
475
469
485
482
488
495
502
510
487
491
495
507
508
510
513
518
522
526
530
386
389
542
534
550
541
557
406
569
556
560
559
417
566
569
572
575
578
495
586
501
500
502
514
508
511
517
517
450
614
616
530
621
495
301
302
303
Start 32
14
22
32
100
124
217
160
184
289
314
684
394
600
668
750
463
739
466
620
591
656
610
710
507
517
966
798
722
782
795
511
513
582
534
591
542
547
551
557
630
700
892
688
716
722
730
1041
846
633
591
644
903
645
649
659
650
651
655
618
621
672
636
637
646
644
682
290
295
678
502
503
505
521
508
509
524
784
698
708
712
883
709
717
718
669
675
825
672
675
687
525
526
684
686
423
425
425
427
427
429
Start 33
14
26
82
121
162
207
300
187
195
225
238
433
384
409
463
428
307
500
420
450
536
614
462
541
461
461
471
481
650
585
511
521
597
371
378
545
678
686
385
391
632
664
648
671
386
390
645
650
412
661
415
696
708
434
436
420
746
525
604
602
523
462
461
469
470
462
494
466
393
394
480
506
398
398
345
349
351
521
489
553
338
340
496
498
510
511
514
513
514
355
516
359
519
521
377
526
529
531
534
536
Start 34
15
21
91
97
121
271
239
263
393
434
513
477
556
502
533
539
487
283
694
710
361
366
654
467
395
634
471
725
358
802
372
565
565
578
563
580
561
606
612
487
589
610
580
582
584
565
566
575
482
590
596
591
596
344
349
611
616
621
631
631
635
640
552
556
561
567
539
544
550
323
586
537
538
539
540
761
541
544
546
549
551
554
557
559
562
565
568
571
459
461
462
603
599
614
607
614
629
486
486
486
Start 35
14
26
83
104
117
137
177
205
214
231
216
405
415
266
217
227
319
356
331
352
270
259
597
378
394
403
412
423
483
504
512
735
535
508
463
530
530
377
550
549
563
398
378
409
544
545
553
566
523
562
590
625
592
639
434
595
614
629
491
612
767
639
582
588
500
504
679
677
467
468
469
470
471
474
477
507
698
490
491
665
527
527
509
510
531
532
691
616
523
526
622
620
698
625
777
524
524
642
572
654
Start 36
17
55
65
190
230
279
423
331
467
397
413
457
676
496
1028
589
856
673
701
870
897
672
850
682
821
722
732
889
889
913
929
818
682
871
886
836
849
960
944
959
1113
988
1027
1036
1057
1059
1073
1080
1072
869
1113
1124
1056
1070
1121
1088
1098
961
743
1149
524
525
615
615
618
632
797
633
807
811
816
669
673
542
545
548
551
593
602
602
713
611
615
733
624
947
959
803
625
629
632
635
844
849
853
857
861
864
870
885
Start 37
14
58
75
153
133
143
160
188
341
208
251
265
337
272
316
298
382
333
340
400
404
502
365
379
391
449
400
407
440
451
554
453
483
580
593
394
596
603
614
532
529
535
542
529
563
539
574
579
653
575
579
587
434
439
696
648
654
720
727
692
698
386
390
540
770
544
741
558
561
561
566
571
575
719
789
439
440
442
443
444
447
451
454
457
465
464
468
483
484
486
720
715
717
719
639
641
512
517
731
737
Start 38
14
38
74
129
223
164
169
190
210
248
448
706
754
415
447
462
472
726
577
594
608
611
605
614
680
692
656
749
690
693
708
509
614
623
532
644
650
658
666
628
701
350
718
359
13
12
12
12
12
12
12
12
12
12
12
12
12
12
12
12
12
12
12
12
12
12
12
12
12
12
12
12
12
12
12
12
12
12
12
12
12
12
12
12
12
12
12
12
12
12
12
12
12
12
12
12
12
12
12
12
Start 39
18
39
72
106
124
163
205
219
270
306
293
333
347
363
423
405
416
441
436
481
510
533
519
537
524
501
449
457
464
472
413
491
501
448
577
594
600
609
583
589
501
516
621
523
527
541
542
639
561
570
579
589
669
675
680
603
611
618
705
623
586
639
595
628
635
643
481
484
486
649
654
642
498
502
506
509
513
554
558
561
564
606
610
614
618
630
629
564
567
543
546
573
649
661
662
663
665
667
671
675
Start 40
17
53
82
165
108
173
236
292
230
385
269
228
260
367
460
300
418
433
376
479
586
421
429
419
560
448
456
730
747
512
500
511
610
620
550
646
612
619
625
459
638
644
650
655
661
667
685
691
697
703
730
722
721
819
833
566
768
578
584
782
858
546
593
553
558
563
617
830
723
565
566
568
613
616
620
685
631
631
500
502
505
653
658
619
505
388
508
509
511
642
485
680
659
630
666
646
696
482
482
484
Start 41
15
40
110
146
193
139
239
305
290
218
337
335
233
411
251
260
461
470
445
458
397
498
409
563
527
460
578
467
399
474
413
420
515
435
443
383
385
561
552
413
415
419
422
450
440
440
442
445
450
454
463
461
465
468
472
433
435
437
485
441
444
448
303
305
307
310
515
519
522
527
598
601
603
607
608
611
613
603
605
340
342
344
540
500
545
632
552
635
532
372
619
538
539
541
543
550
483
315
551
553
Start 42
14
17
65
83
154
131
145
210
267
252
249
280
321
540
335
322
412
419
431
456
444
461
451
475
485
418
448
511
502
512
526
295
572
304
548
545
551
308
312
564
567
572
580
573
580
323
570
333
539
340
345
340
344
348
502
504
384
386
382
381
382
393
392
397
392
394
401
398
401
403
405
409
415
471
418
416
419
421
562
489
490
491
493
494
465
496
497
498
474
473
474
502
455
456
457
611
515
516
517
517
Start 43
17
52
131
160
219
188
291
221
333
375
395
414
320
528
523
555
489
593
479
629
494
508
521
557
569
592
610
670
600
613
663
673
652
664
715
697
748
720
593
731
602
608
616
623
631
640
661
667
682
691
870
743
749
755
504
620
833
402
921
985
646
653
526
653
568
571
574
548
555
561
697
707
718
809
897
821
827
659
461
919
962
374
377
764
684
688
421
424
426
642
646
572
655
659
686
691
714
713
713
711
Start 44
15
65
149
185
143
245
181
297
222
230
538
432
224
468
293
311
321
397
406
329
330
341
285
288
301
320
325
320
543
558
302
385
319
321
318
418
325
331
351
356
355
358
323
326
381
360
382
679
442
358
392
394
396
409
405
380
406
441
410
413
414
386
418
420
391
394
399
390
393
399
406
402
405
409
524
506
506
508
508
510
524
524
499
498
498
497
496
495
352
353
354
355
355
356
357
358
358
359
360
361
Start 45
15
41
78
85
111
129
305
231
515
428
359
513
413
475
209
611
506
666
351
884
742
289
709
275
276
280
324
331
347
353
365
471
342
347
349
391
398
333
337
341
398
407
391
474
481
404
428
435
428
436
411
415
445
421
424
452
442
449
448
452
457
462
450
452
453
454
469
483
462
464
474
487
363
363
363
368
522
323
325
328
505
507
521
521
527
527
496
497
523
500
502
534
349
349
350
351
352
354
354
356
Start 46
14
20
47
95
79
132
210
208
265
311
250
381
354
252
268
433
422
411
295
296
444
431
324
334
372
473
458
499
504
516
522
526
538
323
324
330
590
330
340
339
346
342
348
354
349
367
376
603
385
414
417
365
367
369
371
374
377
380
383
398
439
443
465
409
427
428
429
472
433
435
447
447
447
447
448
448
449
439
451
453
454
456
489
444
446
523
527
506
535
505
506
476
475
474
475
478
518
520
511
511
Start 47
15
22
67
103
130
124
140
168
180
254
301
300
311
355
329
347
425
393
502
406
532
532
543
507
521
442
488
601
548
511
635
420
429
635
423
460
661
458
667
708
585
595
713
485
649
496
503
510
516
525
679
765
539
702
550
556
562
558
565
585
525
531
598
590
596
595
546
782
642
560
635
555
560
549
587
577
579
582
585
588
591
798
813
816
805
804
803
802
644
645
647
649
805
811
769
654
656
658
660
661
Start 48
14
24
107
131
162
238
213
455
454
288
364
310
704
688
499
656
689
430
591
467
482
500
795
524
538
553
809
624
451
647
662
485
683
714
595
744
636
646
656
666
675
655
692
1137
818
488
494
851
583
404
730
738
604
1173
450
820
308
686
922
873
489
475
499
714
772
733
739
513
734
518
733
525
713
744
749
729
759
532
533
536
542
536
537
540
540
888
570
567
564
578
574
565
567
571
570
572
575
587
716
553
Start 49
16
36
61
110
179
220
320
361
389
242
329
278
294
479
423
408
415
571
580
472
483
656
450
699
550
512
484
491
498
508
513
519
528
608
554
663
668
571
459
463
468
467
477
475
476
479
498
500
490
491
505
507
509
435
437
514
517
445
446
449
376
379
382
387
489
557
555
531
408
432
556
587
563
593
419
450
451
454
566
501
493
494
495
498
428
316
318
599
600
443
445
431
433
451
438
440
442
461
463
466
Start 50
14
24
79
146
154
124
141
249
157
317
330
438
650
396
417
416
327
242
333
468
478
372
498
499
345
352
359
548
360
474
637
440
373
375
380
378
383
382
393
387
394
389
393
404
438
406
415
410
415
612
576
386
443
358
360
363
367
371
313
378
615
317
318
319
320
321
322
611
325
327
329
331
333
335
481
483
485
487
489
452
454
591
473
476
414
416
418
420
422
424
426
428
261
262
262
263
266
398
399
266
Start 51
15
37
62
89
158
144
217
392
410
286
325
339
280
296
307
393
339
418
632
430
370
537
596
609
504
621
759
639
636
755
378
465
473
840
667
677
677
430
706
449
740
510
462
528
531
534
537
540
749
757
595
596
303
600
642
614
615
652
617
620
633
621
635
763
768
789
688
665
665
665
665
477
480
482
667
667
668
693
671
717
554
556
700
686
702
703
705
707
417
418
385
386
387
388
388
427
430
433
400
400
Start 52
14
17
65
96
114
113
151
161
339
261
222
233
313
203
319
274
286
407
417
387
451
461
463
316
320
535
502
514
393
395
397
357
360
363
366
433
375
439
462
465
465
460
313
317
323
329
426
504
446
480
453
341
462
467
361
523
441
522
375
374
518
522
546
533
540
567
434
437
572
443
447
451
463
462
464
469
473
462
464
465
314
316
317
319
484
478
481
483
486
317
318
338
339
339
340
340
339
339
340
342
Start 53
14
37
65
79
121
86
134
155
303
202
263
311
338
379
395
407
190
201
464
441
445
526
499
269
384
361
365
370
439
306
311
301
306
335
612
335
340
345
350
354
336
342
348
353
358
481
490
491
501
406
409
416
518
421
404
407
411
415
418
370
373
375
377
379
381
382
443
454
450
453
456
459
462
467
470
470
402
476
409
414
483
531
453
425
426
436
436
442
437
432
449
437
434
435
437
438
440
442
443
445
Start 54
15
43
80
195
214
255
265
371
331
349
377
388
415
428
457
460
497
628
512
793
435
574
584
803
820
618
526
847
705
556
659
736
495
496
498
515
524
536
534
545
564
811
563
593
567
594
601
589
594
606
608
615
647
461
464
643
646
651
604
481
486
672
680
684
713
718
723
728
654
659
555
668
558
561
564
763
767
567
568
572
393
395
396
398
546
399
404
401
555
936
561
413
567
872
572
874
875
419
420
881
Start 55
15
24
114
140
170
175
238
279
304
235
361
329
358
373
344
336
419
445
455
476
535
585
529
553
567
579
577
612
620
634
673
493
534
470
514
487
492
537
549
560
569
576
372
584
591
604
606
624
621
645
637
642
649
657
665
434
704
751
453
570
453
780
592
792
594
663
555
560
565
569
523
827
530
533
540
540
544
547
551
492
493
496
503
555
512
560
562
450
570
512
449
524
515
517
458
528
527
531
536
541
Start 56
16
43
117
143
306
272
258
430
207
203
428
455
255
263
271
279
539
453
464
398
523
371
408
426
397
400
408
408
435
420
446
451
477
465
480
483
493
522
524
527
545
502
544
521
407
573
529
429
538
580
436
442
479
569
438
578
479
457
456
456
701
712
465
485
483
710
494
492
474
500
496
527
502
533
535
576
564
566
568
548
549
574
437
437
438
511
513
819
817
595
557
558
559
561
493
494
658
661
664
664
Start 57
16
28
87
94
128
160
173
195
256
270
264
278
306
317
350
359
359
371
401
418
425
447
454
468
478
511
370
383
384
403
413
416
430
426
434
443
437
461
484
462
502
498
513
542
374
527
546
485
553
521
514
539
526
532
537
441
444
446
526
565
571
579
547
549
553
491
496
500
503
507
511
515
518
523
515
518
590
467
468
470
472
474
475
477
478
480
481
483
484
485
424
488
503
493
493
494
494
495
496
497
Start 58
15
63
73
62
113
148
239
244
291
252
318
366
331
319
412
433
372
390
470
484
426
428
538
397
579
594
576
442
594
444
464
632
646
648
460
463
668
679
486
529
531
547
546
524
530
574
543
573
420
582
586
439
441
443
590
451
601
625
628
656
641
705
667
648
667
658
663
668
673
688
689
690
505
505
505
506
506
430
431
509
435
434
443
440
438
439
440
480
456
456
456
545
556
462
457
464
459
461
463
465
Start 59
15
30
115
140
178
210
233
249
280
323
312
350
352
434
392
389
391
416
417
434
537
545
464
474
592
379
613
625
600
615
359
611
370
657
652
623
628
387
391
662
650
650
653
707
484
487
491
537
499
504
509
724
464
467
726
729
483
479
487
433
433
494
489
491
493
496
507
521
518
539
510
514
518
523
447
450
526
530
535
402
404
392
407
409
411
397
414
555
557
404
479
425
479
481
483
413
414
414
427
427
Start 60
15
42
83
116
147
273
204
327
551
416
474
340
488
563
347
508
375
398
418
633
547
671
703
718
535
481
498
512
732
733
525
532
829
531
548
552
564
434
423
444
448
452
455
623
459
521
631
648
472
471
479
478
483
498
501
503
508
586
685
513
519
524
588
610
615
806
615
619
532
603
626
974
905
471
476
663
475
482
478
479
481
483
619
622
493
493
493
495
498
548
550
552
554
574
576
577
579
580
582
584
Start 61
15
29
54
77
124
131
254
230
395
574
263
460
300
518
555
563
585
465
493
759
742
764
484
553
605
503
499
506
512
527
531
507
519
526
525
530
554
584
589
585
632
602
590
594
608
621
600
628
635
666
632
677
648
656
663
684
619
624
697
636
642
719
726
683
691
687
692
702
700
722
731
702
675
679
734
714
718
721
738
736
739
698
701
746
749
368
710
714
749
752
755
722
800
800
995
1000
1065
749
803
805
Start 62
17
42
85
113
159
178
170
300
333
351
348
373
408
395
303
473
420
446
505
579
491
597
627
664
557
735
637
610
628
735
751
504
783
801
718
463
841
579
696
757
793
805
929
673
382
879
893
547
405
589
563
569
419
537
425
432
582
419
423
427
430
443
586
443
444
448
451
458
456
459
461
464
466
476
472
475
478
481
484
486
489
492
498
505
512
571
509
512
516
559
560
525
562
564
566
568
439
440
441
442
Start 63
18
31
100
129
139
155
203
225
245
321
349
408
426
471
503
476
374
506
436
454
459
470
495
362
513
551
532
571
565
583
410
610
440
448
460
559
639
551
557
563
690
453
457
609
625
518
838
541
487
494
547
551
551
347
349
568
526
532
575
541
584
589
570
575
618
565
446
449
451
530
533
536
464
464
416
417
417
589
417
418
482
543
489
345
346
347
550
494
350
351
564
458
635
342
641
599
647
346
347
348
Start 64
14
71
66
105
256
103
114
388
427
151
302
171
325
346
622
381
647
705
726
812
424
690
825
675
730
703
503
739
506
521
537
322
574
788
560
396
399
582
614
515
422
512
607
549
639
558
564
570
557
561
589
467
572
677
702
707
692
697
642
614
615
618
622
771
634
650
654
761
778
796
772
777
782
860
870
678
660
684
687
690
693
695
698
700
702
704
706
708
709
711
712
736
733
447
742
512
514
516
518
520
Start 65
15
33
66
111
181
259
243
325
291
272
243
254
457
476
370
376
397
405
323
333
590
654
534
741
580
460
471
380
479
488
402
654
663
637
610
539
625
501
509
516
774
444
427
455
434
376
381
479
484
467
475
393
515
524
544
554
549
503
509
514
502
505
509
513
516
520
524
538
541
544
550
601
655
556
616
528
530
531
533
681
684
610
678
676
675
680
671
668
666
663
666
670
673
684
660
683
666
669
692
695
Start 66
17
45
64
108
177
174
284
348
474
354
241
375
399
293
423
490
466
482
494
529
283
527
533
553
563
318
500
336
606
640
665
351
362
605
689
616
710
382
558
552
559
650
584
551
559
606
561
569
642
613
654
582
627
627
628
646
644
514
518
650
507
511
516
441
442
444
449
449
451
453
515
459
504
506
472
472
476
530
530
531
543
542
542
543
543
558
398
400
403
405
408
410
413
554
407
408
409
410
411
412
Start 67
13
37
57
74
132
145
160
159
168
280
296
426
211
219
424
477
395
261
529
545
556
573
442
674
716
681
479
566
645
743
732
567
746
559
627
786
798
583
618
627
615
463
617
625
616
642
633
659
666
556
692
689
699
705
672
729
682
511
693
525
525
525
535
530
534
547
546
547
556
553
557
579
447
450
452
457
591
736
822
462
806
809
721
723
721
725
698
732
735
746
741
754
754
268
269
269
270
271
271
272
Start 68
13
17
83
96
95
179
186
226
259
471
474
519
325
576
606
362
649
715
407
421
447
458
733
754
762
791
449
927
571
478
507
718
566
513
481
488
535
501
661
543
555
553
571
572
566
570
574
589
594
616
236
238
241
244
627
530
648
660
551
453
454
667
572
575
677
581
705
480
597
600
603
606
513
612
614
471
465
462
464
478
477
476
820
477
480
592
503
602
602
502
501
348
350
521
573
524
358
361
521
521
Start 69
16
57
107
145
192
169
424
301
452
689
571
557
656
876
647
767
813
414
774
544
878
708
723
386
1151
408
1184
533
683
554
712
713
468
724
605
625
637
588
322
812
820
829
519
544
421
426
433
557
905
835
780
943
936
945
400
484
403
410
917
12
12
12
12
12
12
12
12
12
12
12
12
12
12
12
12
12
12
12
12
12
12
12
12
12
12
12
12
12
12
12
12
12
12
12
12
12
12
12
12
12
Start 70
14
33
76
92
122
179
205
277
257
300
328
329
365
373
287
345
617
326
474
470
464
361
514
369
545
445
448
455
459
424
429
435
475
480
485
294
494
499
512
523
524
535
525
537
533
457
540
551
547
552
356
571
584
585
484
488
492
615
625
661
630
627
531
535
537
540
543
546
548
551
554
557
560
418
687
420
421
422
425
505
660
507
510
691
677
701
707
713
719
607
608
610
613
616
618
621
591
593
596
599
Start 71
14
25
73
175
127
212
158
273
423
208
495
537
375
319
329
410
353
444
464
490
488
410
420
362
546
565
492
488
605
557
566
683
694
566
451
457
463
580
479
487
494
501
508
615
355
359
364
659
646
656
687
675
665
527
556
678
682
687
569
572
712
710
714
593
595
601
603
608
613
731
624
630
634
628
619
637
642
623
379
631
594
640
645
650
658
647
652
656
780
653
609
659
663
667
671
675
679
683
687
863
Start 72
14
35
50
93
128
246
342
286
332
384
616
659
374
278
266
476
305
544
318
305
312
793
325
530
548
396
360
433
401
413
416
424
412
418
431
431
440
448
578
575
584
388
465
599
473
473
569
574
410
410
415
419
517
601
610
613
611
561
396
571
625
402
404
384
386
536
411
413
415
541
660
667
482
485
487
579
587
731
522
523
524
525
525
527
530
594
535
582
529
532
536
588
531
532
534
537
540
581
415
416
Start 73
35
78
118
130
270
185
337
355
439
680
286
552
511
928
651
540
698
726
741
667
702
717
738
742
554
772
793
588
804
703
851
841
853
866
667
907
913
929
950
948
1016
461
469
474
907
1081
1056
1064
1073
1426
1404
505
1107
513
519
581
586
591
678
1046
1053
1118
1086
828
832
1104
1110
861
864
564
567
981
990
893
884
887
691
694
590
593
598
603
707
709
676
678
681
814
618
724
815
820
826
669
963
972
964
842
977
971
Start 74
15
35
46
137
202
179
271
215
241
183
340
303
320
360
446
387
460
382
399
406
421
492
514
476
546
537
377
515
401
594
564
848
579
592
674
459
711
718
483
908
603
700
705
714
949
722
627
633
806
707
710
460
464
468
472
719
718
731
557
886
566
718
547
587
554
525
750
608
580
583
587
546
552
598
603
629
633
636
639
643
646
497
499
501
505
511
613
512
615
618
631
660
713
634
670
881
883
663
679
542
Start 75
16
26
52
84
100
118
120
147
166
172
168
220
206
214
251
271
322
282
379
293
388
316
285
333
335
349
338
342
353
346
373
361
372
400
375
398
409
351
401
405
414
435
420
619
390
441
394
397
453
457
460
420
416
493
434
504
511
441
445
449
397
402
503
565
510
513
517
531
523
432
437
414
416
418
420
422
424
376
438
439
415
415
416
417
419
422
426
451
421
424
389
389
390
391
392
393
394
395
396
396
Start 76
20
37
65
83
191
276
400
226
243
258
274
242
313
539
549
427
780
664
440
452
464
477
701
715
527
370
391
397
412
411
427
435
433
437
530
637
616
466
476
667
666
673
700
686
658
597
670
610
683
632
551
640
652
649
655
662
670
679
620
690
645
650
654
659
638
642
594
536
654
658
722
548
731
550
555
744
304
305
306
761
309
310
647
311
313
653
654
656
657
660
663
666
669
672
663
678
681
523
524
526
Start 77
14
21
54
132
128
136
193
321
337
233
254
256
303
292
340
362
368
333
668
357
361
370
381
413
421
427
489
499
465
471
496
481
493
489
492
498
508
523
522
530
547
543
546
555
553
564
564
577
375
579
588
590
603
599
396
398
400
402
404
405
407
409
410
642
650
636
424
425
426
428
465
466
467
467
468
469
470
472
486
487
488
488
489
495
442
441
443
444
445
446
447
448
504
599
602
605
609
612
504
504
Start 78
15
42
61
83
147
180
222
242
218
245
243
268
288
272
284
294
338
354
345
355
405
356
369
253
392
472
415
467
435
439
495
453
517
532
440
551
455
520
524
527
384
402
403
405
414
391
415
550
410
428
417
397
398
434
413
411
412
421
419
424
428
433
444
444
445
449
453
457
454
446
468
467
492
469
356
357
469
360
362
364
366
368
370
512
374
376
378
448
449
462
462
461
461
462
464
378
380
471
473
480
Start 79
16
48
86
139
156
175
189
212
219
284
219
231
240
253
288
337
302
303
313
339
295
306
377
375
316
326
405
340
400
408
395
445
452
463
467
423
430
423
426
430
442
437
450
467
453
466
464
474
475
466
618
482
628
484
488
516
568
569
512
493
528
530
582
582
599
604
605
370
611
615
623
625
610
465
606
621
613
615
619
644
647
649
669
633
674
640
641
668
379
380
381
382
382
383
384
396
394
394
701
396
Start 80
16
63
119
144
132
211
229
432
568
628
631
368
389
420
310
722
724
1392
826
567
398
871
415
426
441
455
450
444
468
477
488
654
482
475
484
497
434
439
445
452
955
558
460
469
472
725
487
744
485
493
503
435
667
743
588
595
515
520
779
531
535
539
552
555
553
561
563
453
453
575
468
473
557
559
561
443
577
570
475
477
483
488
493
487
490
492
518
519
503
473
475
507
466
484
709
868
474
489
492
495
Start 81
14
35
63
112
172
208
224
256
270
400
317
225
355
370
374
400
423
372
361
468
339
342
351
396
453
458
593
470
615
659
494
523
319
540
541
333
337
572
588
584
454
579
465
472
517
413
483
377
381
432
384
640
631
637
640
643
451
449
447
445
445
446
451
451
470
466
464
463
477
474
471
476
467
469
482
465
466
475
474
473
489
486
485
280
281
282
284
342
344
346
348
350
489
492
495
514
509
542
509
511
Start 82
19
50
91
120
193
125
195
221
256
262
189
309
579
341
496
247
354
364
389
400
411
311
434
451
456
486
484
491
499
509
515
434
440
447
558
567
581
532
588
546
630
618
646
644
613
641
674
652
665
670
678
720
684
470
473
477
740
485
489
568
571
573
504
244
740
246
528
531
766
617
619
622
624
626
628
632
754
635
637
639
641
732
645
647
650
652
654
657
659
662
892
665
667
821
824
727
633
731
635
734
Start 83
13
21
62
98
181
155
165
300
195
355
369
262
253
425
265
486
455
302
359
473
372
389
341
346
352
386
398
299
392
413
419
411
418
467
466
462
447
473
470
482
507
492
470
663
672
520
498
535
506
395
743
799
697
648
654
660
414
413
417
426
426
418
422
425
429
432
465
443
417
417
418
418
419
419
480
333
334
335
337
337
338
428
430
431
432
433
434
435
436
437
438
439
439
440
440
440
441
441
442
442
Start 84
16
34
81
122
173
268
257
285
262
401
333
449
495
442
533
584
582
607
654
683
680
735
760
736
756
820
833
826
844
846
733
754
901
940
787
805
819
1016
831
1033
843
1074
1035
463
467
870
939
1029
918
921
931
940
804
469
472
740
688
834
839
845
713
723
725
889
913
893
747
388
508
510
394
627
552
518
782
786
651
653
654
420
419
572
572
573
587
589
608
604
435
435
435
435
436
437
447
447
447
447
610
612
Start 85
14
55
129
112
136
313
371
296
299
341
343
510
547
431
450
467
476
454
528
546
572
557
580
587
587
594
542
437
667
582
723
269
604
278
280
646
753
306
309
313
446
589
457
590
595
677
638
480
486
517
521
524
660
538
668
845
551
555
707
719
717
710
715
731
576
580
761
643
646
649
652
657
662
667
661
730
665
669
674
679
752
754
756
758
599
602
605
671
675
678
682
686
690
696
697
700
504
506
508
510
Start 86
15
53
80
117
142
227
217
323
251
273
226
185
194
266
272
296
309
310
316
338
345
553
378
382
388
415
416
484
617
474
513
644
534
525
535
581
685
595
611
560
590
579
567
576
546
551
557
573
571
584
585
594
398
617
666
604
613
416
418
723
727
603
842
844
349
353
356
361
364
525
313
314
316
318
323
323
359
359
360
421
424
426
429
367
369
513
418
516
391
426
429
432
393
394
397
427
403
449
430
400
Start 87
14
38
76
108
163
218
267
330
265
293
478
246
251
269
281
294
390
398
423
371
342
405
358
367
376
385
381
403
365
425
386
488
400
439
408
422
420
554
430
444
447
451
459
472
462
469
476
482
489
516
521
534
473
504
671
512
494
654
573
503
512
574
581
520
646
655
651
664
667
641
642
643
570
534
539
579
582
664
670
541
543
545
547
549
552
318
627
617
617
508
618
508
617
512
513
515
517
629
523
524
Start 88
19
81
184
209
250
146
172
204
313
336
362
392
492
432
366
495
511
304
546
644
656
674
553
483
495
605
397
556
617
567
414
597
724
437
449
449
468
472
643
468
516
664
425
428
522
443
449
447
458
455
462
459
460
471
465
467
475
477
318
320
485
489
494
498
503
507
464
467
512
516
520
524
528
539
645
541
542
532
553
554
559
564
570
491
494
558
377
503
566
573
381
382
385
625
586
625
626
627
629
515
Start 89
29
23
138
250
330
136
276
167
181
211
228
229
251
256
268
222
310
354
228
308
354
263
420
271
636
461
665
474
461
468
482
355
342
346
370
374
363
366
389
380
721
394
734
399
397
399
398
500
506
465
444
466
439
473
477
440
443
453
454
460
452
458
485
589
513
789
516
832
368
478
477
826
490
490
597
678
501
387
388
390
391
392
393
396
631
492
401
403
659
544
654
664
662
546
546
546
676
668
673
560
Start 90
47
65
50
198
215
250
162
181
195
373
233
309
325
476
488
483
526
392
532
589
411
414
431
437
562
574
460
417
426
436
445
601
608
407
415
480
485
439
487
377
522
511
628
550
559
675
678
305
307
568
578
573
578
591
595
337
338
342
589
620
405
523
526
411
414
535
376
541
419
431
355
359
428
574
358
363
360
361
362
363
469
432
380
380
381
382
382
382
383
483
482
390
389
388
388
388
390
391
422
423
Start 91
14
18
100
155
255
372
271
440
468
640
572
377
669
637
436
610
588
514
659
781
566
669
691
658
716
706
752
718
810
752
756
761
773
710
530
746
553
559
565
571
580
595
599
610
843
822
858
866
625
652
663
909
667
681
718
680
679
678
688
684
700
717
703
702
703
706
724
725
727
729
715
719
485
488
491
493
571
575
500
747
575
578
583
587
591
595
598
777
594
597
688
601
607
605
608
610
612
792
796
801
Start 92
14
33
79
105
115
161
172
191
207
216
240
271
287
300
290
416
449
320
280
471
505
375
390
519
396
429
410
469
479
456
465
458
470
482
517
511
526
503
422
422
520
563
556
560
562
521
530
556
561
566
550
556
595
600
607
615
602
603
613
607
613
618
629
630
636
650
653
641
645
551
603
463
466
614
591
472
476
593
602
585
590
609
455
617
590
492
494
496
499
440
441
506
509
450
450
454
522
522
494
496
Start 93
15
48
60
127
90
141
161
266
214
265
244
269
285
298
370
341
307
311
326
418
399
408
411
417
454
284
497
473
306
519
311
316
554
561
569
538
455
459
606
342
347
233
342
344
445
358
358
360
364
369
381
377
383
389
389
394
425
505
427
429
432
436
439
513
527
528
439
534
539
546
552
559
482
484
486
489
491
493
496
545
465
467
469
471
473
475
476
439
441
444
569
572
575
579
584
607
576
580
601
601
Start 94
14
27
69
102
103
201
235
187
373
315
421
374
401
276
403
417
460
466
493
502
498
554
409
539
549
422
592
400
407
474
418
620
443
452
464
385
659
321
450
324
467
330
484
343
347
351
507
684
526
528
493
497
537
536
514
516
518
520
523
527
531
550
549
551
558
552
556
557
560
563
566
572
601
576
579
583
605
504
608
609
569
610
613
630
616
629
631
634
636
659
659
345
661
538
638
545
549
624
353
580
Start 95
14
46
66
112
144
164
206
252
266
283
301
349
346
371
379
428
429
438
450
473
312
289
331
336
316
560
530
595
561
650
384
366
372
376
410
437
398
399
426
417
420
481
419
434
380
385
466
439
480
488
298
300
302
465
308
473
483
524
529
531
536
541
419
420
324
325
326
327
327
328
438
440
507
680
513
682
560
406
408
525
572
578
687
582
380
380
380
380
380
380
379
379
386
383
380
378
378
378
378
377
Start 96
15
18
69
89
126
152
169
323
180
192
205
237
243
253
291
239
312
319
330
348
345
384
329
338
352
354
363
372
381
347
400
363
370
358
362
381
370
389
407
400
393
409
419
420
426
439
436
446
457
327
458
469
422
426
431
435
408
411
415
418
509
514
431
431
439
548
553
559
579
582
521
524
527
530
534
361
467
470
472
370
371
372
374
505
379
382
500
504
507
521
484
486
488
490
492
508
510
511
513
501
Start 97
15
19
71
183
265
315
228
274
425
311
362
360
378
413
426
414
434
365
475
383
396
556
537
421
434
423
434
445
481
494
477
465
473
519
341
522
345
550
545
526
560
547
551
597
555
560
599
572
466
418
419
420
423
426
430
433
489
439
443
500
504
508
585
529
509
512
535
533
524
444
445
446
448
453
453
299
299
652
300
402
303
305
667
307
308
309
411
312
414
417
421
757
763
573
422
423
424
426
427
428
Start 98
14
45
98
90
163
175
190
214
266
292
290
319
451
391
383
413
415
418
435
482
355
496
525
523
628
331
573
610
452
428
577
435
333
557
345
348
353
358
363
367
372
554
381
498
501
442
510
515
520
530
380
380
383
385
388
390
393
395
545
547
556
556
555
558
560
573
581
576
577
542
545
430
550
553
587
487
488
488
490
491
492
493
494
496
497
520
522
523
524
525
526
528
529
530
531
532
534
534
471
536
Start 99
14
34
61
117
142
148
315
200
398
406
452
293
672
753
512
615
389
875
613
498
526
545
554
574
728
549
367
955
786
805
809
822
830
424
675
495
480
457
471
473
510
489
524
512
280
282
284
288
293
298
302
603
693
842
715
578
585
597
898
605
619
622
749
584
593
472
612
667
480
626
736
676
694
640
368
370
374
377
585
363
364
367
370
373
409
383
388
417
378
578
384
387
390
393
400
400
403
396
410
413
Start 100
15
26
70
83
150
163
247
213
224
250
284
298
301
349
326
490
409
362
410
424
598
428
454
469
427
450
505
510
540
531
532
480
486
496
497
493
525
585
533
539
606
427
624
582
585
561
569
629
602
582
701
699
622
717
830
737
748
623
761
678
855
483
529
532
535
510
513
737
698
701
710
723
534
540
747
668
673
677
684
691
845
853
713
715
597
601
814
834
728
805
809
736
608
742
619
621
737
621
622
623
1199 10921490350
10921489151ms
