20
0.4140372500001081 0.10233766432352115 0.07788886694062755 0.4425437220861407 0.22100632231572845 0.4925193664771613 0.6305854965339159 0.5339318803855126 0.5019704350745039 0.5826796421744285 0.5814385324155397 0.044157994907567916 0.3751458338245085 0.49711337824569524 0.5486648096217517 0.2454026429664434 0.15612557925601214 0.7419023062896988 0.4957216277584159 0.17283245377830647 
0.22483730984323136 0.4647336489378596 0.6354665106893704 0.3188024803302447 0.4170165845380174 0.16831143950982377 0.23565678784363597 0.23219766425053542 0.24354540219280718 0.23041578034605056 0.5370308683982611 0.540756077683866 0.2730804324080705 0.3851801207859322 0.24964041765997932 0.3692859303937698 0.46472842404855647 0.18217217028793958 0.18532075225280512 0.43124345081828175 
0.27236744079512143 0.1552495447427973 0.25602473120012803 0.5029160732372787 0.06642828503250099 0.4831677992410824 0.6289614345166005 0.3688833424167231 0.3344689573810168 0.5893778116953184 0.7009287365066462 0.1781495978908351 0.2217799800938207 0.5780897253583447 0.377897859834435 0.11296077209554348 0.29959627114819504 0.6471657916270389 0.3507745479261563 0.2888700025375425 
0.5065822100010001 0.4920708050908234 0.6012698414494333 0.11309857554207732 0.5510802199798174 0.23389038997852338 0.2344193788260977 0.5902297242447883 0.5836104470348313 0.1980223751435425 0.1368050785000365 0.5442832896561257 0.5247417365652927 0.03467436214519294 0.611369218092314 0.5166403785552752 0.37529784784142844 0.5140903128241372 0.5292459984699729 0.3604598743901873 
0.2557181265050374 0.5447843205219611 0.716889789001536 0.43959279354017633 0.4726031196030493 0.288406284149421 0.3306943970458035 0.1985847900452781 0.22486777244881037 0.3372530891770544 0.6548451402175985 0.619807490767361 0.3068191221065146 0.5045239746286047 0.2074739671352919 0.4273301261739429 0.5672078795933173 0.13110338301459454 0.18299863818013826 0.5335457785868736 
0.4623627287278447 0.6842536628221237 0.8495500166232384 0.41599516543805576 0.6520388974019529 0.2904425621461713 0.2055343474495168 0.4436453488600583 0.4642947957621965 0.2472567561827021 0.5627635889966961 0.7592602332561176 0.5113833855991251 0.4438846844067629 0.45574929365828715 0.6041706925677013 0.6525977571477667 0.1411649009447887 0.4114308562787534 0.6213144717112066 
0.4192871769719331 0.2691970392209524 0.35343823162715754 0.18383615489886837 0.3644743782857219 0.29881356511787766 0.40283161199396705 0.5355670157503865 0.5152114140496379 0.3529941491936109 0.29738485153925687 0.3064471652674726 0.4122568009225268 0.21707918403341858 0.5561381496808309 0.34580844007947836 0.1318312661767113 0.6055332457699901 0.47738359655654033 0.1277233744068729 
0.20951901689916064 0.48460243388574065 0.6348423129887337 0.5967024591142631 0.36288148306554663 0.47752512719959606 0.5790482615937615 0.11465948409949482 0.1187755448617675 0.5666819752934097 0.8311144858268811 0.543388859146375 0.22183919235723384 0.6772321926079851 0.09537731015022925 0.3384467027908636 0.57830773283022 0.4175564716018331 0.17336534552826488 0.5496454189285996 
0.35959428252549563 0.22553596103103724 0.3348140234574568 0.18232889856635487 0.30954152866908086 0.2681357067421562 0.3878102124377269 0.4770789138306399 0.4559487925117988 0.33800756735764625 0.34025336169128323 0.2737689127864154 0.35176462682863835 0.23612572935289985 0.49746851370144357 0.2879814181553605 0.10857855068035097 0.5659159307745341 0.41964045604667843 0.08995248789644383 
0.46747975135087977 0.43243570764402556 0.540446339865051 0.07208553708136917 0.4959955636203759 0.2186258624518312 0.2565341228808266 0.5593784114639814 0.5497328574262302 0.21256244352203368 0.16302937440454696 0.483617160595791 0.481226121292342 0.02767801402965135 0.580722566102687 0.4634385717106409 0.31438618198589185 0.5185693199042246 0.49789855115075604 0.2997171416206628 
0.18001004681467256 0.31154800923579645 0.4787122554077656 0.2196411313662092 0.29247099243424357 0.129323050777432 0.2720514386278728 0.26921799527538015 0.25838900938319975 0.23676059786698864 0.4540835859364685 0.38682386799117024 0.2047670782428916 0.3008518410355764 0.2906026624732528 0.24613630137908762 0.30141161216292073 0.344617743815264 0.20774611929065945 0.26788112985400386 
0.42762087215067063 0.5715358391230527 0.7244356354984958 0.24499599517802356 0.5712547988521005 0.15749939816181666 0.024973236503457834 0.4587799270313137 0.46720053054992033 0.07196042811081009 0.3844756250290463 0.6422753069844852 0.46747428734179797 0.26397988180048315 0.4767287403609894 0.5253048836250346 0.510527750015746 0.2700172602881878 0.40789076158941784 0.48238221243712426 
0.47121835901867054 0.24582848699211662 0.2784611023809512 0.28783540966850285 0.36547155724786323 0.3980609411336199 0.5068526311814846 0.5933181545351416 0.568808707438845 0.4569667822846705 0.3657317972906372 0.256984262391271 0.45360650994546076 0.31405756024178516 0.6127679643274697 0.3602121578146507 0.10378132346813658 0.6992267086887606 0.5390548422064905 0.12671250700470565 
0.09083304788822812 0.2525186601364554 0.41031284295299997 0.43423462464588114 0.13979308289280598 0.36260888239615485 0.4998051202964513 0.18748966778429357 0.15365107119527194 0.46907538955526057 0.6613699198976415 0.3154468185876964 0.03976691334438551 0.5165454556336683 0.19941523623556892 0.10679584824298788 0.34953873692300785 0.46880652412763085 0.16602679801803946 0.3230607830617049 
0.2536168051050634 0.47943839462646165 0.6136419101406599 0.6504953587253989 0.35021898123941125 0.5439954617029255 0.6558183302907578 0.19327727015079849 0.18416886278105532 0.6391945816012953 0.8840592495071112 0.5285998045746887 0.24708688638005571 0.7325762348870193 0.1779336870952804 0.33746246295080873 0.5911806189855728 0.5091921414659071 0.24351791151178628 0.5656956883019487 
0.16509345355948618 0.46003011181852704 0.6180365029427733 0.542107666953553 0.3458461668214716 0.41970107720233507 0.5199457374086688 0.05615432537553038 0.06806639178210262 0.5077871195218984 0.776264536567713 0.5237217658213604 0.18831357774593094 0.6219287604619926 0.03628316081999702 0.31503952908089394 0.5422311569146513 0.36691261082378374 0.11659682523189215 0.5121735339557612 
0.4040479103404908 0.24911577340681385 0.33720380961372604 0.19191565677085096 0.34445060887456763 0.2980634820341299 0.4078549149600933 0.5215799345617201 0.5004653865915334 0.3578902902003282 0.3167953291575572 0.28759464107670113 0.395474084840888 0.23124444451707737 0.5419851701667766 0.32635630651885755 0.11344847993411482 0.6018008070644123 0.4640222759361606 0.107695522243228 
0.25471879451607987 0.16940859944845332 0.3225951979812018 0.2293361690491422 0.21503201707895883 0.24828565727476118 0.389258425199113 0.37548735736383193 0.3520676170939995 0.34292422231997244 0.43091920586702687 0.23823974953126079 0.24344956110367763 0.3032379863240799 0.3952272891203443 0.18583451148005029 0.13802605192586878 0.5098740617596992 0.3207485752970956 0.10438296434126043 
0.1761062164662471 0.4871476767738233 0.6554787820047606 0.4812625000702364 0.3927309922308882 0.3430565110869096 0.42392316252186063 0.07858919153653396 0.11042380382492772 0.4185284559363798 0.7109768715577812 0.5582192780631938 0.22116477691893352 0.556329368693365 0.08330230055656634 0.35249201993306845 0.5407393630064985 0.25481891615629193 0.09379942443612166 0.5081380170303229 
0.4324013871321039 0.6826311876524889 0.8520148549744567 0.45665232016609125 0.6357067309615 0.3166087760118912 0.26354479060668773 0.39467661956175465 0.4191489469445145 0.29799369448738855 0.6238253092761468 0.7585433610227231 0.48319505984293437 0.4952317949223138 0.4041359956067561 0.5881684384658866 0.6678728564023955 0.06980671164258145 0.371274102968461 0.6353200126697726 
