20
0.48725673553126536 0.213037781822607 0.731212580272879 0.4320805269907964 0.3015140469314304 0.17938811213794473 0.06451981780789592 0.23979658141434698 0.7334825474559102 0.37260492456173644 0.5824463695104256 0.15514825984451028 0.5645763320717676 0.5112653417874472 0.2540018363581954 0.33037010015255386 0.31490380967640225 0.45080715874260546 0.4844823445908683 0.5685292978794402 
0.05617805859028504 0.4281083183503739 0.6226282942907443 0.561626817474813 0.20786406231287657 0.344648395869029 0.4949351897772254 0.27174847406951863 0.6124838331301063 0.37368209417007636 0.38005015264997477 0.4214974041016088 0.30789227329591823 0.14281252259536123 0.33422797104225443 0.22460643339755815 0.27338888015320284 0.8213484297040529 0.6047828943645599 0.40159036511177665 
0.27948346266396545 0.15115648120650066 0.5927511648391182 0.36826639605370165 0.104361080796079 0.03646701391181063 0.21968500085688547 0.04227880241155586 0.5908422606416985 0.2256032432354262 0.4021431002039395 0.19659924540571072 0.3697549983635955 0.29964200307891636 0.09315567693156973 0.12060716613304645 0.11959380238958812 0.5400897554895765 0.4228105650596442 0.39665203457811793 
0.4237322521358487 0.05015198994462649 0.5617060523518139 0.26359680742824104 0.26847977755912705 0.1349320337715977 0.22389167436877305 0.20858146782354883 0.5647230344851315 0.21517218996493961 0.4322167801698376 0.27195868029105763 0.4282315304234858 0.417587228898068 0.13447367079561046 0.24269343897014384 0.2046910918162446 0.3739467246063906 0.3174407027436467 0.4132997314690169 
0.5528109206055182 0.2003708175458006 0.4596018918210533 0.123353156325689 0.44033809909902744 0.32772722932182624 0.4135419125483516 0.39111296160349684 0.4683005216433367 0.24569214048714835 0.4256763500431908 0.47437722471322213 0.4559567498040646 0.5150832095587858 0.2781764507704373 0.37939156541312263 0.3287953844342808 0.2346112170305286 0.1566500654023018 0.39464621407933687 
0.49865705027392515 0.32777702953141624 0.838569119158001 0.5592358128045651 0.31594033163966945 0.24477978152828914 0.0745974669363985 0.2704973157284123 0.8388859622079178 0.4702179481272291 0.6638419721638076 0.08367865112620003 0.6325486946986886 0.5451421237954469 0.33779371058671365 0.37930325435141105 0.38207702053391757 0.5837573082623563 0.613140576390788 0.6559734977294379 
0.3474167457276188 0.32392356698048425 0.7789713127531751 0.5550750471116593 0.18529643898632528 0.19928319886292045 0.19141512670307909 0.17101418007161473 0.7758699610251365 0.4158815046592568 0.5720821013131783 0.09264492777303962 0.5259737118375958 0.4090543124126266 0.28463673695282393 0.2740162859443997 0.2980928967624265 0.6716551037935536 0.610165694914487 0.5726996992228146 
0.40514784190878295 0.24811154063695692 0.7465991793674746 0.48409418301968166 0.2193722009595697 0.14808165643862012 0.08068903946770023 0.17054262022717775 0.7460563082106303 0.37703756859987575 0.5650080780545177 0.04549590625285751 0.5323773620384455 0.446817061435376 0.24258860701656665 0.27895871347270446 0.28266917553586435 0.5612683061066771 0.5390713963685335 0.5583054354513727 
0.3448912041571698 0.34543391887479935 0.22901876605209906 0.2690376201016371 0.38353168831499956 0.39550038334318854 0.5842997804021447 0.39036896514020225 0.2221384614101196 0.17997404863445426 0.0512698690077229 0.5785210393778735 0.11100825244010804 0.2604108164777493 0.30297079046210973 0.2877643185306784 0.2640090205736471 0.6044239046048371 0.2825462986865877 0.019230124297241746 
0.10351023479675807 0.39227665054166083 0.6584304938154524 0.5549963389687594 0.1525026917487304 0.29266832764832923 0.4256880127277032 0.21655316759639207 0.6499018104253369 0.3693715065991806 0.4189066436419508 0.34705681317254927 0.35147800138446705 0.19196641219021812 0.30214684150317866 0.20103850388531597 0.25239173535567566 0.7885315141039384 0.6024352017180199 0.43523301419147953 
0.44709485406213767 0.15998183067931543 0.6781009843688695 0.38450823911159365 0.2649715388189625 0.1331881071191551 0.10292003768432809 0.20104840198194396 0.6801247115186321 0.3184339890567655 0.5285790314530464 0.1679818501232222 0.5119586614895703 0.4650577016796818 0.20106464579527344 0.2830613004235103 0.2639351659775487 0.43678294750954394 0.4378903585381918 0.5144082187852886 
0.05900014042804602 0.3999608478889581 0.5222653121124842 0.49342228650768494 0.22948813859244563 0.3454561298420607 0.5210399300052534 0.2841406267634412 0.511578560888044 0.3092857619820608 0.27975236850453084 0.46332746950659714 0.20643032450115995 0.04395514875424146 0.3069547704393858 0.1999740574802651 0.23772619135139453 0.779437278526045 0.5314605481338799 0.30355554399924123 
0.19253381801174915 0.2523250861682793 0.40876900358325857 0.3186328918011119 0.2048174197013041 0.24775403455644254 0.4417861826841095 0.2217065089900801 0.4025513767777072 0.13439623897777736 0.18600835533393473 0.4167910374170612 0.14548706044774667 0.13714846466187838 0.17215475059271973 0.11253642381528216 0.10806870552958261 0.6102489910159126 0.3585948967668175 0.19015251513260034 
0.5017434629356076 0.20847303373563622 0.3674380986295395 0.032633868351771 0.41897902705485124 0.33099899538799127 0.45663891424768693 0.3807127162298017 0.37523534981013956 0.18176419107905925 0.3354648932198118 0.5007545308027741 0.3724461628479849 0.45183622843996013 0.2584228096676113 0.34230432984090303 0.291172395554451 0.31970338780225593 0.08419025929483526 0.30306172714935076 
0.6684742496052786 0.3017947824551976 0.7534615185271184 0.41769939057001826 0.4946335419605902 0.3554883143421942 0.27477289696584645 0.4300688371251952 0.760658655665424 0.4559406913841674 0.6714161645784894 0.3741798554296916 0.677054101917547 0.670533717555724 0.38755119194047677 0.49172738483353984 0.4579288609433313 0.271563063779887 0.45539721845251235 0.6474846720494205 
0.49947783592906025 0.1892078377789329 0.3915186437268173 0.05766335351335647 0.40792189964692577 0.3139182961530239 0.4337737849710783 0.3668418243235582 0.3990151691139999 0.18222108402466108 0.349886517690353 0.48028615983332446 0.3828945431936941 0.45365824167549845 0.2458112076916185 0.33509248683347925 0.2837453377890087 0.30693725626607715 0.10743720013222403 0.31847497365782446 
0.46071675440206367 0.44773177368625194 0.10813827613948641 0.30810173590118034 0.5093146707121937 0.5137015500096417 0.697570505539162 0.5141895077424512 0.09836494305401615 0.2878721593240265 0.1345166828219281 0.6990430946860068 0.2080058027198894 0.3719642462773549 0.41948761429793874 0.41329646474211046 0.38716314196130575 0.6391562515615812 0.29815619893617357 0.11715742772479557 
0.4660086208664572 0.1800504926753998 0.6982425687363718 0.40089663285785127 0.2824465099262436 0.15355429431375156 0.0888751108674792 0.21911758758863356 0.7004859767190863 0.3398932663944019 0.5505317515305621 0.16549804294947207 0.5340234889375399 0.4857962014767709 0.22313607757034543 0.3040112437417977 0.2857562860213771 0.43692205066831574 0.4537319790435586 0.5361761170830778 
0.21178889810617313 0.1805614300708732 0.5389539795240621 0.35691673077565783 0.08005309979851434 0.11064129641098788 0.2988087855856189 0.07226428970127337 0.5352969024581444 0.18629925558552424 0.3331984239934587 0.2670209463395076 0.29466434312835627 0.22168502603832224 0.08927914730819322 0.04130252053424365 0.05916703012688784 0.5763872592794052 0.4085979066121286 0.33186506926301645 
0.560657620505832 0.2648799933877681 0.3632994001947624 0.05454550653539451 0.48071048230335595 0.3898124470003671 0.5046662854096464 0.4416855103069628 0.37356870316333596 0.24008179374579458 0.37141578678342013 0.5549026361688784 0.4162587145445213 0.5073215842551105 0.3197837564791992 0.4037598007429686 0.3527170185626953 0.29148105086579107 0.054146550654272534 0.3371045407723254 
