20
0.041496695011340665 0.3901697647226446 0.3562948711399842 0.35391312716426027 0.239740669374566 0.10319411610002621 0.18168682396034652 0.2537755076365035 0.24506512892033738 0.12097565031346737 0.30438798853946036 0.39454660290658283 0.11636227387319568 0.2145934907155706 0.2758119584658205 0.45578067579253845 0.3835718966805137 0.08260814340657104 0.5435607176517804 0.0553857625716248 
0.09920644877469631 0.3516640000384203 0.3665017319417494 0.30962613540752826 0.24830490232094451 0.17169916471878827 0.27481013281658506 0.1774164370801463 0.22461903070439784 0.13066901974668363 0.22526912989959116 0.2909285550273294 0.20150351253156543 0.2907984185432445 0.36696040005889735 0.4318184883513877 0.38053027128975603 0.12808012643770345 0.43716008375639387 0.14200046486698692 
0.09419361231433923 0.424863222512063 0.3607707904854185 0.3933489703371802 0.2668904856796995 0.09781008808096368 0.1356879436219657 0.32023009237048566 0.2883917114245003 0.16689865050825467 0.3640485403823514 0.465890269702469 0.09687642768795653 0.18743217767842024 0.21572867206915136 0.47931163490676476 0.40909820056007373 0.11114079219181516 0.6173623507999269 0.07229701835686457 
0.2113402299530763 0.2646330422004431 0.34301948726113746 0.22008474462655056 0.3691804562977979 0.25817155615970244 0.41370162717823267 0.2258848123057711 0.3286608815940451 0.2646326238162621 0.09764260700479316 0.16459027188977018 0.34146086421598315 0.4315357406798315 0.45220394052171276 0.3561799142624594 0.4846184295316524 0.21415413357267504 0.3335398678590114 0.280463614128559 
0.22652977673440414 0.26606409540700127 0.13226363476227274 0.25815138592282355 0.4982017644209047 0.15686888721861084 0.36854306927515745 0.480415439287798 0.5024093502480078 0.3796264750429749 0.32233974418671096 0.4821641345971862 0.3414740532854857 0.4288368744740314 0.18195577718155323 0.27965912320443037 0.6422533228453361 0.1834822193613643 0.660234925855496 0.30183669402563174 
0.35150194450656047 0.6443264430289312 0.6611065317141175 0.6006586266483539 0.10216191695274149 0.42296342623415184 0.3242210411979896 0.17826739035885353 0.0756676045959101 0.1988429360699751 0.49039253869859517 0.46307133658429045 0.2816797775404012 0.2739767756799928 0.5720816036170596 0.7283609256156196 0.0952409707900694 0.3952213847793392 0.5155708611978299 0.28776721002233 
0.11948772647817431 0.3283795637477292 0.35623456702777095 0.2854218146272201 0.27435841831014846 0.1855439269310908 0.30637067781504446 0.18030711823742734 0.24531105062189998 0.16031997852319924 0.19445177925926818 0.2608157157475831 0.23338229925541704 0.3229652661008185 0.38342426385949707 0.4113852691193355 0.4024785472965087 0.13999999715589173 0.41164382146928774 0.17328123788839078 
0.5519464578549765 0.5776258049873267 0.704237052192792 0.540982941058648 0.528514118826533 0.6176043358434256 0.6930725282138853 0.34049458861467563 0.4625669851168866 0.5048165745483377 0.4103381641036322 0.24620551366781182 0.6208275486336253 0.6771548574444908 0.8159141337716906 0.6676936739488453 0.5518591973162744 0.5717006577775411 0.09996248954889948 0.5769972429548067 
0.37229627434629314 0.04521650768648562 0.21458416324379453 0.05965734475789621 0.6114669708099287 0.3622106338362512 0.5870667769268001 0.48694636116727685 0.5809926453239728 0.4927917115164431 0.16819133668292716 0.3053980675816787 0.5286046991207471 0.6270949270958762 0.4879551500648459 0.1189422694346264 0.7384382075169093 0.3423843921279227 0.46891188906562453 0.46780590354062973 
0.3756881248751805 0.15252645769485468 0.31298918780951873 0.1308622422552607 0.5742873085853463 0.3891416970146348 0.5928604170712577 0.421930427065073 0.5334326503594973 0.46571054353408237 0.1110389453229713 0.1975007535486572 0.526079728929091 0.6218269929511454 0.5481020435679013 0.23426969993292113 0.6883712843653486 0.35746806460803265 0.3540574987044281 0.4634747529684808 
0.42861858626145505 0.3899600634271417 0.5246706721522205 0.3548948211950159 0.4996476560638158 0.48131788100040956 0.610264796008592 0.3050711980870277 0.43992973614049763 0.4331498260819118 0.23052423569636382 0.06367787740512798 0.5356065726958064 0.6124268633875452 0.6755532508315533 0.47915640136558363 0.5707541511207063 0.4367010395432864 0.1157390267422177 0.48047353813845023 
0.25196049594196207 0.5809212780287545 0.5690959070679167 0.5398163312953657 0.029005891387818523 0.3147076570464734 0.19513104319325528 0.20216665342772452 0.0816736804246855 0.10266434471265636 0.45137817084547827 0.4700248030916509 0.15356525834447024 0.15079340069753241 0.44653780787469977 0.6567424014916139 0.17137648265122699 0.2956271548846017 0.5638497748907034 0.17089161278984671 
0.08145154807681136 0.3949391160090893 0.388568183548462 0.3547084274019079 0.2079833675926407 0.15795893912725484 0.21804231702857638 0.1890832852199519 0.19791845008093295 0.0842602671977938 0.28068906772609686 0.34656664990639696 0.14420053266336683 0.2332743266510239 0.34058608940892154 0.4698849750154562 0.34744553366254965 0.12331977626172247 0.48628398594443273 0.08651301084592322 
0.2368955586625629 0.17088248779663967 0.08158517359664177 0.1625922022204564 0.5124615553219937 0.18976588804500794 0.42139582430758166 0.45657245961485066 0.504160580081759 0.3887848366859534 0.24214838249853748 0.40783473283400085 0.3795136554948863 0.4745866869997738 0.27583912066399646 0.197171304440452 0.6541224527583696 0.19413178767993938 0.5871871093731329 0.3284221412685457 
0.10888626538851162 0.2731858651333946 0.2108067171469456 0.24628647252927516 0.38517972083563107 0.05888646796990315 0.2914509293175298 0.3597438649997532 0.3840980390340002 0.2634143222011402 0.254332389737627 0.39570338780896613 0.24644079812730035 0.34216363781484305 0.21998635669317998 0.32327210766902953 0.5285068686912767 0.06481746391026416 0.5681594068101872 0.19590128465858653 
0.2635539859176378 0.3554697299404141 0.4406273316032043 0.3115455334435542 0.33735397427914304 0.3261371178008998 0.43487150466308766 0.1584504322648527 0.28420879754400524 0.25885380734631 0.17751687464678506 0.1368834821592217 0.36019820429873206 0.4376345293353315 0.5243769984235064 0.4484710361204386 0.4312893647179672 0.28023791868937487 0.26815437199375425 0.3060347480655492 
0.44430348993324426 0.274790364358495 0.43429646735081556 0.2521948124372855 0.5928160073207508 0.47450506981234714 0.6533444036001577 0.4144124439131034 0.5417157963064583 0.5004490245221048 0.17939333822855863 0.13525137316390765 0.5815732918453862 0.6713700359017267 0.6498752532194584 0.3525170584622861 0.6878944305120616 0.43631597150053253 0.246445818555773 0.5202403840919744 
0.0988122977470758 0.44545915657502533 0.4135402475709026 0.4080471030035784 0.18608532040501835 0.15558545694588866 0.14482178782019078 0.2361327464936429 0.2002017773651199 0.07748035604864145 0.34798420055368684 0.4197277505407242 0.07125212469568576 0.1644831248296358 0.30515521800792234 0.5128961150081417 0.3301269244007948 0.14018462540582918 0.5562800832669873 0.0182695216955116 
0.20427319741385766 0.3368678408903589 0.4015411127080105 0.2922634052902403 0.30514443250578094 0.2677749269212717 0.3808058589859219 0.15241794033416142 0.2597011606270629 0.2123335442808239 0.17016857446343503 0.18417762730854859 0.3063350842965966 0.38829345736107435 0.4660846163649387 0.4274259336570981 0.4139824864469137 0.22187361962252658 0.327092421041649 0.2500261032275402 
0.16849303714238031 0.4657338200557093 0.3733075637095999 0.4396089475479145 0.32114901263807416 0.13827478695988216 0.1317534055102292 0.3986243731105239 0.3533894492611535 0.23835391340249443 0.4296889721448028 0.5423203399785297 0.1386283420826118 0.19818704475686486 0.15569983016343536 0.5076704849036668 0.4570870529551423 0.17114892699977938 0.6971182304755543 0.1450798231427854 
