20
0.3880739167050481 0.15799952624666921 0.21295108364872925 0.447506974044916 0.6361931026082295 0.4123774280319381 0.3224179095650904 0.3445152392522147 0.5973008415124049 0.3570801204123987 0.5298676256806796 0.22611586365130404 0.05670683871392671 0.2701857303160795 0.3752623176860689 0.33032308684855916 0.3505844163667229 0.3749863525377013 0.2577660651047215 0.3400488668834588 
0.6076471652359783 0.30826714211101397 0.3233388226819441 0.40076774307752683 0.5830047772371755 0.49285268266949805 0.211849363433125 0.5055379288043278 0.44181495085782063 0.4137372043084724 0.12193737303236009 0.37611288797144554 0.387833789611454 0.1569590310743494 0.4063386249759792 0.7065082426669483 0.4952244250159874 0.24152608318327112 0.3699787063996249 0.2340412015056938 
0.5450972342170709 0.2927111359814733 0.39126449600223007 0.303083505567175 0.4762078334199471 0.4102570087221322 0.3048501959364852 0.586117902314112 0.33157786480628393 0.3356102347622426 0.12870366351908946 0.33026572028171236 0.39038877059525356 0.1622717999658907 0.3235281433194073 0.6838224673597793 0.42610976618673196 0.1516852480252985 0.44648543533058194 0.3307012695886366 
0.5169059332404861 0.19766954559488853 0.06525095828188678 0.4830563919231558 0.6853295377688811 0.49338501572873034 0.16257283224325964 0.25792719715371937 0.6054862552448336 0.4212132630635966 0.42456896804773553 0.30360255540883463 0.17669841886327023 0.2007665633780357 0.43173075645126147 0.4927767731004979 0.4493776526468271 0.361228636052578 0.12803659853240187 0.17805832479413913 
0.32374759871102277 0.3557535759575637 0.6025024901964865 0.05831117204611147 0.14493063252920035 0.14875296410201916 0.5870727219936899 0.7984464892596893 0.13765134902474946 0.15122257037259923 0.46001281275350503 0.27724582126764813 0.4443508966332839 0.37676430199854244 0.12874166269802592 0.5730407595338445 0.22009339447812049 0.21316642202956737 0.6669889440453316 0.6167410013850478 
0.537916090329854 0.24410585014241004 0.07150919321933852 0.5398200861012188 0.7400164628667898 0.5361526540851642 0.21086920726152492 0.2043618828702952 0.6695153372385392 0.4687884373618476 0.4949930219105165 0.34383139183463995 0.19103084720946245 0.27165611411832435 0.48188680112822446 0.47484929921505514 0.48461932421757403 0.42710972044518664 0.10260995526047692 0.21817846710686287 
0.0880850908069624 0.24859706409017512 0.4949316351572629 0.2700126721335652 0.3916991616269705 0.15381860587614693 0.5522529838308123 0.6535696701372994 0.43122975551784326 0.16387092981798912 0.5970915126263815 0.15104501435635254 0.2646940731409218 0.37899115982855297 0.18788842930720495 0.2758804529879492 0.07740760896161548 0.32880265343746007 0.5521602055443818 0.5788353923134473 
0.23418252186698135 0.30623116424785446 0.5652584785768036 0.08396969317275767 0.1998021129099904 0.05836053624901398 0.5711133066427008 0.7542019502724415 0.22796926947686122 0.08176788581077495 0.4970661845243135 0.21210192703605593 0.3819436421493091 0.36279526454283256 0.0699886143284289 0.4829215927786016 0.1298097716528087 0.2248570274826078 0.6291974369299037 0.6006614562677647 
0.18833798688477593 0.1486337003663668 0.4012397521587829 0.24785752141199727 0.41364964869287807 0.18023670324070357 0.4522893922677065 0.5702127278427842 0.4114966922162743 0.14032256321022352 0.5107881429406969 0.054624630500041335 0.18153362319652266 0.2809662489944646 0.1636541083821461 0.31346400534485147 0.11746722670620172 0.2567360069498252 0.4606959230896237 0.4791218677217622 
0.09914182219928702 0.3718918051294646 0.5892596441795896 0.4050349729675459 0.4860290040621889 0.27265181846452186 0.6687846100529051 0.7197572139996756 0.5588011374612417 0.30589228625421666 0.7425876959248932 0.28921255076230007 0.3530835082509256 0.5143997836808643 0.3284575658836987 0.1880945755687111 0.20978468453150928 0.47591642148550484 0.6392487237378811 0.6931365491705275 
0.3089894223061899 0.3294078978434238 0.44059337092102213 0.5262284704354028 0.6693738406548526 0.429866174592431 0.5576606415063402 0.519250753624493 0.6906082027870939 0.41631539521093314 0.7366345343755359 0.31748263550914463 0.2452688339622881 0.47623454944420623 0.44079925474495635 0.10369228680005554 0.35260941188429706 0.5224934463433848 0.4733129335749833 0.5747223726479642 
0.49855586249438594 0.16788402384870424 0.10228382377518201 0.4420255211284724 0.6449628471938351 0.46101017555809753 0.1521821494842171 0.30179264646884885 0.5602934396052964 0.38626182008943133 0.3825052151551153 0.27521145667343433 0.17300348667085752 0.15332086325957184 0.39503542500621325 0.5002849513149046 0.42228868153609034 0.3154889303771804 0.16673773599179917 0.17412539965055954 
0.4796234546420328 0.3100080165549391 0.47991597626452 0.19552195986944756 0.3509872299428122 0.3221702076003074 0.41714796673137367 0.6805114414865213 0.20475895694126917 0.2600241295744543 0.22841194684520771 0.30384436084185656 0.41588446588736566 0.2320289443104318 0.2412374085554505 0.6638259401798261 0.3573925700569379 0.0964892505485796 0.5404949937733052 0.4449765061653302 
0.24346974354109488 0.17877250654631674 0.43781321198146084 0.13296065787098105 0.3200741644377678 0.1279175251923715 0.451095683471921 0.626670155456114 0.29372423448637786 0.04854755992249482 0.43085219909929245 0.09392444699577039 0.2608715821600538 0.24844994052364033 0.05915170935245769 0.4294572178951787 0.12392273506353635 0.15645248005010579 0.501630934496894 0.48029209211527923 
0.33914765741170827 0.15286861694790252 0.26234238612308747 0.4230299745808806 0.6048868900444136 0.37506677119264903 0.3648400404411561 0.39370899696809775 0.5783900676701161 0.32615723334399116 0.548236395241273 0.1968837891250487 0.0508539850363892 0.2863195367481106 0.34620100621438477 0.2866906925535174 0.3093409600936095 0.3682298620270867 0.3086420510081121 0.38424724268916366 
0.2632630612013117 0.1325000557579117 0.32239334805437775 0.35664617882228805 0.5307258889943174 0.29736674365855303 0.4049863845315256 0.4698634950961979 0.5167488966644682 0.25420943647902694 0.5400541842341948 0.13109023123612037 0.08588675018956837 0.2831538248777733 0.2758874633240243 0.26645857065139456 0.22987659781462444 0.32600918599278433 0.37506135161657755 0.42796409644422173 
0.29655753594862866 0.2799877333970826 0.5273640158794025 0.021174207433199227 0.21974732116625392 0.12627252009416434 0.5171410120700102 0.7227098833680865 0.1850626816395844 0.09017652381092968 0.42097644292740527 0.20572169340576138 0.3703416587340929 0.30662590970273296 0.06534462893936455 0.5240505665965137 0.17923358624668967 0.15343300980692273 0.5918447603208452 0.5468442657591277 
0.26697185399305334 0.23096027069680314 0.3748892837547184 0.43731160990965495 0.5942722420317624 0.3543574685001613 0.4786526232141383 0.4872889908303511 0.6007825068879776 0.3290754322752683 0.6387368637569372 0.2209227364620159 0.155693134290164 0.3796469334383776 0.3528562407014046 0.17447088321144877 0.2788042048115915 0.42373664451578724 0.4172969655169195 0.49847206947804845 
0.6604132204013899 0.3691044482038296 0.12502918124716564 0.6612796853244035 0.8628859285924153 0.6623833790964715 0.23849779238825525 0.07924028516963137 0.7838388211912781 0.5941524648826746 0.559315362359708 0.4701135178069544 0.31510909437566864 0.3730256671123062 0.6065141960939412 0.5691276912160761 0.6108146794043581 0.5390092297371174 0.07058786688626073 0.2292564292982808 
0.36253114862231184 0.06340053805253829 0.21935667588950158 0.36153045352649166 0.5570232370874114 0.34710777140639026 0.2876562527370847 0.3933200570710209 0.50530872530815 0.28151933789133704 0.4441499192901977 0.15475898763968723 0.05327176853004551 0.1822272966087984 0.29635575851918255 0.37751661160611466 0.2969214672875154 0.2782922428608531 0.278747022011545 0.3114332734498528 
