20
0.21921281644386625 0.5717122782777774 0.5119945377497207 0.5205083353713433 0.08505569736777777 0.33150297824819946 0.6077414280928058 0.538103524491717 0.049067937676645274 0.384086138888056 0.56475478080692 0.5256543787432078 0.18604933208995197 0.5516431483935181 0.6210174623291697 0.6487338712150301 0.5171472250091016 0.6453348664627431 0.3197612475193328 0.4869741971349555 
0.17510968310677424 0.5802531766610596 0.27572784252428906 0.16808989343985362 0.4015450250723644 0.15058103897455805 0.40169037033677046 0.259503303098949 0.3488077279681621 0.1315919259026691 0.18239634784667272 0.1563410784181495 0.30280525757588805 0.3351350595382133 0.32206510655631254 0.26065474995141935 0.2579629936468653 0.30597778636764544 0.38301185000094834 0.37214982741227154 
0.5124706102670965 0.056799261583688906 0.3369046070260649 0.5042836632777984 0.5210125673686749 0.6760682949947862 0.2702075500491376 0.38831790664637866 0.6068643546928407 0.4352352369568579 0.6833353275075089 0.6920598075879002 0.697792606466947 0.2960810229122588 0.41927100405289464 0.6728787640214594 0.3660356731792108 0.5005528271553481 0.2764197841359527 0.19836540094033925 
0.3694998175956695 0.16111308143026898 0.33257261508079133 0.47007064326535003 0.33237662936189705 0.5495292339267172 0.3384183711431659 0.3866423508571671 0.4275445965715195 0.35477622478942666 0.6263433953970845 0.6202810236113651 0.5334401461580747 0.3235818894372873 0.4492841244300977 0.6473946372906384 0.3585955174265898 0.5188126145522334 0.10367775715554203 0.19926389912307416 
0.44313035394798156 0.7044302480655201 0.3347319858256793 0.17978687403396723 0.6664648041290452 0.3841253552371953 0.4195090530187262 0.2821192765716752 0.6212176225745133 0.31542695679004434 0.1263458495593805 0.17972128500723455 0.5640430480869679 0.37589976299378536 0.26959291194490603 0.016090319169919817 0.30550918001137 0.19270940061203715 0.5856353964638179 0.4805815260021256 
0.20583413321414265 0.6716965639649299 0.5278516138780356 0.48790439037061556 0.2247071225162759 0.22373758184704662 0.6412735533569325 0.5396158506665532 0.1036221532509284 0.37543588828753693 0.4838924781315279 0.43718940222227315 0.04255189797929574 0.577893856295361 0.6182893109285953 0.5817939939973802 0.5247411421367735 0.6236209563765888 0.41477968940807497 0.5434011641253552 
0.04576641773129366 0.4858148573219978 0.33568094175570967 0.3360964576890804 0.1829301725029454 0.2242620276841199 0.4428204053659691 0.35635791625354174 0.15978312662139232 0.1990034625541617 0.40142146736153844 0.3706355711767692 0.20572616067153102 0.3814891685981064 0.4386244636535622 0.4740881070834449 0.33729143305735687 0.46013017681519236 0.23596426790854907 0.3418167604505497 
0.27670191579779524 0.5906822045481752 0.561147831321997 0.5769630146572364 0.09878504108924496 0.3868373748627879 0.651776298245929 0.589799968464685 0.10332606927579124 0.4387921798771765 0.6230419418812188 0.5836190953132252 0.2296875917140778 0.5980530345322292 0.6729015167402012 0.7070150686027099 0.5679033305775847 0.7000212473082028 0.3468117325569589 0.5256554755790521 
0.43399114146896445 0.19893102534494528 0.19039455592218346 0.3594659247023642 0.5090485465177149 0.5738852668868568 0.11805628683501006 0.23819207715277374 0.5681398310190495 0.316555596991116 0.5418806145808372 0.5563988736621838 0.6321881965070084 0.14325024869281686 0.26471766229166993 0.5224748838239023 0.21861550170096716 0.3460573783447305 0.2686238432853512 0.0863631994833257 
0.29093159017151027 0.2461316173607457 0.1582882457637824 0.299428574738651 0.36899696966694195 0.44466443392554494 0.19564977044007012 0.2117598234965156 0.42139722599481105 0.20477948899495443 0.46634286652636775 0.46811165830699064 0.4868344423647219 0.15969312737635585 0.2783623140408926 0.47642832804125707 0.18359442998382683 0.3445321979935527 0.14813554793456624 0.06215949205186296 
0.3449527639712708 0.4610483728823417 0.5405889231895233 0.6073690457425681 0.13050736291449533 0.5048382144978244 0.6015133117460255 0.5822923137839835 0.24598207224950203 0.4622903255708576 0.6994083047586909 0.6699910850754465 0.38530729409052883 0.5614220039062843 0.662707830259686 0.7642069913622026 0.5559374559769092 0.7088759735140547 0.26095757677352865 0.46054082796033347 
0.14672835003629725 0.47665727955702797 0.1949770167552515 0.15880099981334 0.3539072291775244 0.2266569735687748 0.319215870681143 0.19637992473815388 0.3328382785510626 0.03501044549770657 0.26101711683179424 0.24879153984089727 0.3300378351276905 0.25211001804712385 0.27356512094577345 0.31038111788590517 0.18513535015648222 0.2845416537141582 0.28708729920530773 0.27142815054040337 
0.2710114761365244 0.5714406549293515 0.5484751560507022 0.5692881236238407 0.08074071778874467 0.38981625414484533 0.637016015842732 0.578397385865968 0.10674661813594041 0.4296213155537563 0.6210063131438639 0.5827806210286602 0.23915703766074556 0.5841877962124786 0.6615318432317808 0.7028405163245492 0.5560106639739504 0.6905446992782346 0.32866876062854516 0.509476730654705 
0.07293617941443101 0.44297083811024585 0.30417339211101013 0.32381625958671384 0.18817406726729322 0.25694736638614424 0.4062136627140483 0.32968740025534876 0.19103730025433127 0.18081531995422281 0.40894998567614527 0.3830600513365855 0.24887741898785745 0.3467259155029162 0.4126997657610164 0.47306179733755394 0.30861153016291965 0.44082979685255463 0.19542099015146253 0.3003080996053536 
0.12539164068560646 0.417418081440098 0.3337822450545269 0.3738719798252983 0.14351526663147868 0.3076393770637067 0.42399370141824355 0.3659927028649865 0.18055699424852303 0.22895337870094243 0.46657709363273026 0.44107314353178645 0.26948477249084174 0.3694956621279826 0.4489631965897292 0.528310560515167 0.3425149878668108 0.48424775529327413 0.16145622810680613 0.303865282081859 
0.38849966341520714 0.3212473932462662 0.08011622468587631 0.24175001247919325 0.5183862624646338 0.49657575686419797 0.04824375427528218 0.11627223350039524 0.5510926304037176 0.23629472350934788 0.42511494244694215 0.44526101613083635 0.5879041276748806 0.020929101078821927 0.14035238190817173 0.3977207628979022 0.102821900363751 0.2204474016735087 0.3097890411295257 0.1199255905933163 
0.2023084041171373 0.4351846164683842 0.12954379492914167 0.13220411975535898 0.38962409988482644 0.29015127391467893 0.2542533854069299 0.1341459377378151 0.3844804581403185 0.03091817144970231 0.27841838583121264 0.2783657975066542 0.39310544597166946 0.18706653178083635 0.2145321902296303 0.30428925907912485 0.12042596759509588 0.23750108934473005 0.2771232863408635 0.21938699974152567 
0.38566603254623966 0.5694364485823653 0.6257884798458401 0.6723039166472619 0.1609394415056504 0.5188940148886643 0.6970870605327778 0.6630707028183356 0.23699156451569534 0.5282575280315428 0.7415232738701386 0.706012338498923 0.36795053104465614 0.6524101578267992 0.7452893308748239 0.8172950675903677 0.6381254713928897 0.784248799818616 0.3614492108581674 0.5589729413327702 
0.18462675974873918 0.6228120817857254 0.5034876135041654 0.4814746634675868 0.16865654926951576 0.24933405380878082 0.6117108469390061 0.5205030259560361 0.047802504456846404 0.3580435938630459 0.4984974082678039 0.45508594399979957 0.09194210163806407 0.5503575088969204 0.6013427574405446 0.5906683572242787 0.5032841936609973 0.6139364561529665 0.3658015811308231 0.5058920556181228 
0.3711852869875621 0.5577862871535882 0.6103744716794137 0.6570418442210229 0.1459559164357838 0.506547489220707 0.6820850058032689 0.647601045992538 0.22567298062407934 0.5129259997485798 0.7273268075916722 0.692182911674187 0.35840161754344424 0.6371655613902375 0.7298288999168172 0.8025335600278799 0.6226673275766167 0.7687962250620827 0.34709543992425496 0.5442504454778304 
