20
0.34567580976314377 0.34305856737790463 0.15880969963549585 0.07485138671436929 0.18329348292296718 0.23337233158106216 0.28482679025023405 0.13013613936704643 0.2345453125295397 0.17475385858291306 0.22678638359402595 0.1903263864494901 0.2539092572402917 0.20091336951891975 0.13736505650256162 0.6083222519403556 0.48387705678876625 0.35232436211080104 0.226728852924634 0.25900189612674773 
0.5989709632501071 0.5243820862714842 0.10083643149573436 0.32103610994157333 0.31486279904260445 0.47203931550117556 0.40719016006380665 0.38294421112509236 0.1830097197427852 0.36661928480233336 0.41887167932789515 0.07435525599088072 0.3297218557063432 0.05705085512688183 0.19365682903045128 0.8271106482833088 0.7331472169906201 0.4512429765628985 0.3839212485575763 0.38271186878609176 
0.5984538630689236 0.537782462070423 0.10849214975698374 0.3159377961939727 0.32941477205994396 0.463199455608541 0.4247598198893056 0.38267523040636353 0.20671463095528417 0.35285750301537705 0.42982908726256724 0.08781124476738933 0.34939420218019845 0.052069885613005684 0.17768359310577775 0.8368503987156058 0.7351328733929099 0.47129474375565694 0.3663207590872178 0.3997252951611863 
0.2776865575859078 0.5416546660144508 0.5345704494302085 0.3149424424848562 0.5199633600454788 0.16160232363710939 0.5841034433113463 0.3168920566266069 0.6227578175897778 0.24552773918688758 0.4714320807060541 0.5649551939225188 0.5991308536946026 0.5543113805318752 0.42144340669400165 0.6225004665741312 0.38768020932304176 0.6504185945152097 0.24861688411901448 0.5673820764022904 
0.5010489317907965 0.20328241252275012 0.47804759124112745 0.4902820729991717 0.27498089257038827 0.5840892810363062 0.1712951401533831 0.4339276167366335 0.3691386480419423 0.6093793114323778 0.26427892006183995 0.4865257398531837 0.22453180794115404 0.5367728317287894 0.5753315059356279 0.4413936632472066 0.5298004936697976 0.10541675435585425 0.670485601288076 0.19717502135369766 
0.6067474989635968 0.3153876356879794 0.47875419072160474 0.5462729826743958 0.3167629577674878 0.6620557280140476 0.23373213452879588 0.5060214527106606 0.34999442513457174 0.6650645758053898 0.3473862500903941 0.4791157647730621 0.2442053249953626 0.531269553616408 0.5983903742643841 0.5653930787202138 0.6487801518593546 0.16796955746340037 0.7225097082038069 0.25257104166339095 
0.2578395634220949 0.280182184272406 0.6644565491133407 0.5018708414067843 0.4676883381677633 0.46119797397142176 0.4223250162083715 0.4139853322925058 0.6399408111083479 0.5737078412634341 0.35274756860497725 0.6906983283724342 0.5019628312448705 0.721175583969446 0.6658765659044726 0.09534233882152628 0.15180081338753276 0.4400440329310948 0.6303503859234295 0.4326870784022708 
0.20228846844953804 0.26832606913704177 0.2983293603519399 0.09982651805031112 0.21086837317652474 0.15229089164145534 0.27623827011077173 0.013759403503835834 0.3397587962299537 0.19335350788437786 0.1707892229476899 0.32916871273019543 0.28941847472720406 0.34444881904101865 0.26543642406392376 0.4832635205172611 0.3404758082246889 0.3445119010453099 0.2564509380261726 0.2578145852787373 
0.20436001876873253 0.4906599962485121 0.5588851391164552 0.32949890026075773 0.5049538741938029 0.1727146959328912 0.5539647139148581 0.3052676187959664 0.6292941286987916 0.2923946299096845 0.4375813527446989 0.5902570316072985 0.5820210970309408 0.5876943136344325 0.4637685039651038 0.536541856785296 0.29757077750141125 0.6163577525509575 0.31277615293907735 0.5408077063377511 
0.566448644652904 0.5736781887319555 0.17306177431812111 0.27791662367392983 0.38036564754884944 0.3975600716604219 0.4848718888050602 0.3616201916237413 0.3067820441339495 0.26991622066095866 0.45824491731577743 0.17652164030196218 0.42286818150146654 0.12605838637105723 0.1097047279825889 0.848557420854161 0.7115731771767817 0.5422381920194992 0.26478305069597 0.4581978179739608 
0.15036025452374008 0.4042689953772369 0.4613853168613071 0.2312014469565349 0.4020037463603739 0.0845560689929647 0.4551961699275773 0.20167445275850596 0.5264912776341335 0.21785936412973292 0.33997391328737203 0.4929259034008477 0.4795645817890489 0.49424693692184113 0.37784715753477177 0.5024384454403349 0.28335433284427364 0.5194503917477824 0.254960588697974 0.44069607891494833 
0.25305923362182586 0.09326827944803043 0.5030771716885136 0.3843952956538578 0.29121752743747154 0.40340781694228567 0.2357786731030694 0.2985122218427628 0.46087701826281385 0.4828775110575799 0.18177046999872365 0.5262865338117625 0.3169846008561914 0.5628266399272777 0.5323558871188603 0.22840852337336762 0.25558327437488304 0.25508135717637037 0.5453218220118398 0.2475690417352513 
0.5824924028777928 0.45766482687599636 0.11108326764802781 0.3319157801221809 0.2503085540977885 0.49030535251706475 0.32772360077569546 0.37220986630524133 0.08822422010867285 0.4070837644511011 0.36381581332485957 0.08584809583044083 0.24453355504067625 0.12679225745998712 0.25291357317392804 0.7698796623721138 0.705140558815323 0.36231366686962047 0.43820431922368575 0.30591928641747657 
0.17768451663315696 0.1447283759452742 0.378680795538216 0.230634869515677 0.20330231235370486 0.26082241101329046 0.21108895892227889 0.14386779035845007 0.3715879742612968 0.32872733854496483 0.0972731750849505 0.4058586782434554 0.26313555546074785 0.4345945437853384 0.3850901025246662 0.3584357799971776 0.26921731176761576 0.2671081783802894 0.3914960151160196 0.20493100017164365 
0.3029274569477693 0.20733658404902605 0.6251514868631907 0.4947000369450578 0.4127321038986471 0.48789082176337256 0.34899667357434433 0.4066152030327671 0.5808945654342098 0.5838271796246663 0.30397050547274057 0.6485104150099694 0.4329730688966219 0.6847068318388118 0.6491225847705133 0.10872516163443362 0.23865657845178373 0.35450880578555305 0.6444855581863935 0.36407213267581257 
0.5469660317038773 0.4097695401543863 0.11358484690694942 0.31097697408573466 0.20397449020093467 0.4691704844610986 0.2788022591922287 0.3413239566219262 0.039824435068241494 0.3975111680203263 0.3186068497859437 0.09989518685303855 0.19557323863258502 0.15024099072190092 0.25803684157487 0.722946226684453 0.6653069228345323 0.3138225989415376 0.43479827853536174 0.2571977491674814 
0.24519110890714219 0.39718122138066 0.3290516037090788 0.10490802088802824 0.32188805149902305 0.05916800636029005 0.4011282782417316 0.1298485521630076 0.4127757915353873 0.0858613330775503 0.3005739424955645 0.36016071957995327 0.4009888150664197 0.3562568036551746 0.23589743895945808 0.5787766405216148 0.392903718699998 0.47046839151972 0.1410148050847968 0.3804027041023714 
0.3374998583809365 0.31618935053103225 0.7236719169247599 0.5734587195062173 0.5173270904985106 0.5399615928453809 0.4587142044729111 0.4849937096114806 0.6875191923865757 0.650068438639742 0.4051996205884408 0.748489992519253 0.5420226653118491 0.7819571280709416 0.734857796722799 0.018495205564441102 0.2257018199689179 0.46510691478630684 0.7076243244948247 0.4728152625009932 
0.4571897749134943 0.29475122101686746 0.16866911705847124 0.2689263187017524 0.09323611228180133 0.4171810756657382 0.16527764410872153 0.2699018079910969 0.08025155642824289 0.3776428588475192 0.2086292196068358 0.17676540644900554 0.08649265890587464 0.22675239667487276 0.2844508393321759 0.6087403950801837 0.5644628314113274 0.20845880365444883 0.4276416077201786 0.1425531488898665 
0.1024807033197265 0.3787859129467063 0.4880355374743209 0.26010205333185726 0.4038772929135844 0.13083527838700384 0.445288473550268 0.21318531309963046 0.5410846920044334 0.26459495701248237 0.3284479974550841 0.5195722901918949 0.4788270188787732 0.5254717400546296 0.4163070767737461 0.4524640388465385 0.23019584459326303 0.5062292247614638 0.3057137714278188 0.43355813972587737 
