20
0.4477431117491498 0.06508855556482873 0.39573225173749554 0.5177893773845085 0.05345020612196732 0.5200752314130975 0.3626658044545549 0.1575137814031614 0.37160192607724657 0.4400650137189578 0.11889432928307472 0.49763315098819394 0.41075117989994664 0.5198041941412168 0.10808899062143561 0.5810177960501864 0.17476469984234783 0.2892818459316803 0.45370131217805426 0.015351899060632628 
0.36495102225134557 0.1488335272472451 0.3081647313817596 0.5057334606149017 0.0738375297215488 0.5058239000250245 0.2769675688045241 0.19163328426553047 0.29155992586451895 0.4518272702871312 0.1692416323491174 0.4417257348752975 0.35465308412832103 0.48010760135782027 0.177582877156871 0.5222374749441879 0.24365142915252083 0.37724810322944197 0.4557088869878239 0.07866998829207868 
0.24750754490450824 0.4493542546147763 0.054223002196062575 0.6660357017842138 0.36173106199905763 0.6601937120039353 0.1836575964267558 0.4844061111217712 0.056234737486571255 0.6749520062771368 0.475892789033919 0.46711563676973483 0.40878870062251726 0.5601679088271185 0.4549945081903301 0.5139880816605468 0.5555588811062842 0.6773678530122291 0.6576172249013196 0.38699103757387254 
0.49589510372564677 0.11137740642075676 0.39417513475588295 0.6376699913554127 0.08231201275210688 0.6392730239278446 0.40252920041854645 0.2806025570237457 0.33906653991515356 0.56350384101371 0.24000848218960835 0.590224218304947 0.5031689735080292 0.6262129603396919 0.08352793810906495 0.6704344035127914 0.28062543556251757 0.30629782114667475 0.5764403328924683 0.11227566232437546 
0.31320140233605365 0.5035032281172762 0.4641062266757413 0.1649313379015548 0.4722970750022615 0.1558451135969918 0.3319414599209015 0.33878109893507863 0.5374100827133557 0.24797573893860683 0.37932791576142477 0.11664414904662614 0.10899945907591847 0.07351421545693385 0.553601905402818 0.1860574852034203 0.43019548909130767 0.6628208550796401 0.20434217250162254 0.45095313555615313 
0.37006983360295137 0.14330623737543718 0.3139731750008397 0.5054809987252271 0.06968175473805807 0.5057199757364923 0.2823668246339356 0.18784255853363702 0.296927551860954 0.44997061781420794 0.16457310214881676 0.44459201713202406 0.35745120151328924 0.48177628305742104 0.1727863847574853 0.5253794964270373 0.2384373628357568 0.3715356466319781 0.4544765287318297 0.07303421295153209 
0.31576359855854175 0.24022259191643858 0.21150689630971378 0.5686006045151365 0.15267672987700806 0.5664905297300297 0.22081376284575333 0.2970256417001416 0.18153729346568362 0.536604051581977 0.27883213795289874 0.4509930083816439 0.3687678354177672 0.5119684412096049 0.25071661348681934 0.5232593207241484 0.3540894521110202 0.46947472481832037 0.5327770113663695 0.17763601320472794 
0.39251140294655695 0.34326202376856785 0.21824526355377719 0.7202482411666922 0.26372249347731325 0.7173952875420202 0.3046971635548795 0.44557329223981995 0.12305424927446942 0.6924474811068918 0.42106630419878 0.5754845891928245 0.5002638176208188 0.6497990849410317 0.3301573941789072 0.6383837651708993 0.48867474386549276 0.5536078307553361 0.6880120810361104 0.2994298872536564 
0.06238381785714079 0.5722160773717049 0.24153966851090974 0.48731579581651324 0.4984143133148496 0.4773322885114926 0.15721261791766183 0.4990518493268328 0.343891091161783 0.5559043120116565 0.5173772768689732 0.22784305605028068 0.22108574807826742 0.33753729565288526 0.6033901929292195 0.24138139004795658 0.5962601614013573 0.7916443215844918 0.5197443972555312 0.5019420267843914 
0.13996688816191225 0.4936350398103604 0.3089878913833995 0.3387933312427757 0.4353022806953644 0.3296238395341755 0.17852255272057027 0.38072932082679617 0.3961195174062117 0.40327759227708754 0.40800142338894524 0.10593339215343524 0.06827182176150812 0.20312429304930898 0.5344980314056469 0.16824264244299225 0.4802335524957002 0.6948923541170406 0.3669234441655863 0.42755891162839404 
0.2937267358989987 0.4594725817728923 0.43180457922993115 0.18882299149757625 0.42711008344448775 0.1819514102766589 0.3010854483540969 0.29875738111313116 0.5006007721303173 0.24527747931565996 0.3380204045420204 0.1325581055488722 0.09102510770286243 0.11802259675524779 0.5091876470710502 0.21209315430271464 0.3924981730685189 0.6237548071378665 0.20764027637368412 0.4060784232924991 
0.5361349134853597 0.48989523316445144 0.6457389942213863 0.1329253709979124 0.5023815503771675 0.14475617774913385 0.5247377642704356 0.3008028059756463 0.6932266219018237 0.017370920895541837 0.3447327239051779 0.3631932477769828 0.33821691566988943 0.27853718044889547 0.5434447417887236 0.4229972100070233 0.3457425676263689 0.5633576007075788 0.04373257192318374 0.46788952714447907 
0.31725822691072275 0.21506749219314078 0.2354823030133341 0.5368330446196493 0.12927253529837718 0.5352042969409835 0.22396921575157375 0.2594374536791547 0.2162787285298613 0.5006187760835831 0.24225603581846375 0.4328898421718549 0.3485511435515567 0.48766215577382827 0.23239265171818035 0.5081424869232087 0.31874716784259105 0.44529585219712237 0.49807896419336073 0.1486252647700673 
0.29588542738862783 0.3303068581334181 0.14078841399227487 0.6301529058256994 0.24305144122787883 0.6264887556258606 0.20557785545956886 0.38948794998221914 0.08636363658058689 0.6139825361880673 0.373603607371027 0.4753483114283964 0.4013254476027344 0.5518502769712575 0.3332908719015469 0.5379415087122298 0.4495715110939479 0.5565674164198543 0.6049345215582109 0.2713519570976966 
0.47402403078342376 0.5603400032051044 0.6160828669967853 0.003930629421817881 0.5530054876688589 0.01127365095661035 0.4859071674895564 0.37278041055142336 0.6808467404775005 0.1449008128523243 0.41823068447009687 0.2648567535318137 0.2691556767942261 0.16288521127201316 0.6138809653935479 0.30862446410625405 0.44106805872786436 0.6703887397369677 0.09568042031652876 0.5235339463153481 
0.38264150567643535 0.2836430892846348 0.44017510175931385 0.2815230083167453 0.2758797520368143 0.28392262002760554 0.33800227280534106 0.1061287610980038 0.4714131947838497 0.22001155482809842 0.1482423004435874 0.31748359297546946 0.24305830076372656 0.3046887262405956 0.3366500879849016 0.4013509002282522 0.19929308625898018 0.4303606216036971 0.2228085216008548 0.24512884611441266 
0.3615585256149199 0.24771748172057542 0.2292592846522617 0.627161441441967 0.1630625977263964 0.6253229315952181 0.2668077735386204 0.3386350899650292 0.17103585902550092 0.5902433829684736 0.314409534655587 0.509450217932118 0.42803988857421144 0.5719412682496345 0.24510352063908877 0.5802599179771677 0.3836794703308868 0.4696324137853908 0.5886270273234951 0.1963525932929124 
0.6513065829175042 0.2460645586141498 0.6495612649509881 0.4942067301168901 0.3198874562449988 0.5026650909765963 0.5848536108302688 0.20369512037237006 0.6389327087839913 0.3612145077613022 0.1919272011451648 0.6072317881399845 0.5342083475545601 0.5780153401011806 0.2802253654279856 0.6899388222491347 0.10951816625479735 0.19080855135274694 0.40144471879032095 0.28509663974639887 
0.46599686293710085 0.2609557792624299 0.5082664356917238 0.3132606794190403 0.2802392205101597 0.31889521697497863 0.415551853144251 0.07346622021387815 0.5274442022079375 0.21200853369673253 0.11594099236225501 0.39754462190728745 0.3268067488441573 0.3714422728589076 0.31450103143487335 0.480043137507688 0.13184743250221828 0.3652878370936972 0.23370676406076343 0.24368727532385442 
0.32199304254837463 0.2207468831078429 0.3351053605962923 0.38491852080194033 0.18063698447720775 0.38476382996612135 0.2542823256503363 0.1313999484416009 0.35451064030045176 0.3407505463238171 0.14138768566469337 0.33924615532150876 0.2526471865378611 0.3643273046850592 0.26668991494456507 0.4230133815574666 0.22226954522939285 0.420002633978244 0.33930909970854733 0.16092851051230236 
