20
0.2355787832056148 0.36527135548693945 0.3516913371618029 0.09420274274039592 0.541270593728959 0.524553055340247 0.49104380625255845 0.13088569721411544 0.3585489198103837 0.6762591910572208 0.4680786225807775 0.12857120535180835 0.3373092666758444 0.299799065134804 0.35594715029666474 0.26492337293009155 0.241663388043103 0.3856489909839396 0.4881524552208951 0.6975467561413907 
0.3310233143728539 0.2235455418020967 0.30815374147519625 0.5905706246099489 0.07668172988791697 0.102213729796003 0.10630026412765328 0.6829756123765897 0.43735600439846095 0.5801935364998454 0.14181261266225248 0.5058853379733018 0.43560318581939783 0.26401725127552256 0.3419361424972247 0.531464142061719 0.5221985966759376 0.4190681023875651 0.22459837326632578 0.4292584019058304 
0.22215002380381504 0.3174651828779252 0.09162393159192925 0.43643860411895347 0.20704977643204606 0.17825712471995556 0.16782242579050333 0.555213636566738 0.17895735289803916 0.33825627352006327 0.13336839607856943 0.34217249136089506 0.18477255920774227 0.2880715699158231 0.10078604493917702 0.3035006117960146 0.30359768794186237 0.15325763648256419 0.06350500344478398 0.26794103381380485 
0.3778517319630748 0.5743495399156964 0.31361815094233636 0.35096785266396674 0.5567811136825928 0.5282344915011656 0.5125060906400537 0.4624145593600875 0.1811537882751159 0.3214508153267607 0.47652954502397765 0.3042504149633256 0.18699103323039273 0.5119009747699758 0.2773969655433977 0.16519592408217343 0.18926087704906566 0.19925740173314926 0.41264142522963543 0.454044998327677 
0.3175116224091612 0.2080053315741604 0.2993662725524187 0.5767360818160634 0.07999761522301337 0.10283911319508453 0.10173702613541732 0.6682780945462456 0.4295898653541532 0.581020554278489 0.13625886896157274 0.4926670408437479 0.42718000825591307 0.248464478568306 0.33378635280153696 0.5209435819257902 0.5111952577898056 0.4122286431934962 0.22261350993760537 0.4345156636623146 
0.5021456031280548 0.6876085851908428 0.40949106379616995 0.4986196082469858 0.6223958133739197 0.5937183280519787 0.5856156486265484 0.6080791681947637 0.2838552143285586 0.24369683809655007 0.5509372794146584 0.45016133248936135 0.29793190284925036 0.6311093299619385 0.37213643200938534 0.3106895372724302 0.33461874006181686 0.28653895300843796 0.47044387341503185 0.4273972047040059 
0.27478641498244777 0.11065197297444068 0.3066525213518027 0.5215158015152345 0.17418250017457693 0.18597845109846162 0.16546408462037376 0.5991855989408702 0.438585243518322 0.6425508537475014 0.1866670695464279 0.4470466456417387 0.4309746321040424 0.16887373181338694 0.34403475854105325 0.5034921014534323 0.4893373838047043 0.4289658693913352 0.28068944670528473 0.5192963029530216 
0.39444723721942654 0.5909937533439044 0.32964736213819396 0.36267002111338287 0.5716424300771632 0.5430450859297625 0.5277353824244266 0.4723147451592533 0.1970584559257494 0.32167638079775884 0.49177579432542645 0.31850713779383727 0.20332836742760924 0.5285379452537 0.2932806871472904 0.17992235577747936 0.20396117160035027 0.21428932915027157 0.42669388713921924 0.4609016836168835 
0.1634121164866536 0.06905421379445614 0.27238317022611264 0.3626001925335048 0.3030797936164638 0.2987863559021643 0.2656011732041079 0.4263465496879885 0.380765122703914 0.6556288759644178 0.26171278619357535 0.30373273152209374 0.36572553523472695 0.0378814313933615 0.30501872105652367 0.3965698320217901 0.37696982857115097 0.38517237366601953 0.33260125470762164 0.5855203305340947 
0.2559270204265769 0.24009394760052669 0.19242877597939734 0.5111114204191081 0.0639894822008236 0.03746681325283568 0.024015033354020252 0.6168151046776429 0.31542247093664066 0.46035267692031606 0.023269151418137735 0.42000652482187445 0.316074090622977 0.24518364431586087 0.22247174663662217 0.42153739771123905 0.4155747054986586 0.2945854468228001 0.09865867429671245 0.3317873276404838 
0.3286717273546197 0.5294119885460914 0.3348329582942339 0.19366303225515535 0.5901530907939057 0.5641259785473501 0.5394688703846094 0.29231979773022826 0.23610409453457923 0.48635533188906216 0.505228617123515 0.18457572871923747 0.22468628932299117 0.45926034980529495 0.3094711042754105 0.10538286698498607 0.1131100776343976 0.26870533698820603 0.4704092588295222 0.5852280134252507 
0.5426639450608174 0.7214774165929472 0.4400826404562781 0.5546583801272206 0.6368799354866216 0.608580792837862 0.6036800593888124 0.6656485568714318 0.32127848456579133 0.21180444932159231 0.5700940688196138 0.5026341934629811 0.33749825689727786 0.6681261874366521 0.4033643951851917 0.3635355871371877 0.3872054771716091 0.3187032107668163 0.48474653381446187 0.40927405893573754 
0.4350069805785818 0.5065644766875604 0.29902793684927803 0.6282497496582243 0.3022800546434513 0.2818791384962958 0.29868144566767596 0.7515098856801483 0.32138376626424675 0.2278522180462785 0.28187260924171176 0.5363170904236506 0.3382341766565357 0.4913563973094582 0.2922074116834442 0.4603194746445376 0.46918190336236504 0.28790104612768147 0.19653787675588713 0.05699470880188314 
0.5380537823762717 0.6877921130788456 0.41066329867332885 0.618937251983187 0.5530090421005512 0.5266366630094301 0.5298814705605234 0.7396465523222268 0.32615492878560753 0.062357595658805394 0.5005396843482991 0.54835346434966 0.34684801687918365 0.6462697052768547 0.3792361671780425 0.4197509084700136 0.4403459324644103 0.308147287484504 0.4074778573614643 0.269475933162897 
0.3457625685631017 0.541390332983778 0.28030883220610187 0.3340853527288142 0.5247313166847992 0.4962614257579153 0.4799943637857127 0.4494872483234929 0.14799875929438677 0.3171820558966811 0.4440057660570576 0.28066849936328997 0.1535365266293696 0.479393031838223 0.24421913853451455 0.1412718740773277 0.16511078941931337 0.16725053692531044 0.38183609313814415 0.4360315985663927 
0.2976656553182194 0.4071546645582829 0.15804403113387389 0.48019814329160077 0.2701341664363578 0.2422335883248751 0.2413390310589185 0.6034237304904292 0.17878366036694376 0.24949485766063648 0.21079519754126785 0.38824843097129647 0.1935801973107793 0.3764128246527302 0.14556169452616774 0.3174619194820485 0.3242736923140593 0.14560617013664368 0.11925987531349715 0.1962160211688339 
0.09239726777794384 0.17232763247557506 0.11011010407939197 0.35100750976042816 0.21681018152539935 0.19802982808851058 0.1652867715348876 0.45332446129301657 0.23476637074988646 0.48916144813209755 0.14101548496240218 0.2631294973794195 0.22469205553902047 0.12921346237949963 0.1461446609524135 0.29620249525546344 0.2837701360959819 0.23103278698681992 0.17950270078133534 0.42605485319047054 
0.07558832441195511 0.1837960633578799 0.21520620926145043 0.24340828284864385 0.35235480170439 0.3382135978376635 0.3039487355727802 0.32383231844391386 0.29035839813027847 0.5933672993786584 0.28528754292044517 0.17909559530358793 0.27195130123658684 0.11323943385778444 0.2373246395833345 0.27894760664229806 0.25780288124303474 0.30340581159622615 0.3248653800930467 0.5625426095765771 
0.20270824974876342 0.3262538043946994 0.3255399175146395 0.12051889690887635 0.5055039142347267 0.4895432707943334 0.4557685706488192 0.1695189042285711 0.34518996998599716 0.6639414126907547 0.4338856273214517 0.12576233446315113 0.3239305706603479 0.26088829726445967 0.33308381768074846 0.2652384840700538 0.2413058940058663 0.3701976357509474 0.4583420871475858 0.6746460431971169 
0.21105181035130757 0.40064498921704966 0.27110622680536034 0.08560479482525506 0.5074990124001396 0.4849252980573551 0.45527345965912647 0.21045260273329713 0.23201715301956458 0.5409435321160292 0.4248800408863792 0.04067296005865502 0.21201518116505377 0.3294031825334507 0.26076983811387566 0.1177613734526473 0.09572085544943947 0.26338815586643854 0.416215327407427 0.5894998606344533 
