20
0.27638711506813973 0.4838367902698545 0.4289628550897977 0.20754314450552805 0.30910637159195425 0.4596920362516839 0.30509561704543925 0.2837545265252678 0.3926104041403225 0.4135441735437724 0.06463230529441401 0.14158490542166094 0.3925922922956881 0.2748388200252267 0.22142167752993375 0.14945772513846517 0.24737475382198848 0.4619357104857283 0.25654902307699784 0.34355724569489715 
0.5346478414900868 0.33882408894577276 0.17504082363703966 0.05210467805892257 0.38156404162708474 0.3176158250487271 0.40237485359591596 0.4515736510068434 0.34074450514362015 0.5199336665620105 0.3101052777796558 0.249712291164049 0.19056615140967587 0.2304598132451056 0.3414500696850039 0.2521113909786077 0.47920398485683824 0.4088127553289563 0.2738015353301231 0.11583616897154782 
0.7197072911108193 0.08597961464815287 0.30944670350464204 0.3207205074297295 0.38113749912323547 0.08566747490992313 0.4167529522787263 0.5189734537356081 0.6256884403922484 0.4971219529602677 0.5465086997638456 0.5305502088861817 0.1052430214368897 0.5247588530764707 0.6287313424807424 0.5347171733587436 0.6143721536100718 0.24500330131529485 0.5695418431810233 0.18171735131776864 
0.5772636782867547 0.6771132703599032 0.37002509865754357 0.3355308648265741 0.6512896967347271 0.6561139884720811 0.6580118867622923 0.65523258370019 0.028222508303506623 0.774415332289732 0.3620238144106903 0.23312497435948207 0.5240004661996495 0.11447978285183996 0.20632655900324473 0.2256237338197924 0.6067428720869081 0.7361729327979465 0.11641020817565796 0.44665291532725204 
0.41580472877701596 0.28749428177978764 0.3763718514362411 0.18150855578335903 0.16678047681863903 0.263847047933065 0.1865032756345798 0.2482089040103275 0.5078572654119797 0.3042741133600156 0.2675615059944807 0.3067083262507397 0.23691540644162082 0.38230171257866963 0.40477091287389544 0.31363863077784837 0.31550031630444253 0.26129583448592153 0.395861590356482 0.22414141463502915 
0.11912670296172359 0.588051794555802 0.5886218568349427 0.3645357443908358 0.32709106833718593 0.5648723875113655 0.30568446371508445 0.22709843887010497 0.5195803788398039 0.38049262664643213 0.13627189176758714 0.26725073799321475 0.5270286987559885 0.41495390588511327 0.3038550107016051 0.27381802328359905 0.11866391982549483 0.5240373194000374 0.38066382877400967 0.48948771746718145 
0.6001909458203283 0.1877091759697728 0.224405426197725 0.1732996204780523 0.32817748127632645 0.16756834192758277 0.35883568305885905 0.44138232302866093 0.49030561581454307 0.46323841747803524 0.4079368682473837 0.3834408246304393 0.046697202459131795 0.3824911025960775 0.4813247467974626 0.3874782972280501 0.5114056411896002 0.2829894614904543 0.4241597539645218 0.05271967597328119 
0.5677569289405525 0.1732523972775586 0.4764190192304641 0.3538972036520805 0.16553119115059625 0.16135112186495978 0.20083289623148468 0.3140355536232766 0.6956001457003824 0.25696001151071085 0.4679549001549898 0.5127270106720442 0.25708161998109375 0.5733430243477878 0.6114033593001955 0.5194743496135988 0.43782300714545647 0.05537259224725111 0.5954046686175861 0.30362892556241167 
0.6302177414806734 0.07179945959012683 0.39645865484940285 0.3214398829859014 0.2553125328922927 0.055437728236901705 0.29159266815200846 0.40039511734913885 0.6586754670523168 0.3619928605282159 0.49286123351154365 0.5103331359048724 0.16806692416748475 0.5431247525959542 0.6110971565437695 0.5160899251122126 0.5109467690311157 0.11343498631079806 0.5755456481956864 0.23054187000236756 
0.5811741730966425 0.32890121101060454 0.6497144937413466 0.5053473112512119 0.19279489031138472 0.3240568150747036 0.2064970865535458 0.29842057073305617 0.8399306361764847 0.16480312494236107 0.5528063770569743 0.6285828098646596 0.43227444241989305 0.7145170185399665 0.720448756666707 0.6360870040878723 0.4388818880287204 0.16529807507540978 0.7262153341985779 0.4764901974217905 
0.22977321171169537 0.47122483959728323 0.503155826271756 0.2771235493025481 0.22679134805473844 0.44808225095867055 0.21331444083832507 0.17310763313023775 0.5043342135928506 0.3110729586182438 0.14152447331149542 0.25259971535725817 0.4160408988646143 0.38539399136566255 0.3237391610528008 0.26041255594638074 0.15127094125217835 0.4121133973597466 0.3682355968020741 0.3854218275394111 
0.43639609475538427 0.2625205599279579 0.3862316980962736 0.2039224888052371 0.14898523537045913 0.23933002381312657 0.1734685808603234 0.24856980559029818 0.5358752801114488 0.28801559344805466 0.2979489007649698 0.33843506748722263 0.22813209711840135 0.4107520986662655 0.43664915276833177 0.3453230173745211 0.3289950642408545 0.22941166493123438 0.42618044240764746 0.22603438434554626 
0.7524462499309718 0.11351294659172799 0.3055441427702075 0.34132773365180635 0.4169975766453071 0.11791377318409112 0.452620219921622 0.5546628199724288 0.6344653578144172 0.5323364968041107 0.5745251110807611 0.5525433786490421 0.12415967441558308 0.5381594668619823 0.6494955677621383 0.5563534248524342 0.6488622322877259 0.27615344519886376 0.5855033818587345 0.19635286115791167 
0.3725745556990939 0.37568479123767295 0.5663399217476818 0.3695338529215294 0.048802277300604456 0.3579502236796156 0.012876364234248679 0.10080275994186505 0.6732286876015993 0.1177247744708307 0.34581557351382125 0.4385865588699182 0.39659870832758526 0.547789569483616 0.5224221005859856 0.4464218893262246 0.2336421252987538 0.25699721167545964 0.5466415620205836 0.4054169451102819 
0.5651644691570485 0.25784768269813346 0.18864856124521198 0.10735500607121831 0.34538516272342523 0.23700775199546462 0.3716376883461807 0.4392138548621294 0.42056663482339374 0.48412162376001894 0.3573961963553831 0.3189740122647063 0.11109010910248505 0.3117443703766091 0.4150022054426859 0.32244861824750404 0.49042020059416597 0.33862707073667353 0.35395036665548923 0.044824896830104294 
0.39756017334295246 0.39976667011999956 0.3088001003514568 0.08558094470289829 0.3178121119858379 0.3758662664929365 0.327697372548926 0.3473987660808165 0.3478353815203502 0.4463289865025934 0.17581512780843303 0.15427877274126697 0.28503485235525705 0.22178732351378405 0.2550508520435591 0.16004727428412321 0.35076938458377943 0.41604988192310505 0.23324064531127034 0.22733029193790055 
0.6475507564479257 0.14787835731022342 0.5059937337692048 0.4141478891045255 0.24020462968180548 0.1476862429193294 0.273765698337912 0.3873650574804164 0.7555779551684918 0.3082216710125877 0.5473821484386742 0.5859851528404499 0.27764902660074753 0.6361753869023471 0.6856653083897165 0.5924564462417313 0.5155904834105862 0.029608194570447843 0.662823974706017 0.33857948887553246 
0.5604516863987603 0.3396475863266369 0.6503865421491839 0.4993862107366331 0.17768394946184607 0.3333919676118209 0.18871897349514172 0.27754887719767846 0.8314839775676605 0.14253336503100625 0.5373646819355113 0.616306458390822 0.43613726350118726 0.7057771454313805 0.7070085923937219 0.6238802143156184 0.41800481862386063 0.1763360497245994 0.7157257050994611 0.4772113061817338 
0.6023089013672599 0.708568294066697 0.3928698657213824 0.36883761273955923 0.6852341201688179 0.6877982895612514 0.6917472607500583 0.6876744435197946 0.03436702918519764 0.8079526945829169 0.3917032892278743 0.26421441494265446 0.5544183906232454 0.14841970469163177 0.22912734831679524 0.25658363710639737 0.6364030124409144 0.7696781943511389 0.14782127475555934 0.4770630839429117 
0.6037637816567789 0.12929975233524635 0.45413436603912105 0.3524798292271852 0.20792286248487032 0.1191341937811204 0.2437076566221819 0.3562457677011046 0.694150718868547 0.3012871378817849 0.4905044818257007 0.5249437001004542 0.22888348501909925 0.574373958250976 0.6248838588247964 0.5313299895821738 0.4767503779260047 0.05201100699600118 0.6008850610130327 0.2836565706916982 
