20
0.7611050902882868 0.5385121086618381 0.12132780417858124 0.3094998334290701 0.2264724398405335 0.5197907205160395 0.26659747143806656 0.6135243627462913 0.4657191836229846 0.17587573654722036 0.5485213774702735 0.18466164896301826 0.19237721703145733 0.40773453411346505 0.10749594656240799 0.31116471747622515 0.5545359853200587 0.647547273923182 0.5930365886357186 0.1206762244760099 
0.08915539630542264 0.26820464579655456 0.6979666743886188 0.4374047186581392 0.6011048181612753 0.26364173172779687 0.7764212181384466 0.09074155351540704 0.25207281240805374 0.5509250625853169 0.45133544007398974 0.7051478126306671 0.7099843844648337 0.559898438569223 0.6034510230920123 0.481369145043487 0.27363930714855506 0.11336242392624213 0.10003580898143431 0.6384672097020122 
0.5592203860645666 0.33654661370125166 0.26829121933589684 0.2101355571182817 0.17761006549871877 0.3167079497625001 0.39826697273958955 0.42275845828469816 0.2595679327503054 0.08992544705595676 0.45934962395845536 0.30716941802267916 0.3148363970051353 0.38269307599216007 0.17002260271695915 0.24681516769484385 0.4051279955987042 0.4630258929957819 0.40105650688666244 0.16545619983288834 
0.4383602343791485 0.23164222414672203 0.3739569613023034 0.21241823484801597 0.25749391635122637 0.20986849469889765 0.4887527954691253 0.30929492874620934 0.14306413385267303 0.19311965925089805 0.42455025044495087 0.4017134420581819 0.4085877512103362 0.39874917504219415 0.2734016355015595 0.2636063087317282 0.3275379780683867 0.3536662420320106 0.28700470001387923 0.27944885697246324 
0.5120585423052676 0.4981423710359888 0.39338893694540766 0.14761151707441358 0.5314572711361585 0.47650061017923184 0.405815757756581 0.33572324998058706 0.39985077436515337 0.44020470382978133 0.10577877411908805 0.3663703921387866 0.3673767953099995 0.13641083188754466 0.34020497872456845 0.13648654522140952 0.16877458886177574 0.332508194639096 0.328616183762916 0.49058438390200315 
0.7461055396117416 0.6663580582014516 0.25855719316560066 0.24378407604572752 0.5436432128147002 0.6436577087040725 0.1911250439079033 0.5689019124701432 0.5665091252585954 0.45532434770186603 0.29297480319537766 0.20140640536521767 0.19714211850663108 0.11257519150983805 0.2756693040437097 0.1907032003986952 0.41311003386649314 0.5729663761940104 0.558005953865452 0.46125634575155383 
0.6232348293928872 0.31999090200920427 0.46151747042225977 0.45359380150314454 0.1268772728278152 0.3139153411585796 0.6071518463274743 0.5470197317716684 0.31588563183630547 0.19261974100383528 0.6920425533597552 0.5168178087872342 0.5250021636366171 0.6309534428638868 0.38396317313053874 0.49426401202928716 0.6003864039161741 0.5983383663621618 0.5248231799993187 0.23338730622509438 
0.5337412115503177 0.29601897482738854 0.31262511613705934 0.23880782775229817 0.16587038401028276 0.2770128052515914 0.44383281381834017 0.4074493927382123 0.22541662968734616 0.0948288786133552 0.4809711418150073 0.352655913291482 0.36034974931216 0.4179819896097899 0.21519551773101045 0.2804357690593201 0.41018567610611717 0.4510609828100184 0.3852107327898335 0.18188530818531706 
0.6855892322265026 0.55661024896245 0.15164028486088327 0.15919275941082256 0.40185629518239463 0.5342001231935886 0.17995785322646182 0.5134831130380957 0.46018253198038306 0.3137752273249318 0.33384728933485813 0.12156359737314484 0.1234693920356019 0.17402256575701475 0.13660051252933345 0.12218236240240125 0.3933057689643037 0.530378994190389 0.4981453172582925 0.32160102866833745 
0.7428902986400701 0.5464503908291979 0.06173930426943792 0.25799913231395466 0.28067718020230226 0.5261407785419561 0.2069364807594495 0.5858659601911972 0.4642688400929034 0.2114826760512019 0.48523870949323494 0.1183097785089689 0.12643279329571222 0.33693905719199607 0.05434335850100165 0.2506143584045007 0.507564139289923 0.6151405509886241 0.5666192983961229 0.18140586785470209 
0.47368241291722457 0.5506046555641335 0.5430431599536972 0.2905382566458231 0.6624226074092421 0.5316295907344347 0.5434601148266731 0.31605025660520186 0.46277521120425197 0.5741988032355881 0.07365539790782957 0.5129181496214563 0.5132647180914118 0.25296576120664915 0.48984490109568607 0.28664151433732504 0.13624655938075267 0.28906116853584246 0.31930479057290717 0.6324409947983611 
0.5761181179557402 0.2986612800510421 0.36505269183413225 0.33705132474562816 0.09418579408945228 0.2849273151055156 0.5067888340651322 0.47231953848505726 0.2582162195580942 0.09309717338612425 0.579064950720628 0.41515902554130213 0.42325231639618444 0.5137344375765073 0.2782482231901345 0.37706350383574166 0.49958905350853944 0.5202931012336647 0.4497445855531749 0.16676133614469998 
0.3559236640282654 0.44548579464453 0.5604865086382129 0.28349269613403605 0.6141087860181867 0.42814577697881134 0.5909620680593659 0.19676775533827243 0.36540680440146583 0.5328256442371645 0.1747898047077286 0.5432732660687287 0.5453878888088947 0.3208832393007031 0.4892239572579918 0.3013549511515333 0.03813963379741795 0.17038893280718803 0.2012647093820796 0.603011575085999 
0.7075933667183498 0.4559414394312085 0.2281009990368623 0.32957359445510087 0.11408923685614562 0.43949421426527496 0.37503585004024714 0.5770650850385793 0.39673391248107936 0.08314107515838363 0.5821310929738791 0.2882476337781127 0.2963343056449576 0.467942468325957 0.17221535204615915 0.3487472403855609 0.5528516827841516 0.6178114945436384 0.5552009376267846 0.014149183544352706 
0.48272852824561197 0.45682149393067073 0.3854095223127547 0.12091208110658307 0.49835065515878096 0.4350952187135509 0.413066086162604 0.3055076591207318 0.3582757559206551 0.4082147190592335 0.13946135639618415 0.3649334596189047 0.3668580568664685 0.16431808284715269 0.3231050554698259 0.1246425268690409 0.15257932777125569 0.3075414535792292 0.29654418580907077 0.4632610193039166 
0.4693166381878412 0.1954922168555833 0.42466630719639437 0.31708027715017395 0.2015109826015802 0.1798149103448608 0.5556611878044518 0.37453201728827257 0.15174474667560892 0.1780855762776542 0.5342066184238132 0.46470864180549615 0.4723489906466524 0.5031610981494885 0.3274666868804402 0.3658731985073721 0.4278841102264345 0.4247820207500631 0.35209614561006286 0.26416969791843775 
0.6258357353293681 0.4750788379995711 0.16513258973853903 0.11610191862018236 0.3278827653186521 0.45290164014974826 0.24822100290501561 0.4597243785330603 0.3807209668861138 0.23671270218011894 0.3479537380265917 0.16834951337104334 0.17380941581114875 0.2223868937973364 0.09376541336287472 0.11035752833945459 0.36606026094408667 0.4835977883314275 0.4422426389760499 0.26001598221047517 
0.8301042331565354 0.6894574214950688 0.13429390526680304 0.30364881498912494 0.4705491308329015 0.6674792832255181 0.03593694071024499 0.6576605804893914 0.5961243665961252 0.3959932700545181 0.4420005548581064 0.07197785379882758 0.06389327579707753 0.2611955495515141 0.20614859687336845 0.26339008798590513 0.5297419903139264 0.6731529805994926 0.6425496290672258 0.37130496952412667 
0.20447509688292223 0.25735037543300393 0.5865857983701777 0.32230848861205297 0.5226249381022473 0.24363008109797826 0.6614324543691891 0.04069428326145978 0.1988276834380318 0.46143796890028577 0.35608130912874736 0.5913496829063961 0.5959993133901363 0.4483831951010316 0.4941634902109168 0.36604720572749305 0.18091712595700846 0.08941183101601886 0.018808370774048733 0.5462517731983281 
0.6139877593114742 0.4644412805297295 0.17634421020543764 0.10611451072211414 0.3260945934443243 0.44221057145636405 0.25969048247384746 0.4480242546663249 0.3696888193834584 0.2342568327123195 0.34226670762546174 0.18020128516862643 0.18563749573623514 0.2222837450623974 0.10137727019914555 0.10458166758958133 0.35603160762037595 0.47216076980978666 0.430486077739255 0.26163418293836027 
