20
0.3430377759812188 0.5241736005378571 0.4190256818650274 0.4988477864961093 0.5536988979979287 0.5562091431824978 0.5699262656483715 0.41326938228860605 0.32185465875614 0.5503180457296086 0.1645901091272416 0.3083549766800849 0.18310230083155643 0.22375576111638693 0.3513903327234211 0.2813350086134461 0.3334158721619588 0.37666026916769707 0.3166936380251969 0.1310893064213413 
0.21494067341564263 0.35225697641937864 0.13225617980634755 0.3097195825840956 0.2923197535927524 0.19656976086599037 0.33528946014094774 0.44053111846427295 0.3330892213913003 0.31640628122643605 0.39338759016480673 0.06539557748093984 0.5101885978771874 0.31594595061616504 0.2667776399164984 0.22709671810905682 0.11477010923540122 0.35944854548427657 0.2788133504157512 0.2777424037857533 
0.2621791332432572 0.6076605036765362 0.37468518286737273 0.5757977357740363 0.610262347232343 0.544435428409082 0.636599339477233 0.2790661726409676 0.4336448270102863 0.6162981341698286 0.03676313448929846 0.32976348883558343 0.3044873008256496 0.34067666222578896 0.25235683888459787 0.3677042441734567 0.29258059479277565 0.2532639722617223 0.4153412373632266 0.0856977205258345 
0.1813634315571142 0.5106250021707142 0.06282401439196286 0.4675707951387506 0.41975646917481635 0.17260176354231171 0.470679067015497 0.38445763000256367 0.5150674541356675 0.45501304005955967 0.452634502279938 0.24337918845750367 0.6528341697432379 0.4907302044991575 0.2212484644199059 0.4084971077331133 0.1476065666269792 0.3061425508683913 0.4609797900101286 0.3646840869080364 
0.14964760782503353 0.6197697710601059 0.14265106619427662 0.5766686013033521 0.5368336073679436 0.29123768483229046 0.5866635922517283 0.2893329203478544 0.5934213584801812 0.5701359238043312 0.42224346070931806 0.32318756461773335 0.672957954331646 0.5519987663639543 0.16116749128111657 0.4860345433744222 0.1884953095730622 0.22070143750188648 0.5426415446679754 0.36295853776500675 
0.389382585306586 0.5203900783706251 0.45870374344554127 0.4985129725765913 0.5613642302572417 0.5865603000140387 0.5731883499544448 0.4607922616233513 0.30590828306885365 0.5541237982636508 0.20687715499750445 0.33409181745964467 0.13585880238651515 0.2075933760903204 0.39941730272791354 0.28201721035628324 0.3737803699502576 0.42540989330924955 0.3092155220351321 0.17904792209121212 
0.07090790543799552 0.5403958931383156 0.18403974550977675 0.5008260657855887 0.5025653697633483 0.3675270891752092 0.5411647240745887 0.2352220465968074 0.4380343453067811 0.5213625769311446 0.21632085554897174 0.21711445095468848 0.4548041084020026 0.3722130994943843 0.0889876158626196 0.33929226908985216 0.11198501835922349 0.16026532186308678 0.3977707286758927 0.14259518010685351 
0.16645762768606384 0.685430022398255 0.30716352563345506 0.6468364191888062 0.6514691267614275 0.4987264483724056 0.689650397071591 0.10000228793086337 0.5608475780728877 0.6697596124330043 0.18178859409707937 0.36481710269860484 0.49250806476950065 0.48156597286889374 0.12262440177312739 0.47092825884381884 0.25386732547713 0.06910016854973125 0.5275430514501993 0.2021912530710193 
0.4245376686397032 0.45928895205871273 0.2849583900167947 0.4235205860415061 0.3315004275617422 0.10709448314411789 0.3821590781069649 0.6334358126469231 0.5727860803223127 0.3759373376210509 0.6764913183630903 0.36111887049948377 0.8104409430919468 0.591475655863706 0.4687697420316139 0.4856974917938148 0.35802688521791176 0.5553673792682555 0.5180343067746641 0.5707280508518211 
0.06873589381447266 0.4952169667988283 0.09008806716347097 0.4533586510217714 0.4383449118994079 0.2746807480275878 0.4818336839061489 0.2966515017358033 0.4345745808738213 0.4629313119833535 0.3086867535056646 0.17491558047971387 0.516339894343451 0.387380349055659 0.12097278543765402 0.3284141679832105 0.0323299734179753 0.21474095531308363 0.3865562432439229 0.2191263635959865 
0.601201101761528 0.1110898580257261 0.4964875636041876 0.11950684025356069 0.09763234575253485 0.37934067871709265 0.05153188865285283 0.8250099005903321 0.3413685505454953 0.07154580999050904 0.7228322608590999 0.3767010533534806 0.6774471353213263 0.42289332815820396 0.6529036192313754 0.3356724093397029 0.5010235729195182 0.7448288646970369 0.31422432444999226 0.6031170369923465 
0.20573345925904304 0.7588946084829415 0.33596439760171526 0.7186365101637154 0.7119917055072909 0.5246513559736989 0.7539810238435066 0.030050138852623542 0.6508737942916539 0.7346503559689681 0.27477677651615173 0.4342531355168409 0.5900603884115788 0.5754967500865805 0.1534343486978051 0.5564446015358228 0.30518654587163047 0.06055215074695479 0.6142654197488993 0.2997528906217079 
0.3063510021858502 0.46945759326764736 0.16905843077878804 0.4285519302939395 0.35640845182097153 0.07012714284158096 0.4095275137258711 0.5133826843240265 0.5323494454953597 0.39783117735523443 0.5664257113939768 0.28479673235782427 0.7289326599723113 0.5317937500476962 0.34930468646438984 0.4335694601171276 0.24829787945683368 0.43528155336332386 0.47633872754424217 0.4667735915242766 
0.2910679154475723 0.2992526001390631 0.26635549808095105 0.26426467248831165 0.29909733676909606 0.3295780694776881 0.3229956661153631 0.4852112788623115 0.19800580463469217 0.30271747869167565 0.3501944334135064 0.08177009399018473 0.38000202003848377 0.16895732703940144 0.3340099105208539 0.09134414092032975 0.20872398027944156 0.41289414466407387 0.14969969173078554 0.23082577380006727 
0.21221710188735257 0.7700880975849622 0.3366873818818462 0.7293616057174238 0.7191900374927657 0.5228783334534499 0.7622482444982231 0.04908964674864072 0.6683541675244372 0.7431358390927174 0.30034532245284845 0.4452719465118687 0.6148682744236638 0.5948708285264137 0.16050782156007382 0.5723029857866506 0.31237065522177676 0.07376535854007168 0.6304604652682549 0.32166160708869895 
0.5221107797645826 0.4851350282667271 0.5649772964509303 0.4756517970358597 0.5603466545196306 0.6573789035126142 0.5575658352529715 0.6154490430890937 0.2523401820315644 0.5412000602540461 0.3619006201689956 0.4047057302766476 0.09401912711350081 0.17940823147229476 0.5402651163705 0.28704775135305927 0.48547067056320203 0.5760539016131049 0.28348271118366686 0.32400591023602787 
0.38896266597366014 0.21706589096279827 0.35016662707456137 0.1894059844316206 0.2528610933243376 0.3711294090970722 0.26201715237014855 0.5825769886700043 0.11399768503433977 0.24297716265624564 0.4283984502297234 0.16291850393857357 0.3859780382205223 0.13484517487626435 0.4325806157099783 0.029386202873510486 0.30266398366769115 0.5112284539500573 0.05862460064377718 0.31426921544002995 
0.5326285202585886 0.2730212097373931 0.517445580649882 0.27287646454365516 0.37043002516157825 0.5436360244536527 0.35552523176468587 0.6954574248511449 0.06153291049025001 0.3421825872084002 0.4876695881638504 0.3297482824217496 0.31466475384761267 0.11489392069918876 0.5689210665626914 0.16443390768834615 0.45915624555091744 0.6343938717777976 0.11733110671609025 0.39802078291477005 
0.3325913363262298 0.3334742006768848 0.33810668016882844 0.30630228964020634 0.36260509881609376 0.4171845222871746 0.376983100980205 0.49667174779006107 0.16325751001522432 0.35746092744521324 0.31605301713864437 0.16517830614634166 0.29344295630222483 0.09619401735817237 0.3671493712853549 0.08990795967655499 0.2680495221479405 0.43303757595610753 0.1360795234260253 0.20831986371726258 
0.40308211223557056 0.15932974960683202 0.31949962727976666 0.11697178051792127 0.132645174395456 0.2753546623988827 0.1582081226519913 0.6214046298192482 0.22065287713807472 0.13787753383155985 0.5157503993883753 0.16990312124901105 0.5145255982905809 0.26410743562804695 0.45339087721864285 0.15740646668812927 0.3041452596449359 0.5428213819484788 0.16935531781334204 0.39533378121899 
