20
0.5696325826967609 0.5083582796920627 0.474703725324994 0.8435785691990281 0.6956195890852293 0.1997363723296914 0.7405684014544982 0.623413002786674 0.16793338082703135 0.6002761563963899 0.3816123833562055 0.18591935466333087 0.6780822897424678 0.22012371381413456 0.48785117477811024 0.18739170511535452 0.5290437766838855 0.4518671694411998 0.5660551784036385 0.34355710164947895 
0.3943766484122347 0.2979836171412361 0.3727958797017753 0.574480093150673 0.44193432799675253 0.13341142880627138 0.47577817013085427 0.4160525911732756 0.23159072777111528 0.4020276249883404 0.3148965188301942 0.19972831860404489 0.42155092551507645 0.09885503187304867 0.22221952650735177 0.21827082513408633 0.37278332506566897 0.20127551446945421 0.3904172202990786 0.18960509492038774 
0.8209357426614016 0.23690906971331543 0.12410674840784955 0.6012437686607329 0.39778067630997443 0.5940239215398968 0.4896412565488145 0.8034611297279788 0.6727656209299828 0.8038473908177225 0.21911755752801157 0.41325959482967556 0.6951560017293921 0.4253476167498984 0.5404723214805945 0.6695838282959461 0.11529510765054943 0.3573044247019546 0.1346671362788944 0.6602246339922611 
0.6508925294033698 0.12144559950139378 0.2776761993655815 0.348285438323909 0.14366669092606035 0.5414141535114708 0.23540083403993745 0.611878820658971 0.6385130981621404 0.6199008228151183 0.33914526179900384 0.4595881807572758 0.4698581130365464 0.41211741418072206 0.3611546653042242 0.6262208397319314 0.17577835212996634 0.21366152050487663 0.12936518804586597 0.5496680531028142 
0.7171098292316662 0.12763677266686088 0.1823947026606941 0.45962408814974204 0.2554377189089153 0.547681602623769 0.3471703573444392 0.6889741169557034 0.6382692300378829 0.693057458595912 0.261216239826617 0.4181744288342165 0.5643608897065958 0.3952343660225494 0.4284709784054505 0.6299764985377088 0.08246639998829432 0.2538013921631088 0.03473600945324067 0.5844251857023468 
0.1010765807401997 0.5044966138151552 0.643768952239084 0.5576372138121234 0.5293085022859025 0.2811230354053191 0.5091450845295062 0.14528542421766633 0.33472635826365615 0.12081919449343237 0.6013634533617082 0.4855489827371714 0.2709910601659428 0.3899273197623873 0.21475523367605642 0.309891323635149 0.6143189681793196 0.3777254205449651 0.6137955318002382 0.13590227606320918 
0.6141185320554997 0.04595837124566212 0.15883417244232279 0.467680384571656 0.2687407030894578 0.42285497067885225 0.3491918058882514 0.5964246926776662 0.5137468802406605 0.5965023643369234 0.19310096074671515 0.3075266582027227 0.4980183150194502 0.2727709169667055 0.33354664564379044 0.5051965739399221 0.09208547417836316 0.15007303353067705 0.09693541366396766 0.4648834182218947 
0.38828241965879284 0.22091094544142378 0.40839164791791754 0.32701243543950964 0.22366796314293597 0.3621556311451334 0.23384828297460244 0.3525727950344657 0.46148324078120756 0.3584124038498412 0.40833819226586454 0.4057484581022745 0.24429268794701056 0.31335389271147474 0.0996499219657871 0.44236741124495194 0.3442116922952074 0.11536726387751253 0.3278688582082948 0.3169027658275137 
0.632714383022584 0.5031785722696475 0.4407856743053256 0.8645509508489291 0.7040869963502354 0.25850994699068724 0.7567849876713348 0.6816667878532107 0.2397118329338189 0.6600209492355834 0.34539258298586584 0.16531330691990678 0.7219112299611045 0.231757325464592 0.5255133108915713 0.25798117774659685 0.5066190128993321 0.46444429143684235 0.5476883354065111 0.4043138974389675 
0.1961396486762095 0.41299257143550594 0.5832752489581658 0.410193258449519 0.39374857025084037 0.3460645335236623 0.3647046949254327 0.15571018040153908 0.4264437597196439 0.16091882989048964 0.5618164387141834 0.49425367484991034 0.14185381534980637 0.39223657833766756 0.10815410508595677 0.4022740115834048 0.5331593366759735 0.2917003762369055 0.5222043514482723 0.22818893456029385 
0.6869688824039784 0.10356997683628787 0.11597743158062654 0.5030681626701167 0.298259420247265 0.48376271498388207 0.38606818091957207 0.6684081082441113 0.5706440659446673 0.6689595207566934 0.18408286436912735 0.3403175020398695 0.5638120210251744 0.32435499893001535 0.4054172378959145 0.5640459252520091 0.02037674331930117 0.22235641093359637 0.044605117710393404 0.5347260586211071 
0.3276348221596254 0.313142241786204 0.4217717517455368 0.5303791675073595 0.41982396924142795 0.15591476159661105 0.4403759317458437 0.3441547090774951 0.25487603001249265 0.3313282582185043 0.3743728223643312 0.2727349606003336 0.352702755930915 0.17149008258202147 0.15892721312382527 0.23593889654221623 0.4060822885141739 0.1966972613027498 0.4155859999983295 0.14547874450504672 
0.5246694372127954 0.3937895363314736 0.5943222226889157 0.061673759613277736 0.1936468233138718 0.6295414258305211 0.10173814642433068 0.4481918886210236 0.7263483893608095 0.47139254635183664 0.6287167102856505 0.6713010203592369 0.2540550292875248 0.5844542561780864 0.32563541655983014 0.7053257017020259 0.5004298870416894 0.3596443994694707 0.4606136553420702 0.554816963084259 
0.2571927125968861 0.3652957924702687 0.48889604679556475 0.5238576512480309 0.43993538067379545 0.17810097710286363 0.44601831003329373 0.2762483895787387 0.2663689231749628 0.2619429445788208 0.4443854092097733 0.3384081231114827 0.30827369155875883 0.23879261144359798 0.13903645364871428 0.24369791063185156 0.4666305536835415 0.24152784439808148 0.47169323619826414 0.10056124537210605 
0.42473204633383665 0.38135677970886184 0.41623327488310974 0.6731828748928022 0.5399815274160729 0.0673504599055942 0.5751875393341355 0.4647822176242721 0.14483173749031858 0.44528790273824254 0.34070012850424664 0.17099163160593553 0.5022117561320106 0.10670181477148692 0.3107086002358392 0.13841527468728543 0.43751959068300345 0.29718192371174723 0.46296718972912465 0.19706428160291892 
0.4494395149167115 0.19918907984604742 0.2933318325498258 0.5115059831033756 0.35829315342476115 0.23139917240768007 0.4041962021925702 0.4526824935356322 0.32751836115084165 0.44492379179581554 0.2539587662915632 0.2102198821166917 0.4136027559368525 0.1214092725610261 0.21274345472372294 0.31579163037037034 0.27901701563912956 0.11406085943268388 0.29314690351128847 0.2726540954195293 
0.6233535196740373 0.15381345314502393 0.12028335880275966 0.5705236363718893 0.37724678670403244 0.3656067445924588 0.45252240581899383 0.6220592620408013 0.445297313992873 0.6164194848395522 0.09474553410252737 0.20471032724826602 0.5561960342464899 0.19736032572323362 0.3682635930129335 0.44136797606017136 0.14137297371720525 0.1987451773625988 0.17913286345513496 0.4407527847326578 
0.21550316607861567 0.5641944711712253 0.6600050115853378 0.701091476004463 0.6414726665144531 0.20299316394430014 0.637975047114681 0.2931981715972888 0.21017055707656232 0.263306039958588 0.597207927726565 0.438737223614283 0.4291638600124286 0.36289214876984355 0.3272213210664872 0.18809663140586694 0.6553833319296043 0.4440614504644823 0.6668044722389368 0.1067067244192346 
0.23246731947986948 0.3638702765656776 0.529343753256655 0.4115343950339753 0.3673731940647608 0.30750301586121076 0.35082614796402833 0.20634994555428546 0.3943309266056974 0.20685676730230865 0.5064555322701977 0.4414385785353811 0.1803045892971926 0.33943287607164496 0.058282969122263696 0.37100443289826734 0.48222510958684145 0.2402210094118615 0.4736585254500881 0.20626333767019864 
0.3612522804408492 0.33866110615927586 0.41635924135966507 0.5914336102940899 0.47063375505652144 0.0992631097554362 0.4978549538051815 0.39022041842019894 0.19956927898793067 0.3737604858569191 0.35620645019313496 0.2254797733539941 0.4150166616824864 0.1302284773037727 0.22318023061808576 0.18347842314429208 0.4165180893415653 0.2352470438110001 0.43326175072349477 0.1481587691352991 
