20
0.07775934721715494 0.19418049957042122 0.3331992381465122 0.43058497971528914 0.562621509907928 0.5335214700666965 0.46527875766069304 0.2370757977047561 0.28052609632601166 0.038854291676709826 0.09743045604194571 0.33041667536613517 0.24433003167777928 0.37764765283399726 0.5997523809994704 0.6612947762424402 0.41455894181005437 0.3470167196477196 0.3624059434760682 0.17711736747345058 
0.6132719539806355 0.525074005691188 0.5163198367140488 0.16502273345622823 0.17820439068252975 0.22957091272522598 0.15746384053298013 0.6503491309109274 0.3788172254743979 0.5468644604897498 0.6766572742497688 0.34027999906333667 0.5385427700887085 0.22672093474604038 0.016528310197902133 0.10137189902880067 0.5535328993821741 0.24860101198092116 0.27342191006611666 0.5471621567552137 
0.4800812066740574 0.4374004791935384 0.48354855971302224 0.06365865427407631 0.1325411778477136 0.3348154553801339 0.21289962756841724 0.45421878121294007 0.3223430770819626 0.39261987037604995 0.5287300004024835 0.13848802378320554 0.46902241508647613 0.19811930297530797 0.21760340201878542 0.30492172576306814 0.3524249753866902 0.19058274064438688 0.07577306335694368 0.3569985308030764 
0.6882958116111375 0.5794759736060666 0.5402702104424787 0.28000776709868486 0.29837939608377617 0.20477094204637988 0.20634662742204235 0.7623006499097218 0.42944616132895885 0.6355773769637401 0.7580967824189228 0.4596739059490063 0.582070743955859 0.293225261042826 0.11724151389338323 0.030054942224874093 0.6786241394153206 0.3227052643342493 0.39210454185822513 0.656028502200847 
0.3323146971815037 0.36744191305825685 0.47391211403068717 0.26875962174145346 0.34608496091430113 0.4921693856657039 0.3808215662063545 0.21989155725300466 0.33442438400571783 0.22622192964587207 0.3516950677154556 0.09720892268382025 0.416231782376214 0.31310120215760034 0.4473281550042933 0.529797260886796 0.1960300271562044 0.28344829118477394 0.15993981769359092 0.1286409912935333 
0.4937151968737129 0.4109004471557504 0.4179970250142221 0.07164479703914119 0.19355907392897914 0.20385624694417606 0.08516036622427174 0.5442123861250702 0.26920444594021053 0.42771215649367067 0.5569179194084073 0.24837181991001755 0.42885008139850483 0.11630473832670028 0.13629889521729213 0.2033142378145085 0.47894922576000226 0.13234476485847765 0.18157274881176136 0.43786566111542513 
0.2836542629144942 0.20400456999889607 0.25284299139386013 0.20453591779440883 0.3624404367966378 0.2764396167638516 0.2007559409727891 0.4083648932033659 0.0933409653016975 0.23326280988855608 0.35187720840893644 0.22807747935329564 0.23212586424655723 0.11316600244173323 0.3474862737341667 0.40003835422524786 0.44353032491877803 0.08413098219276456 0.20332230806034104 0.2996412591329949 
0.19777086037081468 0.08495200379627302 0.159590258733627 0.3241645326573889 0.4821270834500989 0.33648347896970454 0.2960628799863733 0.413612141698227 0.07546692375128942 0.1936786673773965 0.27581576190950513 0.32361727230373827 0.11456119632101965 0.2148271012144881 0.45721495630427156 0.4992059867532954 0.509082002002745 0.1938745945580654 0.3137604149251671 0.3161823860119299 
0.47846397603527896 0.4083588544853912 0.4301463974853714 0.02715241256415842 0.16979917368962405 0.24553749400614244 0.12415114621129662 0.5075916430704919 0.2744897583484769 0.4052365304758573 0.5375639115643508 0.20585932611736127 0.431437632019198 0.1288234061653741 0.16114725950363726 0.23804604410098612 0.4347933880790599 0.134273472264031 0.13852903044878617 0.4029611645003626 
0.4671434454370973 0.49917258804519005 0.5965835990345695 0.29132610487100846 0.2992665005084681 0.5532195487670487 0.4324524731203797 0.29132430385527086 0.4465102681856011 0.3606394072749574 0.48091488217536094 0.13069316479414228 0.5462553249522958 0.3858409902547767 0.4469126762178346 0.5364519747698445 0.11845812416655432 0.3624514739211921 0.18594211871447566 0.23824254789077542 
0.5291345092847018 0.4063970819759074 0.3564810189062825 0.23673023880918975 0.3476480582797073 0.03679115662256051 0.08918638136010455 0.6592554762758293 0.25884566395053077 0.4940423595079082 0.6040568259967044 0.3976776149256906 0.4032046714250212 0.15747980819089588 0.20369697756777058 0.19427542941467912 0.6339353146746824 0.18999146970783923 0.3358058880301981 0.5494394389742295 
0.10252644668279304 0.22001332175168 0.3587432306146676 0.43196389317425515 0.5588010448110607 0.5481386661119244 0.47512403780593837 0.2100454764892994 0.2989804307619856 0.04265209183783359 0.1053430113462874 0.3213604755481707 0.27063248311513344 0.38773239070639465 0.6042188055644906 0.6684786509264588 0.39226214336488535 0.3563872203025183 0.3578053387894129 0.15393511116946984 
0.23502213295811308 0.3736554014340059 0.5128427757660302 0.5370627363334224 0.6374830836812951 0.6921930045313059 0.6074585552433166 0.11712412948807008 0.45189519466370814 0.19354800233518069 0.1790858240530032 0.38761676144441165 0.422482330488211 0.5223581788158852 0.7165961062762847 0.7896736407518421 0.3580451661478559 0.48983415391592244 0.4420914310738794 0.16404398264072892 
0.20901732468598994 0.05806382220884167 0.08693526528787998 0.3957104585526129 0.5555134246460633 0.3580462791343253 0.3442192865751172 0.4724119958062305 0.1190933423525963 0.24313837433893332 0.2885348605948389 0.4059242817013657 0.04117790036694683 0.27246608575317827 0.5127361336788852 0.5440018523538955 0.5870654881830352 0.2580254036053068 0.39444764948465766 0.38273780557542897 
0.5043823329581449 0.3726841441610553 0.30861363122853974 0.2734960439918093 0.3975790835077196 0.033856562341666355 0.12536658417836066 0.6609797102975374 0.23128097827701846 0.4803806895304305 0.5816460349851682 0.4202518597119187 0.3634917786141615 0.16654502032361487 0.2609126855093868 0.24966911241106812 0.6565745146512795 0.19625532049826952 0.3627126823235472 0.5514220848400322 
0.23383063573690463 0.23772714476610562 0.3416911139848929 0.25312831132633284 0.3821694716442788 0.4082425166421351 0.3150175288641732 0.272179206668385 0.20904037534103256 0.14196812446606472 0.27804923386738406 0.16215262079990922 0.28501579296805174 0.23197573067006477 0.42823010295698777 0.4974827394417205 0.32711484334731616 0.19928862686000198 0.18296900973568636 0.16279389933745025 
0.5128884862194013 0.5508310011010352 0.6497166803737604 0.3338936791562671 0.32019629887269035 0.5999786023679776 0.4783928141202125 0.311225207859662 0.4997555639590484 0.40626950956372765 0.521715157736365 0.18252229925259997 0.5984133220493724 0.43577614133366854 0.47975647019053413 0.5700709792194866 0.09580299582537105 0.41338923514293596 0.23351785739169906 0.2743922768647087 
0.4068618278902208 0.27348230333833706 0.14558222453016548 0.5634242490943688 0.7202834708599162 0.40725199488102487 0.459569635801301 0.6973530609362196 0.29879372223023304 0.46683853184396035 0.47735465060975507 0.6186204447761471 0.22136929186093382 0.4218870706513969 0.6262920402209158 0.6253580946298152 0.8142524399614404 0.4233960474092197 0.59391784922796 0.6115945185781198 
0.05453425978590358 0.13121843504196198 0.25501105113839856 0.4965476266964727 0.6444718577780868 0.5321789795507065 0.4923795646559153 0.36328999227373804 0.27238661632071026 0.15760663377636974 0.11303810454487595 0.43450998709329114 0.16252706717734752 0.40818917599846294 0.6477140271414201 0.6953829054880895 0.5450238978430884 0.38310190761851043 0.4522155783806756 0.30872511927275537 
0.31462572670741723 0.3452429597744828 0.45100201850598604 0.2596271119704933 0.3471958832319462 0.4748000195636764 0.36543346341824184 0.22602147004517023 0.31188923316926553 0.20930876340624457 0.3378254831855096 0.0974571520968091 0.3937646571642351 0.29519429094880595 0.4394882890256554 0.520240868219043 0.21883226379963153 0.2649127612997042 0.15450435889616113 0.12737011789649397 
