20
0.4200000736766897 0.1473244016898161 0.689939740384113 0.07978458329338943 0.19215690967831459 0.7488880241426932 0.7530140643023753 0.31922794000332333 0.16876149273760752 0.41581680099581125 0.3070951786833784 0.6794190202662509 0.6819598899743196 0.26914330207309606 0.8059835485277815 0.6143008526240036 0.5390087571428158 0.6993422478642655 0.39850988589462677 0.7665494360162817 
0.03710352856507237 0.2995389530967139 0.5527829917650943 0.4109270765073424 0.39458428416768565 0.47177842801074316 0.33517345268838955 0.1640909021501846 0.3488363005973998 0.06060337604854925 0.14713101492353672 0.2618709620428423 0.2683180430223065 0.22409035583549303 0.4045728419160213 0.48807844397445665 0.4415461528785629 0.3066415352786661 0.08838349914727933 0.3384815703385414 
0.18059119268102258 0.21009804412140634 0.4809190987555612 0.2615660784617327 0.2279380344308602 0.4738286299959998 0.4577340920834156 0.19218222280022623 0.1855645803004759 0.19227304992190186 0.02365589587920768 0.42832148844144635 0.3860731658444542 0.21390833723260144 0.5061143082691484 0.40676015477092126 0.3429758338329076 0.39924012117584595 0.1970539533146124 0.48018519473328347 
0.2664847802013149 0.4945876822712759 0.806028744121809 0.6499559760227234 0.662432939916132 0.6686082625031247 0.37781023113833345 0.3231250112370048 0.6113881668027272 0.25522909692558016 0.4237350217176669 0.15196864796062584 0.35454640732654563 0.374725501174044 0.47047761165918556 0.7505939484042204 0.7150339261250436 0.42348832116175683 0.2579511627578877 0.3230595683721087 
0.4246031220859114 0.5903201459172643 0.22280963131626502 0.5948424968131883 0.5045287264744379 0.09339143359958063 0.3244216110216001 0.5312932714827788 0.49738286268333187 0.44810468946219245 0.38789365497845574 0.487506750603324 0.2871099855606632 0.5763257249871291 0.2918769067382516 0.20106807109133223 0.223827502920943 0.22840981667809332 0.47490838803318935 0.39508334293277636 
0.3906157483768781 0.40328170979674144 0.2714872084553126 0.345941897381228 0.24049752718482784 0.36024037469289655 0.5208793808805217 0.42895976311410133 0.2507817438162347 0.4089930419887618 0.25817932594011994 0.5865578617538945 0.4568908949427372 0.44541725809985794 0.5284459001178939 0.19524103548038593 0.12079499192874558 0.4315710744225671 0.4222788262959949 0.5720437675081977 
0.28785975585423956 0.5712790410423733 0.6510448433631918 0.6884378563177495 0.6621507143985625 0.47559766104620443 0.150361954170749 0.4109656310157493 0.6207864817741371 0.29595692347419406 0.41830700011772887 0.07806669842882721 0.14766490554281592 0.4744935454555344 0.24238472611647818 0.6105554073434935 0.5952649371210761 0.21584385700173786 0.319739924107833 0.09427257839528679 
0.11022646101026355 0.3178219026570023 0.4779985551312761 0.39904964622088007 0.3626745912300926 0.4058418799810132 0.32181912043959426 0.2160663153111831 0.3233686073864599 0.1332024625915531 0.1256056281915326 0.3022130802088806 0.25060942080583415 0.26823654982725326 0.37752982339115626 0.41332330423646435 0.3680304108933984 0.2728275616794902 0.15767943648668933 0.34170183366365253 
0.25122017038084543 0.49924347155026083 0.769092930210426 0.6479249902204574 0.6523957357642739 0.6256673055516198 0.3309437570933336 0.32666268968954243 0.60279417737839 0.2437747952822321 0.4089422231538994 0.1053864611881233 0.30878608545521397 0.38276538279213523 0.42360949279847215 0.7157973086358954 0.6833479498696577 0.3780310359764328 0.2519017348723216 0.276640973171308 
0.42164358919743855 0.34030765085524534 0.38238300428190436 0.23778004964756924 0.12515608928720276 0.4910979251325619 0.6244192906056095 0.4179719174986305 0.15608347300418143 0.43467469339173154 0.2661954800730344 0.6534306604834501 0.5562153404453015 0.41523762670363684 0.643363115207771 0.3098657890051995 0.23509122599271687 0.5415030001274564 0.43926427233421694 0.6672028249996115 
0.26674359718026397 0.5334864626506958 0.739709532181572 0.6731174711212602 0.6672983197485504 0.5831311879442096 0.2733397137597959 0.36232190152143895 0.62002101804618 0.26475457187319995 0.4202782806751391 0.04613038284391827 0.25910951495927803 0.4220558633550893 0.3656690111423373 0.690905902096904 0.664476350157727 0.32895920727790035 0.279184720147662 0.2151324272039921 
0.27178619517724967 0.5248418176105601 0.4529497736601117 0.5971372342500875 0.542448955223489 0.2880431734388577 0.12948335765425897 0.4043617978875373 0.5123163312249033 0.29224244869022353 0.32901314904264545 0.253524260870519 0.06356331535395754 0.46378308746266295 0.17036818093657927 0.41423925580032334 0.40512929736992237 0.0666123100459134 0.32233672756819104 0.1799059650466932 
0.2001772200806823 0.4759274613992811 0.5352062349271121 0.5739702284017307 0.5374188689414756 0.3860261155757883 0.15904327282349254 0.3345950356212476 0.49931029987797015 0.21664522301438596 0.300343246836497 0.16653505930144283 0.09718059727199711 0.39724435312928863 0.2359342860309346 0.4881326916310735 0.46677948722901413 0.15368494542887232 0.24582588920105744 0.1661108392985702 
0.23016011631335503 0.48327004374496385 0.7468118139738565 0.6295234459540568 0.6318563103469825 0.6056090051916588 0.3173367161079811 0.31085919931064543 0.582639366799337 0.22368627337779198 0.38760813834486946 0.09635985910844626 0.29150101725596433 0.36841193335389383 0.40992796941491055 0.6931484874318234 0.6604087640754132 0.36026535435628687 0.2333133911733878 0.26659921040754864 
0.3724019301175717 0.43961621571212495 0.23328530066664052 0.40757136158350665 0.3086167793126473 0.2848413107977293 0.4525951336076326 0.4348076104124271 0.31002579689983273 0.3932831820117247 0.2651737661118063 0.5395332045639716 0.39182259147667736 0.46178440850479946 0.45407806777545356 0.15891125995402883 0.10128690243555488 0.3604588634332477 0.41141734097590527 0.5081149659451878 
0.368988608597693 0.32631955617813607 0.35954814725871204 0.2560411442483111 0.1510969331200988 0.44335669330626176 0.562396275165767 0.37942485481595334 0.16181664613473068 0.3836419684294494 0.21784480457897215 0.5940976549962073 0.49407004924583625 0.3849506973749075 0.5826896874037565 0.28389272069014776 0.2085849530923281 0.4801487622777272 0.39090827454473 0.6050592351521178 
0.2601768405963654 0.5166806547892648 0.46419766401732737 0.5925718406452332 0.5403304000453488 0.3020035924128839 0.12973745779373644 0.39335079968071146 0.5090017540727259 0.28027912218135703 0.32290527211952347 0.24050347467513322 0.06016388741175555 0.4532723525073831 0.1780634910089482 0.4240253352135959 0.41285964525618746 0.07741243099119977 0.3103604657480688 0.17474799833951682 
0.10169707433004334 0.3702694723490472 0.6485229496627284 0.5064269694295679 0.5037019454096365 0.5362880123486717 0.31595826081109424 0.20294121286074687 0.45514465626786316 0.09806465502643819 0.25884420149621634 0.16784404468177852 0.26433878568779945 0.2656681641613725 0.40123100775454024 0.5887535150810259 0.5485798610980247 0.3225890560118081 0.11449885849813758 0.2932086087772057 
0.32145149614778534 0.5679268766509827 0.42975578570101264 0.6312119254178861 0.5697979928854702 0.24804923613793364 0.12292930979213622 0.45303818028018056 0.5432259782605057 0.3422981116578198 0.3680869049690681 0.2916383605531735 0.08087093464308619 0.5115865857231515 0.1344006345804789 0.3986256200716393 0.39880484725236276 0.029049028302383713 0.3723820045440107 0.1888833289756115 
0.4062872328727665 0.31291014055308597 0.4069089463748642 0.2106082589509417 0.09850632775045158 0.506899795071732 0.6245708009751798 0.3957789704563194 0.12785874101405076 0.4182128913568837 0.249270986683549 0.6437006074548964 0.5553835001363592 0.39058332421834285 0.6475172164667006 0.3334361950647559 0.2581759422643858 0.5441972656837442 0.4212445711436281 0.6646139239685354 
