20
0.15248872322836146 0.6275770209598369 0.5339750024270291 0.6080110208626911 0.7137769205660525 0.20439518754455785 0.6834814135573367 0.0838662780009156 0.1380221415978994 0.7293809947676588 0.6700234279742509 0.5237656496137052 0.25403318119718676 0.39597582320677116 0.4869442047017553 0.636805246082102 0.2775737591409323 0.725233942943042 0.6343884713619065 0.5233718426111694 
0.49886359463615443 0.35659450651186475 0.26653302133762646 0.09520252766938198 0.559056773871871 0.44272182255621345 0.20762785270645087 0.5926254858300133 0.6615774527992389 0.4104734151450371 0.21604072066863897 0.3859459802294592 0.43835261100168493 0.5217482955887204 0.48794491542393775 0.07555529974945233 0.5069387596704306 0.45719350357211525 0.7059612722809688 0.5804961742072589 
0.6218844457868942 0.14775576433040505 0.20454877286286144 0.3933997223107192 0.3027389527786353 0.5607931325836398 0.09789889566730575 0.661697477054011 0.6933181356045404 0.12593655559151465 0.09560852124020498 0.2532211837193507 0.4851267432012667 0.4394216476774062 0.3560639384530594 0.37927830274208096 0.498216353770575 0.18103467804004034 0.5083732094331245 0.4233590150703995 
0.20536193477897172 0.539654596521649 0.4667297622774814 0.6135241023774588 0.5976742595200527 0.2239390991267321 0.6263492598995267 0.07931086636583493 0.029194231299704842 0.63694798172975 0.610650721823182 0.4296700161733059 0.19656812080735178 0.27579429542206846 0.3727999648718441 0.6386233691898322 0.17144969011560773 0.6248098674161213 0.49952836748550933 0.395916017393361 
0.34714008492904896 0.3864742266931861 0.2629818665386916 0.11208927192339528 0.5808055580520527 0.2948635849384446 0.2993139764079426 0.4517704333884172 0.5297418377403096 0.4692716935262318 0.29807196258279356 0.36851319735538723 0.31802730430534354 0.4510920469526854 0.44773929888996855 0.13897580174068122 0.4029657150383243 0.5039308799240501 0.6780202334539067 0.5409843003306531 
0.5380037747230183 0.36585417802168435 0.2869286095535047 0.12280884975151726 0.5666690032361433 0.48164342096879426 0.20464555140041582 0.6307226873192924 0.6984629865349157 0.41051547035408 0.21599957063015432 0.4054778027129257 0.4744346473572636 0.5495915843873903 0.5104067772606149 0.09622100333097437 0.5403777806027376 0.45973696295988326 0.7238255733268553 0.6018077137923753 
0.5163414337105762 0.25392998545677475 0.3050846950843075 0.6185306990244259 0.1830167577246382 0.47559206430542417 0.4263097589992422 0.470758116457055 0.4451615696313626 0.30131961577097444 0.4079752329109257 0.18571216491331505 0.3516264321354592 0.15860402878826751 0.0964890274897789 0.6250986016060232 0.2808844824756489 0.2610500164912389 0.13644595443970117 0.035808915442974314 
0.5463497453407277 0.49314533625079693 0.39789430146446664 0.09641587790822884 0.6956796782878378 0.4984038396271088 0.3402586106413921 0.6574772520688907 0.7371895156268359 0.5452993643109365 0.3504011137971902 0.5169416445862041 0.5243939234768245 0.6379153047843599 0.6145887156801154 0.07827978974256615 0.6052886829216624 0.5930840871475714 0.8372717865177872 0.7081913653342341 
0.6820014290594736 0.17322193145037418 0.2624460006974058 0.4657630279228195 0.2752811596629996 0.6215231412652511 0.1708804216177551 0.7129216935795648 0.7372257572488731 0.10171491926847719 0.16887014571653633 0.28508727758578145 0.5378417258363294 0.46789507483911824 0.3765808157226806 0.45067617447070296 0.5403486139759073 0.1527595071839081 0.4972350969738674 0.4308687594780377 
0.5290255565479892 0.4864068335258536 0.3881927677567972 0.08081703377812795 0.689120840805689 0.48125145314224665 0.33733467902824726 0.6404532744378882 0.7204972278388905 0.5414046983300925 0.34668574765824206 0.5068721451612132 0.5084423377225045 0.6246246265099212 0.6032097618560192 0.06619728933937102 0.5900995028138912 0.5883339584075921 0.8270048017047902 0.6969657500129381 
0.0439283600556664 0.5520481837630954 0.4474137373177596 0.4992860737632539 0.6627588286699633 0.09821676828261398 0.5892003887955003 0.09387309943599381 0.18985615211136142 0.655393370639083 0.5769330648580794 0.4557787490558245 0.18049104941468802 0.3610311407735465 0.43977452756664887 0.5282090216768446 0.23895281119210074 0.6578741674646897 0.6185847968280278 0.493469916622905 
0.42061729985809293 0.3962335491304245 0.3929025838151603 0.6634253397151263 0.36792561639251337 0.3989956164106495 0.5453801621167673 0.33732204277434386 0.2857189720199375 0.4679992919134167 0.5268246908766306 0.29371405330329287 0.2847244217072674 0.11983991595538683 0.18752294956135823 0.6782631469594641 0.18761740129419133 0.43597329392439754 0.22467954597105902 0.1491164513995924 
0.5427241141662515 0.47319134713321287 0.4963648672036286 0.7836349526161978 0.3880598157760572 0.5250748767601271 0.6378230368572471 0.44781769900659735 0.38013566253709186 0.5255134937839138 0.6191703871260059 0.3852053360683007 0.4128490346015771 0.23841565432084794 0.27461481670067456 0.7966094901070085 0.31532956136971846 0.4834386927118459 0.17783767119146482 0.19652700833332773 
0.7679637413186697 0.23867189232849698 0.35581644150375824 0.5880963283160852 0.2361080513908572 0.7093703885316787 0.2925237689664204 0.7822406220376911 0.7932918100387447 0.13530652197573534 0.2884806557704982 0.340993262915974 0.6129520998017994 0.5057522266383716 0.4072357439586204 0.5736211124319068 0.597699573838458 0.14707295970351894 0.46790476408201087 0.4367269259247728 
0.23776601930637717 0.3728603105538406 0.3079930150030928 0.5101180488352476 0.44093190595483417 0.20970001142290529 0.4700608480865114 0.18903777443880687 0.19277452369358739 0.46996297671140463 0.4533666060456954 0.26265138297707796 0.0964300465108289 0.12684557147460376 0.2140972561524815 0.5301675284328733 0.004733080487242467 0.45899701175920804 0.3853642917049863 0.25891833089686306 
0.6174840625659125 0.11813077681473803 0.19792439212520088 0.41928157417709816 0.2632508873541914 0.5570025159883987 0.12530048845155936 0.6497147654285953 0.6763137980077443 0.0869403916198159 0.11792319104961942 0.22818680991920814 0.47417537558931566 0.41357009816257384 0.32645483069159137 0.4072577944383317 0.4798825164069018 0.14176163885068302 0.4704957179317672 0.3895062924314518 
0.6096483408945147 0.16694665610530274 0.1989533121799806 0.3591546620052514 0.33582216236437085 0.548240453673522 0.06597311753688881 0.6564463510638436 0.6930118694971161 0.1612050936305289 0.06895435519980157 0.2646574010402061 0.4796413243098683 0.4498171936345523 0.3714803753012675 0.3440039108550607 0.5000594803124168 0.21569057709939363 0.5354803730316843 0.4439341519734243 
0.47716814987372225 0.4059514622726947 0.3046913535567625 0.03519131816128669 0.6086372849214416 0.4246522799412239 0.26654434660408366 0.5803382216869727 0.6555169522477783 0.4664662696803419 0.2735369926939076 0.42321123691454726 0.43760969200843813 0.543315233236867 0.5197022326998824 0.01777541446120672 0.5146982870227783 0.5113231844994259 0.743297451585083 0.6133950525245379 
0.5098662881037435 0.21496291536740458 0.15482561053727895 0.23062206577155317 0.4155591203887501 0.44874003052490913 0.06670389109130871 0.5760315751150611 0.6274145525375935 0.26398569547976614 0.07074116951767259 0.2660371975513927 0.40340976343565393 0.429830280698776 0.37537445696771143 0.21946556730739455 0.4472601065959672 0.31075933479031914 0.578592770017066 0.46305875985310874 
0.0162855565988635 0.5453206543786295 0.4347420847916402 0.46332851153419113 0.6677293200360868 0.07587847627062456 0.569916695096731 0.13481568552638898 0.23095695726468465 0.6488351718132741 0.5586147923224595 0.454232795573265 0.18395932331001721 0.3764134755909491 0.44863684231058704 0.49284727941212847 0.25653170337173775 0.6548924284653371 0.6380055126999586 0.5088058592680842 
