20
0.3566251351498942 0.17876916519245706 0.06566235088993375 0.13427218070090824 0.3640840173709405 0.6058793971438876 0.35453039185563817 0.41698729443270194 0.040406783138524235 0.25376343778219435 0.4628646207551136 0.13541735977457942 0.5579179933177258 0.21970265481799797 0.1823956355398471 0.3202454634568375 0.37026647484372066 0.3149670494288867 0.49106657511074825 0.08555310361814773 
0.4596004151816469 0.14033971420410038 0.15098444878386927 0.12798250501760888 0.456925804085973 0.6784572571397017 0.4517445700764803 0.42587875873516573 0.14094444115308064 0.222129434717263 0.4491951703427223 0.24032164127219066 0.6443645679562839 0.19091590695888855 0.09352623900378096 0.40545675405378556 0.4552406155904526 0.33620366249653955 0.4842321136472357 0.08598538507209487 
0.4460535064183453 0.5967915630496036 0.566584256506031 0.5746908648139489 0.34261038518399567 0.08770812722136057 0.3798044259156607 0.37312711990412334 0.5955579564653358 0.5573608118310425 0.4564916289066719 0.5533502707715398 0.21742565992707322 0.562882227478237 0.7876179790495897 0.3373890991486187 0.29784543237802463 0.39175648645585587 0.42395801237026304 0.7174330908530414 
0.4298108724252932 0.1606806603147297 0.2392076890178626 0.1652463656775324 0.3577857383686962 0.46371846924646193 0.3787292941767036 0.13471946964776138 0.27070128515559866 0.10605407022784356 0.18125941590575126 0.31443150253223284 0.4813707826823482 0.11647979681633354 0.37582701788079215 0.28729072347430645 0.3201625394437901 0.05966244664267007 0.20548938116481846 0.3514237471881618 
0.30586471797665027 0.17830755023367603 0.010212354010544824 0.12496849103832754 0.3031234016024356 0.5415568535343726 0.2963910602942111 0.3727583263515931 0.027490662545205588 0.23969592116492006 0.42908337754930176 0.09602759553100491 0.494936748549241 0.2073672539622639 0.24151057814552201 0.25663128685883746 0.3067097400541372 0.26769669996369294 0.4531381117141961 0.1498330390843536 
0.3611573379361954 0.590306843265498 0.53092482032013 0.5596971749198633 0.2673358078246365 0.01814299455393993 0.30082952960258386 0.4117548066384028 0.5566356613049988 0.5645672747149295 0.5051513817549697 0.49956230630790766 0.11328745579822065 0.5637519970043473 0.7631792456997355 0.28081035152768824 0.23391625050731102 0.4030365146474358 0.47906483317540827 0.6810140175031726 
0.1629303766021596 0.3608618792095558 0.1938713029937768 0.3066760665956357 0.22422722929018366 0.505803501381975 0.195330174194009 0.4874466158014713 0.18627907300241314 0.4125071416333693 0.5653954229932425 0.08863129690487793 0.4187665303635747 0.38305210418085595 0.39004826484397376 0.2240889092761917 0.26147737156198464 0.38431292818354945 0.5791515737843134 0.2751509013580542 
0.12918651718543012 0.553455918855633 0.42399725120237347 0.5051473670002251 0.13452341192275707 0.2940416456417773 0.12461097080643871 0.5182538960050032 0.4356674102396433 0.5674008917542004 0.6172529516653207 0.34451594143022235 0.16825591962568917 0.5504462680034361 0.6574739230708984 0.20466817818927432 0.17551667103318502 0.4507853668656977 0.6095016943537716 0.5505038927973952 
0.13561490580831628 0.5088647550282154 0.3434239904277466 0.45461567713975853 0.24518191526887442 0.5105676647891514 0.20593003326394232 0.5982235238628856 0.33635018120241655 0.555247260277628 0.6854273911538464 0.23832740588303086 0.3963369446906003 0.5275441176069933 0.5324792709501173 0.2849841056658673 0.29997254046236205 0.5022131827242232 0.6927396218802656 0.4160817552583761 
0.1713731841525037 0.6303208254924199 0.4807258734668057 0.57823294179722 0.2422937780723506 0.4164073864751147 0.2155907662013243 0.6365017234766395 0.4839142120569474 0.657505596866454 0.7338247282056201 0.38441655873612307 0.28591719560714673 0.6360450105221509 0.6978004804904892 0.31057034365466496 0.293628183028335 0.5598471913208222 0.7296355040584528 0.5837510314118932 
0.4000594475351597 0.40288663509783784 0.4048238608944093 0.3882438898716433 0.29090718838498875 0.2335771639913113 0.3287767353077632 0.1753308383500817 0.4369453342996931 0.3566443715162526 0.2681343805803881 0.4221289139460909 0.29972427112963984 0.3649805407538929 0.6054101608909677 0.24474346174377531 0.23399767123612014 0.1917482864153855 0.2441782919515166 0.5505529214853265 
0.4285001384937953 0.09680465823911065 0.19360176949969674 0.10379089236778202 0.3710431217961862 0.5108367331010255 0.3860458743772155 0.19805540477662598 0.22249617449661624 0.06246846550502361 0.2310612534068296 0.28203946713878547 0.5152826835214963 0.05735716823856729 0.31147080019740436 0.30194312318440736 0.34161541458968125 0.11759787033689229 0.2611511089827457 0.29134858407295433 
0.12537803710662923 0.572007735047761 0.4341003064345297 0.5220248588805352 0.16309500958273143 0.3355214289640741 0.14394716148879252 0.5540561694544954 0.4426923260950145 0.5912385857819333 0.6523842561121476 0.34748998110187856 0.20772066728163618 0.5724261015984454 0.6628764875972744 0.2333708376267216 0.21025586537304888 0.4822900063261613 0.6462736375648086 0.5529003552845083 
0.48978994626628247 0.6227238460894879 0.6013062107138836 0.6034996896850984 0.38574413222897436 0.1277868677670001 0.42318579795526884 0.38436251374624286 0.6309711856203059 0.5788422873556306 0.461573467098431 0.5923596013135305 0.25886154682227613 0.5865705515409889 0.8182821693244885 0.37807555665460113 0.3399077601436197 0.41375697694777314 0.4262382208439332 0.7517244167876596 
0.14029131112476714 0.5500009072639539 0.38652818281965456 0.49586185598408317 0.25056068421022454 0.500148809852532 0.21185237739699103 0.6219938053656007 0.38130006988934245 0.5928312333591861 0.7121272660326762 0.2820926528241236 0.37975524539275535 0.5662355090715444 0.5804233299966375 0.2999669089362893 0.30720638303709974 0.529589030442258 0.7168569405169603 0.4641076423509073 
0.331470433029005 0.2848279401196034 0.14366980835799828 0.23948256720205202 0.37112220223745307 0.6388816107527506 0.35088025764973335 0.5081493379566538 0.1116414313297727 0.35922443281956773 0.5622250338286929 0.12682995613572096 0.5703743827058062 0.32525391413118904 0.2328584184190282 0.3456148470409035 0.3927799835663199 0.40298612109495674 0.5877134479116574 0.11712379936021329 
0.4096118728273557 0.12701962352607588 0.19885280028445454 0.12486114460293178 0.34639093325791054 0.478525850347158 0.36358237160742635 0.1755141428796002 0.22989240100589095 0.09160211363089452 0.22100497447140202 0.2785505334865961 0.4850534757362861 0.08987482990929195 0.3384953508743657 0.2765346478235223 0.3142489074424305 0.08687731207907747 0.2467934081936885 0.31009116803861136 
0.22714728293789563 0.24469344463305864 0.0854193075726965 0.19052362364165748 0.23120564576262775 0.48628334152111885 0.22055286022743406 0.3827332566659815 0.09407055796132827 0.29300143594207745 0.45353196247968924 0.04141659385501127 0.42759781039297456 0.26394040797738144 0.3161719290557898 0.19407939474360192 0.24305116753061656 0.276973322738906 0.4710438264267097 0.21423270686641377 
0.17262288610610682 0.39425907726911325 0.22608135588823722 0.3403429593258658 0.2493915388179575 0.5320416704301825 0.21692917149205768 0.5272357721631522 0.21447392693130027 0.44886139668565594 0.6050652008108749 0.12224117780564406 0.4384580166523861 0.4187296918454181 0.40666774441628645 0.25716853187162697 0.29124006714191747 0.42410952224151416 0.6189573001637083 0.29036922935080295 
0.42644581936409937 0.507924140434809 0.4943637710334513 0.4899904139482895 0.3163091723729707 0.14970869285125907 0.35553329365194725 0.27544005345358064 0.5251105577479466 0.4638731768077461 0.3600273598497567 0.4956326303413363 0.25239199814925856 0.47144692054785037 0.7058224048187878 0.2916489979814149 0.26301458690765867 0.2986605244861765 0.32901061816227023 0.6435497730405016 
