20
0.4839833709576575 0.7352997851301171 0.8470327846129728 0.48346525172568416 0.6296854547389404 0.6031525999545362 0.4430015215995582 0.45452967680938455 0.6810591633685693 0.7759437258852108 0.6779650812520607 0.6778819045863553 0.6707290977442 0.5003720570371957 0.865192632038086 0.6428339821700859 0.6460045531982989 0.4133890900374662 0.3606395048741826 0.09566209244128371 
0.4194821522708411 0.6617563619888835 0.7770829434031118 0.43777191445460933 0.5965704438358683 0.5649023661555449 0.36717409623619945 0.40038961957037084 0.6438213740719014 0.7108879759283133 0.6194079465012582 0.6369333913897381 0.6021840422521512 0.4583326353854713 0.8001956708647532 0.6015718060343346 0.5911939259381038 0.4001346878349987 0.28967942449881906 0.04224522437079817 
0.23577990121534964 0.40978060723173576 0.3942737808110804 0.15003689730304637 0.13421052877186423 0.08961993133460995 0.5321714461548364 0.19225218190862262 0.11404319046337505 0.26912226554141894 0.13375294862174103 0.08071302209551676 0.2745906539198608 0.13855444503730582 0.332211769718542 0.061589461448470016 0.0808059476332502 0.31701193545925166 0.6033912844010824 0.5470244169828478 
0.2559111758549483 0.1472668279470849 0.2992878233173326 0.4188334249767761 0.5668144123394617 0.513007936530194 0.2205454553479114 0.35374636427390455 0.5605669744557402 0.3167489932145456 0.34771809110742874 0.5266162869776546 0.20369000255677472 0.44898483297690167 0.3827403435402715 0.5060166810814029 0.3769382233613808 0.599883364428132 0.3407020970859221 0.530983178498518 
0.2625411237716719 0.34081833223267144 0.29477614266677443 0.24265618091136804 0.23550882885837732 0.19944852177838496 0.5419222264688149 0.2599506710037604 0.19355819854895961 0.16827763127807358 0.0644107582648392 0.1564936566637627 0.21419344476814742 0.24086311884787634 0.2214191357470002 0.1600759232009875 0.06857659273864386 0.42746996641127344 0.6304277840526993 0.6234178528791924 
0.38822971693846386 0.3634565133680605 0.517107962197812 0.5441148668720818 0.7184116504383141 0.6654539813941303 0.12247361825969456 0.47147342436368045 0.7271900401845542 0.5352063850818458 0.5444522724402179 0.6977776762628463 0.41603015521973735 0.5772377774131444 0.6035629874777677 0.6708904072936952 0.5612431145455521 0.6789473776093774 0.19769695944275498 0.4815367088223796 
0.14017071989042074 0.3731725726051515 0.39762676902684957 0.07353330949417874 0.19195332380394012 0.13819886169861384 0.43543223365839506 0.08985305053201349 0.20099830543503472 0.28446967518255584 0.15344543495823734 0.17608392514068838 0.24216112939687845 0.08707231585513522 0.36452449983762825 0.14515392086557144 0.10871461266367942 0.27820432240747567 0.5012414697206877 0.45124191638555766 
0.09544242905065402 0.2504632422641609 0.29364471074379017 0.18434858327304326 0.3050627681712059 0.25168912514611813 0.3653474131829875 0.1471948982500375 0.2977906286672761 0.2003482461941702 0.11812893491047731 0.26465347554435875 0.12351660481209396 0.20707622947184584 0.2890165269183204 0.24294050497178976 0.1225401042984919 0.38965042487875307 0.45392087171135154 0.4822189380821792 
0.35601567752863367 0.18916614796774248 0.3377394197443824 0.5194063061912368 0.6663808279050787 0.612688679417758 0.2517507902256171 0.4536527851104637 0.6580696048767306 0.3861484290074359 0.43830952142107027 0.623431365901436 0.2876302589267733 0.5496708956204319 0.4382431502877663 0.6041425040472382 0.47187046512223235 0.6976989672397317 0.3668984218265659 0.5992466985660772 
0.26378663799550645 0.3569087261596982 0.49987749494661987 0.40523890547848335 0.5858044839312981 0.5346605238885223 0.03574941361113881 0.33306672736899456 0.6027086920939712 0.4803602817459751 0.4521758113497083 0.5770321022765551 0.3554619384087537 0.43831841511972724 0.5616556698311387 0.5469318311755936 0.45604195315622376 0.5255871917327937 0.13006459097747164 0.34343867811756557 
0.460023604294345 0.6925352349094551 0.8124061231310121 0.48431203330076394 0.6438319929557018 0.6120304362450658 0.38120461221658153 0.4453202118490582 0.6909764527098428 0.7503358657909005 0.6623750741794254 0.6838390919175443 0.6391870947603934 0.5052548008361597 0.8395541679293427 0.6484669384127587 0.6355355256487014 0.4454170140616422 0.29152260193419155 0.089251798399067 
0.34463283227161084 0.6383566356664964 0.7091342587178161 0.26194713155282334 0.3708533611392383 0.35385523844701916 0.48102362362122336 0.2689901971526022 0.42752909083082485 0.6097149296185159 0.48590506979045117 0.431479855226763 0.5340240346654332 0.2662173646962176 0.6942425268587635 0.39830242983291503 0.44102735617907307 0.14315991722719357 0.4636230920194981 0.21895822954740368 
0.11794016697630269 0.2880278702270069 0.3131696620555035 0.1559918090224311 0.26079904169436513 0.2078000257800471 0.4041070126107314 0.13637376066462875 0.2524421806745081 0.2063793538408633 0.09474650417641027 0.21942953447870128 0.1554688431097617 0.17386919407587711 0.2915309441114228 0.19764210970450338 0.08251821468643351 0.3628644390746332 0.4872832693671806 0.4907011956437882 
0.3575483471605336 0.5580142095713724 0.5339449568450297 0.21481386654305404 0.032235348556185 0.08054190425366015 0.6496001479104062 0.2836909637284922 0.0497442422674621 0.4073703872258019 0.27854184627986944 0.0839209420152688 0.4228399047516748 0.18399723770620813 0.45772944039344143 0.08672139451125069 0.22833269541754372 0.27369081682582463 0.7043086997114898 0.5866864371001471 
0.2833001034954589 0.5779572691011232 0.645021305030597 0.19828331521317327 0.3217155225746821 0.298927678508935 0.4470739476823089 0.20443858679219767 0.3751357060742777 0.5447908507031053 0.4211548636459536 0.3757315474935671 0.47067897083776183 0.20502819801305114 0.6292744189377569 0.3416333586312061 0.37686505705241813 0.12627817543269684 0.4451750280821479 0.24044385468970172 
0.32045418434218753 0.5518272751811216 0.6697599773496605 0.3674559135253916 0.5408221803570452 0.5022477426987119 0.2672408854182188 0.3178937156265162 0.5810004971104005 0.6089459923623871 0.5263570639469755 0.5688009259270386 0.49664407555313594 0.39301963960092373 0.6980267381365831 0.5336337451239731 0.5036791989362769 0.3821508338070069 0.2127312890202817 0.0991631887896391 
0.1793788257791036 0.15678196871281205 0.19307384742899614 0.28696542136120123 0.3854405460034439 0.33475086101158635 0.37949166028821113 0.25001513434056244 0.3649219500882558 0.12504962231808783 0.13455565776853318 0.3283557848225389 0.021539267996753347 0.30744779157210433 0.2118454767475303 0.3150721785832587 0.17474272123070794 0.4931277935177142 0.4850469829646744 0.5643257410583449 
0.38481482125851185 0.5038507326700249 0.6483784227942672 0.4987672016934349 0.6824176908174462 0.6352604369741975 0.1397851521791075 0.43169907276412445 0.7092279305248896 0.626469191488238 0.5868519499244708 0.6881781851194888 0.5019134181463154 0.5301560864141088 0.7091361422552492 0.6554554331743055 0.5832357280453032 0.5710145707114522 0.019555088732005087 0.2921629558599975 
0.33693126178093863 0.25548762259184765 0.4090240890521569 0.5006988075285828 0.6632143613446816 0.6093340139400939 0.164241983529778 0.43026092315148684 0.6636583311495269 0.435897913857014 0.4618721466891175 0.6314580504266972 0.32225295410888993 0.532859315229578 0.49948261648989833 0.60794706837009 0.48628431818705775 0.661236292279019 0.27566322605764576 0.5233004348892474 
0.22049082014273877 0.08784606439179807 0.16392660637688422 0.3486005666629302 0.4546705904487533 0.40373791235998363 0.35964766792961966 0.3039438805722817 0.43395353036690665 0.1487413978338314 0.2010275863747467 0.39723203878377467 0.048339797802676644 0.37134187023760434 0.22075369277555495 0.38438345898344883 0.24378474255481125 0.5526017359272123 0.473060861508223 0.5896327288588709 
