20
0.6248611191115814 0.5140781671054562 0.43046400078530705 0.21669043933519375 0.6299650133111261 0.24555217013730718 0.2296960293809155 0.547384500194852 0.48129111277704656 0.645482578977475 0.4539817750690101 0.2194301650345395 0.7598941195325181 0.697400604507951 0.41446254557608736 0.398334615580579 0.236930624602875 0.23988853529827991 0.6793633651283346 0.559717626828335 
0.13060504045947294 0.3262950541324203 0.33303107776857316 0.39136619058011807 0.35351493098782 0.4912826865495652 0.3795617147031816 0.08589173655089333 0.22121772711428697 0.04096951251848879 0.47150536260102016 0.5750505535159934 0.17890479419810076 0.1937183316446521 0.2297973054307849 0.25649302640189053 0.4463532391150283 0.3872232719453566 0.07995134707838004 0.2997475694272369 
0.2523399880418102 0.0816577707169786 0.013780183068927419 0.25602965336901423 0.1972021884551039 0.22254766373704343 0.24237871536054506 0.325751353524727 0.0989371113178795 0.35716405806547247 0.1550941779127711 0.3045712515190173 0.49699984767111954 0.5001382428348814 0.32368310989574617 0.3391925246594536 0.20268260042677141 0.33104644973912134 0.39637181342165984 0.12552967135250448 
0.19932526810539744 0.13278429753418786 0.21485261371471998 0.4574831809952658 0.0375095872061128 0.42460932834383414 0.44316361617440697 0.38172784052951403 0.1930933945551987 0.3476784888286782 0.26920601755600254 0.5006905533651429 0.46844097786832795 0.517612644532846 0.45361659005469707 0.4767955233205374 0.41159318921767 0.5185582552216085 0.3778444236223808 0.08501440184078801 
0.5393003953815894 0.552945100509391 0.48337413111209704 0.24786820848919816 0.6558876621856559 0.4236087529802128 0.2562313320203998 0.37585530459712474 0.4595543095153507 0.4864141866501708 0.5838425423243685 0.45813526705430785 0.5581086825118803 0.4665660316546073 0.22986279462049874 0.20281724296730677 0.37709964093080345 0.1532044628408776 0.5076965402537144 0.5757479697331479 
0.38049391402405364 0.1766514417063916 0.11528649680251996 0.2541094524135446 0.28069263052578336 0.12928197285505752 0.24472517615311076 0.4363762720724272 0.22550491975455728 0.48086820228308697 0.08626251760656592 0.1963236758094002 0.6205015105999142 0.6142080115911248 0.39977524657607516 0.4082734469834702 0.1415330965305573 0.34769603618037753 0.5203442985785728 0.23066046413603428 
0.5070884489841522 0.2982357651506268 0.2419339858109369 0.30262803630258567 0.39164820865141076 0.12115505130258956 0.2986653521838263 0.549982662496169 0.35094371791078827 0.6031339831088299 0.15752020849781867 0.12291869681592638 0.7420988347262274 0.728289296433097 0.4912900261368007 0.4944277867417717 0.17060897829820434 0.39819682131375433 0.6426585865647466 0.3521488452613214 
0.5526195920570574 0.42530689014713596 0.3421258478234454 0.16217393621349555 0.5407165604775448 0.15266207897265874 0.17178424033193365 0.4991770630562825 0.4023932121956495 0.5894363325615126 0.3609871012731393 0.13849486091605168 0.7123029344257666 0.6611245210284831 0.38097852037190894 0.37013230799790797 0.146126868355007 0.22088490079607945 0.6254860672908831 0.47265909351062313 
0.4090678051959463 0.3476182133396432 0.26932504789552364 0.02106865870899929 0.45986332076520353 0.2040336634239788 0.027695060434168674 0.32578986734227294 0.28080853494033653 0.4218930966667845 0.3562464843658501 0.2586654853168335 0.5390421279607825 0.48474607689394 0.20515596821790655 0.19639722403801466 0.1530062716795363 0.07615942376204306 0.456115795442662 0.3816479841588267 
0.0856987183108106 0.157944396940447 0.21240079196738484 0.40729767428005836 0.14418036581202368 0.422334991007073 0.39282255374300024 0.2695383494926849 0.13162200377611846 0.23316403068193556 0.31874760040734507 0.5055789585460585 0.3586544546360277 0.40263813788618974 0.357531285945799 0.3826338464705114 0.3954693716747436 0.45089725986432205 0.2648134120152016 0.11063887999664937 
0.08427002032851816 0.15402843096788837 0.18113029531788719 0.34445075023597715 0.1871061015170195 0.37851903318842367 0.3300973181946009 0.21665775992775863 0.0773080809728426 0.20582962259698354 0.3081721119399804 0.46337453462623995 0.3422085806389667 0.36790834599311667 0.29108867564930263 0.31571932586762264 0.3458763724794939 0.3837431706607769 0.24265859538360215 0.12542890255773415 
0.21505316831944427 0.3843153169445589 0.37397751856580075 0.3717760206297343 0.4283063867793496 0.5003585050809843 0.3621924950959492 0.03722409962495397 0.2693987279527119 0.09821320127519356 0.5157117429727742 0.5804269526163731 0.18027783076996362 0.14143180534154548 0.17386258916754893 0.19774902352331294 0.45076288692358074 0.34668418054339384 0.11412583376234947 0.3666051152411485 
0.39125890318290424 0.19899134618702888 0.1287917447793356 0.22714550530234176 0.30705801293362234 0.09874938590695699 0.21859928418691216 0.4321356439365422 0.23308799035386205 0.4835328311434509 0.11699858863275503 0.17047192368117348 0.6224822102065228 0.6104618806236268 0.38503731909575345 0.3917230105481448 0.11031486628111165 0.32196773259065115 0.5230558339455246 0.2523596594380601 
0.37035208877934633 0.4608213377969162 0.41586545836470346 0.28470932730972776 0.5402316445509199 0.4572508688411861 0.2819670081843379 0.1794744207675172 0.3460985550707217 0.2858795689086214 0.5478918635571602 0.522082062399304 0.3467441597848977 0.25763271261114723 0.08214755732257038 0.07358828701005332 0.4035277730346992 0.21674322634060184 0.3019058635108263 0.46463027273190805 
0.034719478082344886 0.2219579423949626 0.2676184713961889 0.4328057513882542 0.20584409639318654 0.47071631137899006 0.41865945736895466 0.23552425784952635 0.17013370815367143 0.17788321612943336 0.3825760313471411 0.5553035150113115 0.29558691480200805 0.3481898529619961 0.34676722531409726 0.3733116414233238 0.4388419731945386 0.4635032882908678 0.20552958266565377 0.1767675047567743 
0.02323168432829734 0.20684782719928063 0.24431904592652187 0.40040874196561543 0.2083949692463915 0.44305245201752236 0.3863049454196414 0.21240916194809603 0.14169622496111856 0.16890302293852255 0.36580356802753927 0.527968409627025 0.29620932409747885 0.3384942857159381 0.3166395417527686 0.3429585792701247 0.40960420504367373 0.4307720079928803 0.20095555415361818 0.16690275610439548 
0.04744342349957398 0.1896005276748777 0.23495196757644773 0.40829253207050253 0.18228855398514335 0.43943316600237664 0.39399271070664643 0.23847883633909864 0.14013268163587808 0.19544661618919676 0.3500196415928606 0.5237900423558418 0.32038627786755813 0.3653394816991756 0.3375111431533283 0.36345089456777346 0.40873396846918425 0.4440416347685938 0.22659189892444712 0.1459059235413644 
0.3244818166267104 0.10952270712478727 0.0669262822709284 0.28439797755438795 0.21281383922207858 0.19257423685370473 0.2726942775997185 0.4056524441510948 0.1781629996511998 0.43667526397934114 0.07549667155921767 0.2640678950042789 0.5763948640466018 0.580580286521159 0.39269039432138103 0.40541946022283987 0.1930601956226181 0.37150778558112635 0.47570355387102853 0.16361051322111989 
0.5341300536299988 0.574012624981955 0.5100622440257849 0.2918867779311695 0.6710957486271414 0.47261875186374314 0.29808379395866547 0.3559000189299092 0.4726088994770629 0.46459044815538025 0.620133448832757 0.5131519986423894 0.5224071989964115 0.4247308528279883 0.2202287913489252 0.1937305526314677 0.4236642707715247 0.19560268176255735 0.48166612401150477 0.5914750602564676 
0.46110940252393556 0.40030336542983347 0.32066826558960054 0.06340793523666444 0.5133433578026614 0.2261499164288066 0.07694347181012834 0.3649417656832618 0.3352582984362472 0.4656015696386274 0.39827052176270006 0.2650313190334956 0.5769232100414513 0.5149455396065773 0.2319596149736017 0.2175578045188539 0.18105443972785307 0.06396263106543672 0.4982923776776257 0.4355104677400471 
