20
0.5028715876841973 0.3771998989637633 0.27610357418544285 0.4876150938110758 0.4581150116662314 0.3600667083102273 0.453962041374659 0.09178192473131981 0.2713886141271022 0.5270779526737117 0.4328083790845334 0.5060480881129651 0.21496009470242655 0.5087246107749731 0.5065828802198966 0.2781572393230645 0.16013116163741664 0.3011082745245569 0.4503235736503448 0.04068812870278281 
0.5231452038091683 0.5107311472854741 0.3795147660125551 0.5562690446543302 0.292358859947102 0.2781100827459404 0.2944415089561403 0.2175046778814376 0.40867655080023524 0.44230744303291347 0.5494702300701354 0.3557628899498893 0.31432665382763764 0.5559708396298826 0.459180968413899 0.25330299981759324 0.2739010334646808 0.13199170022406648 0.31573933934400894 0.17149708183586418 
0.5368206327973913 0.18594603109407493 0.26862214822379243 0.4244174843939064 0.7833419855803752 0.5969382597527237 0.7693482908399554 0.30889014855466 0.17650041842146605 0.7296624983556356 0.2653449019190038 0.804450864838279 0.2863184419414907 0.4857004330825268 0.6568250119184019 0.48190087159356837 0.28141891932897195 0.6382936936884258 0.732513352164789 0.3468388928028535 
0.5074059957675084 0.15984516616684633 0.23903368467701236 0.3967054666408609 0.7607179173891704 0.5696935795441356 0.7457693463172183 0.2876208060445902 0.1470351638530109 0.7008309740403316 0.24043066995671333 0.779391106832688 0.25834482374597756 0.45720544834156956 0.6272841285399868 0.4544115069515892 0.2561136773353163 0.6177773161930951 0.7066853396748769 0.3284791598869385 
0.6431720265279235 0.6572702417430748 0.5252258079742105 0.6929968835768209 0.2370484684658401 0.3570404145556741 0.25956283046906875 0.3626177814089638 0.554804697852534 0.49868077116430115 0.6954457391542382 0.3340077940624787 0.460339430461937 0.6858200950949297 0.5444539945416781 0.3718874702818623 0.4204751584484323 0.11852399370723875 0.32831049633344006 0.3129416438173518 
0.5659276988888775 0.7579713003467236 0.6088048613361455 0.68000406832615 0.09889709701950006 0.26963520881967246 0.07768207198995117 0.5297802682857345 0.6794591105280391 0.28572424515221106 0.7604834789317586 0.037287184641472536 0.5610919861842292 0.6401970015090019 0.3867527210943646 0.37492551786960776 0.552507920314244 0.24504730426826954 0.11803064158110008 0.5093084205644867 
0.16988660209589115 0.38771254280088346 0.2543304016365685 0.2660909190397748 0.4212990028575746 0.149385239785985 0.3861790545624521 0.3095530184092745 0.3453330416070246 0.2129219059514402 0.36650206371009314 0.3770651284922242 0.24302288445355463 0.23050075115361798 0.13877918248157786 0.11181779281947071 0.2753563745712405 0.37126765034544096 0.29592770046640665 0.33980309769847944 
0.6926118181540789 0.5367113983983796 0.45918996190771216 0.6753006181064949 0.5235567609688192 0.513771850808273 0.5342371293458008 0.28035014077024323 0.4346751407572929 0.68228118130536 0.6030157247703732 0.6009798041428555 0.4018926367938904 0.6988855461852798 0.6799356300254454 0.45368559948699233 0.3462604677359775 0.3668664960239186 0.5654730370116666 0.2306092861291472 
0.41968023295709517 0.28379754864458073 0.17734108162481077 0.39142189396216304 0.4922958381995508 0.3359326518262729 0.479993732738983 0.017346610886599338 0.17868151409509436 0.4930779626060169 0.33513652751559553 0.5203559118465844 0.11800885332985885 0.4170221423096449 0.45292538505075197 0.2328784874572702 0.06238720639215753 0.3474733308205251 0.4536875194149549 0.06913678538289829 
0.268708873479543 0.5854270049242255 0.45903782429328 0.4148706049558847 0.40543274689180103 0.20843131278782698 0.36392684091005467 0.49930380310990485 0.5506185471643389 0.06510486071098369 0.5520866056800641 0.31609885626383366 0.4477855521186318 0.35434764424501786 0.07472609095445411 0.2788524361970415 0.47560238817764533 0.4357035499563062 0.2567201554861221 0.517904444488351 
0.44392155619388723 0.23379065218804462 0.16919271615800918 0.3880436357251227 0.5711088308267923 0.4064374881891717 0.5588000652912531 0.0961430193376609 0.1300154137744457 0.5571759653249763 0.29828892360134396 0.5982425491867741 0.13278879720077932 0.4258590966828196 0.5061266560742752 0.2974501509713333 0.09262769720882622 0.4249378457321209 0.5301887033903043 0.13563204711026752 
0.2328262915623415 0.45822853487932097 0.31831910565803184 0.34245854715142887 0.3525392399015481 0.08409256632439308 0.3155317330730797 0.33718523247922666 0.40626483637996963 0.14966991699534948 0.4418587602761373 0.3012358564151432 0.2953877263369991 0.302472434070105 0.11745347497660405 0.11648014813249088 0.31713268448253656 0.3236273864972314 0.22068837035574732 0.35596710798327647 
0.2958765809527535 0.5038683926524659 0.35893208739768834 0.4037345567978255 0.28968496991224774 0.03338911167450436 0.25234664935342066 0.3463364080936008 0.4423842972076297 0.13812485637504582 0.49426814468857605 0.23942577798635523 0.32645455318425254 0.36551914710887273 0.15582432133247615 0.13146294725379534 0.3386482417905716 0.2728157846884929 0.1583210280818825 0.3550365880233566 
0.3625254323244818 0.004323678126976448 0.1508343480597762 0.23723920269772705 0.7305410871583254 0.49798378213442435 0.7075750944887028 0.3009649598688008 0.10953861827574302 0.6005003008084686 0.07763838322116874 0.7262181259156051 0.20664592298683931 0.30188835624336 0.511016680795162 0.385359921296954 0.2399086448528054 0.6093058379567439 0.6473120985156122 0.35636767916630674 
0.44594503590163553 0.4921529892886118 0.34882900136281003 0.4977826434775328 0.25000612449065995 0.1836534076496721 0.23959595479041523 0.22498003865915422 0.39807986533036793 0.34809613023595365 0.5176712922760979 0.28836339749213885 0.28805114678873434 0.4880645165304428 0.3664300980610924 0.17411268272377095 0.2620829305114978 0.11526165298411722 0.2351805251388293 0.1991224577799775 
0.30184373249176477 0.5930923483813264 0.45888772059694555 0.44148543881264846 0.3492282964650018 0.16915489431343944 0.30771349263278924 0.47785277461519676 0.5486001425317418 0.010437720115450192 0.5670510313882768 0.2604785497048017 0.43970307907301825 0.38575951433601335 0.10350009111260061 0.2571224750821232 0.4614973509535271 0.38495308293913594 0.20059505027445296 0.49081886213279186 
0.06046277348038991 0.3335815146009517 0.2780205690278294 0.10166642366043574 0.639657755887219 0.36788944100334764 0.6033461388674314 0.43171017760661007 0.35593614673042784 0.37241180811870744 0.2703662690640963 0.5865169534504747 0.31698689534845853 0.03124330913726607 0.2593021398627778 0.3127575782659613 0.3708188128220348 0.5863618304077873 0.5073931748382139 0.4804902892398293 
0.7039453389312863 0.5997115678566687 0.5017910440265102 0.7084802818823128 0.4450829526890846 0.48291783371350766 0.461375513984256 0.31658180382211165 0.4944939134593201 0.6470147365167549 0.6586539150946595 0.5323616520090723 0.4390514515657633 0.7224722937086547 0.6616108553969386 0.44522444238157655 0.38542928143742233 0.2974216834218021 0.5080722377169833 0.25994650635116234 
0.4369579349571766 0.39874130918261014 0.2672723955182766 0.45226803105601415 0.36584944408855213 0.25393566590897537 0.3565150058644823 0.11166230523778112 0.29790447462174174 0.42216039796312044 0.4369820672144705 0.4032971803201101 0.20190429277497707 0.4590087861307326 0.41088890623842744 0.18444143429534224 0.16194732035354856 0.21858204315980043 0.344013802000694 0.08286915277487823 
0.04982210522582889 0.3646491943653633 0.26627989977458255 0.17688395663050366 0.5365548710367444 0.26543941122621534 0.49978394127620773 0.3824972491740456 0.356156147422037 0.274828629701502 0.3196110911675752 0.48236494967730437 0.2842847012627895 0.1224875760282847 0.16508219204691216 0.22396489253002508 0.3314686279877109 0.4911589110767455 0.4032154125300116 0.4239263415015433 
