20
0.6176110949750057 0.6198042940137206 0.6465475638996963 0.47207476583912533 0.26305800138035385 0.14536343041903105 0.7340927379086 0.2571404944723385 0.6438617853041034 0.5566157931291522 0.7021658696611459 0.579295810171456 0.35875527570814836 0.4496221030475732 0.05442141474709931 0.7176738078392895 0.4542462883720407 0.8305082078414449 0.06877015084984038 0.4656865945928279 
0.46068502187977683 0.3264334105174469 0.6196054838279751 0.35889459939112456 0.43192074834281596 0.529022101138148 0.06788411492875164 0.48617268382122064 0.0353062466529977 0.17026845280387093 0.20855102542141404 0.14756606383313026 0.42052135720270145 0.3431903323525275 0.6650619737425291 0.13256941970583438 0.43498726743429467 0.23155117982585685 0.6125586578125629 0.38789763292600427 
0.3620480611412458 0.5007640581505168 0.43680023802928913 0.381982196707223 0.030989078295006696 0.1584072149037276 0.4987299473188647 0.2626466841675145 0.3987047400271606 0.36507115247255606 0.5235774953197765 0.3136975971525958 0.09430135825846828 0.17161562965107136 0.29515902226899354 0.45010981226276225 0.2011220748793812 0.5578978317249258 0.21077902841400725 0.19725010201988832 
0.352780884509589 0.5560094677030486 0.40778460218119844 0.4351421395965795 0.07835174345871411 0.17174796622277708 0.5467362347293454 0.3005885195037446 0.44533169485411755 0.4197187547674373 0.5782015065522697 0.3537017858115221 0.0915814961569527 0.18760633009078523 0.293313271302852 0.48705931571407424 0.1885106066829622 0.5902711331526962 0.20060633552866317 0.19788672132131244 
0.4946242360299266 0.2179924122182183 0.6377808281110428 0.1961325559149711 0.31836753493924685 0.38671598250880335 0.21510150210090603 0.3194320666582636 0.1555837794025454 0.036622302462244 0.1940216804770079 0.19152458604276382 0.35439639715597865 0.31307591394621487 0.5129946727162074 0.27847303830722836 0.410029410157392 0.3928683923585641 0.4741906375664992 0.36812928840306175 
0.034385885473819114 0.6783611170079535 0.18933288759158898 0.6166065218441281 0.3623414381295528 0.4921766298840507 0.4899408431607748 0.5793408962063781 0.40058560285005873 0.49290730898511453 0.6191757351722468 0.29103000103882853 0.24189335168008513 0.18030062498993796 0.621936390734212 0.34601922572010224 0.14131348368383506 0.3930359334241331 0.5290913580961927 0.13790174009875997 
0.558153082732446 0.21824491117625752 0.7132174344458213 0.2811364758891392 0.4523186349350135 0.5251220132353225 0.10954964548220389 0.44864754375587806 0.13174417307166378 0.11298764789818701 0.09571952980520387 0.2350359799428272 0.4713938114087466 0.41095766726595373 0.6497285826852931 0.24694525877806114 0.5077146493148453 0.3374812857226048 0.6126236201727021 0.46198188487725567 
0.5986516847982487 0.11631668177649292 0.7427328230606163 0.15541798410775148 0.40087193159851076 0.44501479562861357 0.23501484196630903 0.34262549857104113 0.22028481741294792 0.07195696082043011 0.12152034741250628 0.2875811623927272 0.45270177822205493 0.41730964009803256 0.5556032402928802 0.3476986141727079 0.5138286760341135 0.4516807364226636 0.5330033082696025 0.47258583076877453 
0.47129828931652545 0.5029029220457225 0.5319716400668001 0.3652267853260512 0.08998384504690797 0.04785646648194395 0.5673652885721517 0.19053037085798052 0.4734782836725876 0.4037881148032432 0.5578520911814426 0.4044516339726973 0.20302063916726973 0.28327775433178926 0.18407955855393063 0.5428147602823896 0.3080091794440163 0.6554114557883367 0.10867031262668163 0.30864361108389365 
0.3448517678191195 0.5275014036071182 0.4126064032736828 0.4099684262404115 0.05753833312808372 0.17410802048557267 0.5145647447886877 0.2882973038856993 0.41335004323150915 0.38810522465411446 0.5465293381471598 0.3231879017735239 0.07680000311950029 0.16539677103112815 0.3050930977628181 0.4576157174211287 0.1817535654780212 0.5625003815420951 0.21618215983006933 0.18349978702212894 
0.42793948997687004 0.4552078871646287 0.588531721665307 0.49060134204285333 0.5101741412903182 0.6231354395276476 0.13762717783114847 0.6025606866117325 0.14348736914323848 0.30198630599371173 0.32252282092072837 0.19012516158837603 0.46780941656229846 0.3750498281478696 0.7643015207926643 0.060478825089795685 0.4512540961562558 0.09993123940762724 0.7012393670756727 0.40579232276292376 
0.5173447790162758 0.585195329072486 0.5524888425962217 0.44270943686473757 0.17069610002482832 0.0891664301215276 0.6592165040544166 0.24461142088586194 0.5644427226717919 0.4951535291207743 0.6479787077857961 0.49103049827971135 0.258368221624211 0.3506598330598762 0.1328368926729604 0.6289852375009454 0.3537246234405583 0.739265415453852 0.03633210185847694 0.36513279124902304 
0.4439655536760169 0.3964955160370877 0.6050469072549136 0.43303804676896535 0.47763629513689565 0.5840702923544031 0.08632899059872164 0.5531763263166203 0.09039133167672345 0.2443654565845441 0.26696977903654334 0.16538993280249295 0.4485133086197357 0.3613631156128704 0.7232474930100616 0.07912698629895165 0.4454957936928817 0.1588345833504238 0.6648713380445894 0.3987483967890604 
0.39918351314309913 0.5132081482708024 0.5574509433507212 0.5420207149123188 0.5296814947468792 0.6489596908659223 0.19734462485636792 0.6410828331373041 0.19286697970720282 0.3542619448053268 0.3822338853999305 0.21155672541487852 0.47386153949125953 0.3771822543105054 0.7917069956950624 0.07463364919768786 0.44373514893630783 0.04533302290082937 0.7234821249219753 0.4004588918136591 
0.5969015683987576 0.14485502593857255 0.7283046658857654 0.06740866033477694 0.3351521631060465 0.35719875556993247 0.32228220290253745 0.24264139244337496 0.2818417806314102 0.12211770723129584 0.22129375736650483 0.3153765274856998 0.40996485562224066 0.396659209694626 0.45886948578897196 0.4068671759882142 0.487737740483805 0.5197184655228396 0.4439676088276445 0.4520384553975502 
0.7124693711873923 0.06106396830910672 0.8469255916884116 0.0985578986152963 0.4489077619864361 0.452073716387144 0.36835328446740356 0.3128190140860352 0.35882578342769966 0.20206970821101847 0.21079257437436302 0.41657359913219416 0.529248004727277 0.5154907412437052 0.5328522039377217 0.4864099857536374 0.6073100441636582 0.5902571044354809 0.5349124330744366 0.5710222677453665 
0.4682945971736983 0.32223418082366184 0.5798792115833622 0.20451642579372942 0.15762017981869839 0.2046404337536844 0.38799823051415233 0.16926823369408286 0.30445887621937723 0.2108364811958361 0.3641764898492247 0.26902992013070876 0.24269299617086745 0.2558889432979859 0.33413973666913965 0.3999153856932602 0.3339676662315118 0.5185420764145962 0.29222883470095684 0.3068879742001808 
0.621485541725742 0.16080204796851733 0.7468429185441522 0.029370650149331694 0.33178273850671275 0.336148898732827 0.36919676019269726 0.20777343345896174 0.326748826515852 0.16848958807405073 0.2615363847903445 0.3529832336783097 0.4184752994894526 0.4159324101779126 0.42732457474818614 0.4505600423635613 0.5031837321439906 0.5645562314526249 0.4207485278685773 0.47044924827047047 
0.5923365357875179 0.15423165141973522 0.7429690530538362 0.2226102238072546 0.43991927167680633 0.49763302717898433 0.17457788712561856 0.40538221730823865 0.1824348337813941 0.08760333520070178 0.0709829194509869 0.2711135620284797 0.47610371555831615 0.42754207622823426 0.6144737455918485 0.3052868771200823 0.525117512233073 0.40090314862506876 0.5857952254423053 0.48119597447410334 
0.2626359489446605 0.5877691352521995 0.3226123370031924 0.4821567575508229 0.145603732782907 0.2609734237834469 0.5254732056863505 0.37726954008844804 0.42228386930855905 0.43069111187468956 0.5860634701276597 0.3178463222558884 0.03971997698896041 0.1254443455550237 0.3834684634143594 0.4408659711043587 0.09863753010913164 0.5343250911554107 0.28959129514850745 0.11616578630167287 
