20
0.397053975109694 0.4809720935027133 0.37389697813169215 0.26460739653384213 0.2889703453350497 0.49876212434965367 0.23670419012672675 0.13153774616114164 0.27997418857820333 0.04313230765108586 0.5299661415842797 0.46466590669585106 0.5410018400763699 0.16324810180818045 0.21629849330004874 0.35841874324777545 0.23562760119846318 0.47943095986784456 0.15253184734905473 0.2995338922074171 
0.16852989812968122 0.4896036166118957 0.5736815650542938 0.029187557261064707 0.0682057687258686 0.25299924558284537 0.4524723947886446 0.2860799022902589 0.0593652700228808 0.24350755477706296 0.3604371244161057 0.654166893809674 0.4644744330492931 0.3277883498218323 0.11333409329566431 0.3492217432864199 0.46859073439500476 0.5203480414199986 0.1318027674992847 0.03496743766966948 
0.4603885341326453 0.26241449555159796 0.2878330422640863 0.2969843233783465 0.24976306875277798 0.395143458362485 0.4542820388633083 0.33836390531038085 0.24960247965843266 0.2223634546118382 0.3593611041018867 0.36187609207737265 0.32857492875899547 0.3774414029681692 0.31246909904666037 0.141775800005632 0.44904234400045967 0.2672577718210006 0.22415760586271927 0.2845391710947782 
0.31288317657057474 0.35104612699995763 0.5206980836636209 0.18589257980187385 0.09545887080370398 0.16332413627053213 0.5593086787630882 0.3994608191134287 0.10666741632477415 0.3153662933689247 0.20581808214124242 0.5876097518667758 0.304991573594895 0.44443450094595194 0.25950864675499546 0.22222081954265382 0.5678121979674052 0.3914327890868793 0.22299711773640127 0.12853917740941304 
0.5262791240146713 0.33145069914051706 0.20381445218936906 0.3675941952629986 0.34363689676076786 0.5111586290124518 0.39182770271115164 0.31695578665702395 0.3403508066139647 0.2110782321335532 0.47869263141287344 0.2909921437336041 0.4291836393163192 0.3461939932179077 0.3563198372715662 0.2443609281340419 0.37884483121806417 0.31554119954398635 0.2684060268081689 0.3724485649771092 
0.15963504647312635 0.6391112481898064 0.635114773550485 0.15780395252251994 0.2476995859388189 0.42895720589385017 0.33289817208756695 0.18767754731003713 0.23647553218464504 0.23164500086122092 0.5448626210755005 0.7239877381801688 0.6375657885500057 0.21175470369491697 0.09250338105819554 0.4969903576790451 0.3584051471347654 0.6593655993983568 0.17725713924335504 0.2195757004500735 
0.2714569152913178 0.4008307644726365 0.46868830718007504 0.10861199209392736 0.07587073702963298 0.282108423336382 0.4252216429751425 0.26584841669174325 0.06987040349249722 0.1839384015249834 0.3360918257268129 0.5482896490405 0.4004976135795027 0.3109077195883982 0.14833595125371002 0.25846660096193597 0.4342687317405923 0.42563466778529835 0.09006820390888383 0.10038556998473701 
0.3324481458958344 0.38427165337756136 0.5994176183071148 0.24405315291618382 0.16294050623156442 0.07482782259389764 0.6443735224404861 0.4814627676748655 0.1748021084390604 0.40444640039668667 0.1531760047064453 0.6605802434394811 0.3013116393075061 0.5259425365110278 0.3259721311836632 0.27626610152823255 0.6546630291516684 0.43274509661914035 0.3058659963624874 0.18106002287217637 
0.6656531276125063 0.24136663632660288 0.5875150923821789 0.5498346772323189 0.4593221078426017 0.36090246768373935 0.8699690753306226 0.7292807264040467 0.47012426518110934 0.6223518927205073 0.1871451319667536 0.6042608002155714 0.1013414696944356 0.7734177522959051 0.6190584793004406 0.28640372995978447 0.869101659498995 0.29548969710416256 0.5632902531099018 0.49215938966865447 
0.44050085380427 0.2404691373937641 0.33407031870827364 0.2790950368915047 0.21747626903979675 0.34204620525770985 0.4943495648236348 0.3656088160829244 0.21978798136946964 0.25195991601958034 0.30203837093456204 0.40181539326765536 0.28342039014258397 0.4073530886581226 0.3098912941113031 0.10360635046848919 0.4919222427527659 0.2576231798709267 0.22725121739635445 0.2552878278815253 
0.5540846367153522 0.10581403544074833 0.33233749174943295 0.39930069465985085 0.3231201133245974 0.3756627787751762 0.619692257447835 0.49949253250744285 0.32892633161542734 0.3844512479719969 0.2689368279115825 0.3728805063155075 0.17389618087688602 0.5402060735183289 0.4408625910013254 0.03758456896305386 0.6138954860500052 0.13475465326669958 0.3615532792506778 0.36279306664002636 
0.6411284496925439 0.04382406711991271 0.38917542860695903 0.4938269746724761 0.41105513573838454 0.41385986475427383 0.7291051082260388 0.6095906098628295 0.4186220885455737 0.4947133044580512 0.2677054927487421 0.40658558163600267 0.10624679875843676 0.6504719409140902 0.542918648318177 0.1415533084745382 0.7224861031928337 0.1015266747545855 0.4673228057756547 0.4501963167858475 
0.42013473472230456 0.317165798151444 0.574662853029805 0.3180637416094481 0.2298395457338309 0.1310728823894308 0.6933093872239994 0.5358674588408431 0.24163262020823525 0.44589035510439623 0.06910450489382186 0.6260656406419236 0.2167195207258824 0.5809326777499643 0.3956520875855968 0.23359339733561543 0.6999630665197344 0.37022362313194 0.359807214057355 0.2564688305777049 
0.5469908484260352 0.19650531362294882 0.2304007590130583 0.3838828873172201 0.3288901621855846 0.4447224076564328 0.5178263535089622 0.4176383998515133 0.33041606249573774 0.30219429278092097 0.37363052240629213 0.29134871446134175 0.2973254736284367 0.4539438970188132 0.40213015946508884 0.12135340024561096 0.5081563589978039 0.18800090851868367 0.3137391613268326 0.36587107181875456 
0.1691410979832314 0.5504530483071602 0.7019965978410244 0.17667954143173592 0.1677342554613338 0.16819341775079785 0.5968414386485641 0.4317931412970935 0.1712969589469251 0.39739597540911914 0.3307994420956126 0.7761303887316511 0.48260466906387084 0.4706148587063548 0.2515897399732688 0.42401860163069865 0.6156268362687618 0.5928174785358116 0.2856363315831495 0.14197785122207748 
0.14322730161210595 0.6638802865950483 0.6660008783395225 0.17332352305051413 0.2638336928828985 0.4343384730703255 0.35348528774175986 0.21471115657602377 0.253107421038842 0.26268873977524937 0.5579283448504021 0.7547675723041524 0.6573739806628878 0.23551603197341703 0.11815925524940182 0.5215571795480031 0.3803179954000435 0.685586238662788 0.20562105817478515 0.23270955242390814 
0.5455649742386444 0.15428845843070677 0.45858231904380936 0.41037819760623406 0.32198839941211016 0.29643496003059777 0.7062571120594885 0.5684049554202896 0.33134816843991105 0.4595393670505483 0.1536305230198308 0.4936344129855441 0.07627722906390817 0.6120606673535284 0.47130162549042004 0.12737872203390832 0.705040830758512 0.21029065008563502 0.407429333445233 0.35906220868298583 
0.45095940930807343 0.24133809607208542 0.4968106314336133 0.3244735749367839 0.23418358442712975 0.20490934819695034 0.6603020987431244 0.5109373577459101 0.24462786415762297 0.41051625376229894 0.10879938376434174 0.545999209575253 0.16582988708268054 0.555756146234297 0.39270087027741085 0.15368625537648822 0.6634001947129495 0.2922744039100321 0.3400404887607719 0.26885045159500476 
0.5721722346056848 0.08346123911933256 0.3512708350054686 0.4201090968491007 0.3409842039361789 0.37642935826305146 0.6499193360774831 0.5285496032282652 0.34753223916168924 0.41380675038616854 0.2571354234068241 0.38588523688378074 0.1462837407900593 0.5695584927329177 0.46507146811994016 0.06107987537192051 0.6442286573568617 0.12297564236487876 0.3875739524194263 0.3805889940175283 
0.564020670286574 0.18043020100372628 0.5004683142331032 0.4367916171182301 0.3468923202507091 0.2915000572215987 0.7480787599189669 0.6072915727433805 0.35702589682832075 0.5002090271526255 0.13083743258891534 0.5318282328549265 0.05523654794126756 0.6513499646739427 0.5020690794266525 0.17297889855933263 0.7476569760362262 0.23839284710087688 0.44271010647572157 0.3821859016546965 
