20
0.41376088287283563 0.33740893001796435 0.6268121129687927 0.5453001539751994 0.3226923521844467 0.38553387608576023 0.49264426988408855 0.17013144552875825 0.6031210875923754 0.21186761226840872 0.16937076735371961 0.6410296479886572 0.21122638199980834 0.5703091185529381 0.4495702406825292 0.37928616659489184 0.03274108250181265 0.6700259892309507 0.4607375403569135 0.04017841663182194 
0.3932086722013219 0.6211097225717875 0.10769656981452858 0.49958867210290975 0.42124777895305504 0.6019386943711886 0.259673262751378 0.7843499365095202 0.48875489733562116 0.6614263628232456 0.5728846699935669 0.5300052208126422 0.5369630601921224 0.5286024142325539 0.39187124528751244 0.64671885360434 0.7268600623232114 0.13473689820203552 0.2737681557491662 0.7523857375350141 
0.396472006629399 0.44259104498194907 0.5033062094628463 0.5839908504265658 0.1931710350054516 0.17321426883136287 0.40972313342620653 0.37245932152761113 0.6328227987789954 0.34801385874356344 0.20305392543885883 0.6803382303278506 0.22734044186356872 0.617282100875728 0.43971812248108 0.491937312948515 0.23691112676218345 0.5767662399469435 0.3436363242874873 0.20714161326662717 
0.07583526401237091 0.2834773798272022 0.2511499118851264 0.2786392922877418 0.16858521342025312 0.44163366298326456 0.09678943782830139 0.4294360615606547 0.3127190126041125 0.30596421020586323 0.23248023756446698 0.36421242528119924 0.19172869744779902 0.315746929291285 0.11273857003407058 0.32017763396399923 0.38751668322566973 0.2703915453954787 0.12289519986278301 0.4279021801418672 
0.27899232747076286 0.07480432599301887 0.570143159615371 0.30915138014233795 0.37395398313345135 0.5799746099185484 0.4128417246475948 0.16958620980013286 0.36845050044257655 0.06878448601957146 0.2148644600737158 0.39472030909928696 0.20930380074015997 0.32384096495357084 0.29107488299875195 0.10382695304998639 0.24622841497464926 0.5651350659456089 0.4356293745072746 0.31861166736725954 
0.31423834445910614 0.5352838284815011 0.11552996874344883 0.3909747110194152 0.4042504888288206 0.6269972426459371 0.2019110496421983 0.7212109524650862 0.37582645202132675 0.5923342848292174 0.5267260624398856 0.41558079290668076 0.48703118287909497 0.4180226690239704 0.3031044229957712 0.5553390381496276 0.6823558607462872 0.02706378204116965 0.25296268437253017 0.7178220593124869 
0.42648421829417077 0.4858472969077521 0.5072562086970953 0.6189647357218768 0.20901626630476397 0.12779462248808748 0.4264183749066428 0.4173964423515339 0.6660568139958866 0.3935443561048154 0.24669994498969589 0.7144865116115835 0.2683045442368006 0.6530047936427441 0.4698745570816619 0.5353226355363119 0.28043690940507765 0.5874736350822348 0.3537342678666721 0.2451628450818823 
0.09739896247060072 0.25115772961268756 0.3051274850856828 0.29686636568713476 0.14198496694387847 0.4123891866278058 0.15535641711309234 0.37306450943924874 0.33930820571886755 0.2540033542236299 0.17198251108175722 0.38920128423113143 0.13121548464023935 0.3328650581576517 0.14078384771923483 0.29336369048315275 0.32698406626651666 0.3306989325631815 0.15811458732472905 0.3679902423479574 
0.26283325871138435 0.3425090014481776 0.4096354179479711 0.10879021622291629 0.49389416525382585 0.7673147490030091 0.3204627266546101 0.5845688745089572 0.05300946642372538 0.4568236805481431 0.49092751521409295 0.07274327009790242 0.45103318345282056 0.10733096978031055 0.21945591326706904 0.33107359800819275 0.617156675629715 0.32442301504820525 0.4086511678943757 0.6790503658483276 
0.39756038136054417 0.31503260995087695 0.6181772582206888 0.5246795302497316 0.31869152119797783 0.3981227413926759 0.48106171908548395 0.1517012513090635 0.5827425030811156 0.189238708629278 0.15632728808382734 0.6200965951510121 0.19723958389121887 0.5492291533235392 0.43244940208762306 0.3566629112566865 0.010757000036039925 0.6581268808374546 0.45285309841666005 0.06290482608442353 
0.19853612959831768 0.3960048633664533 0.19890255534518114 0.39651960593302527 0.11829188212707642 0.35814048137481286 0.11646648712545146 0.5004013881929813 0.4240496719964069 0.39221071568116184 0.27601200402631243 0.47591213477275685 0.24565019919296757 0.43367116281872276 0.23115054009038621 0.43667693547856856 0.42585901991557584 0.26793415911775775 0.034201738154539536 0.4476505609886153 
0.33189554384820297 0.31313415037187303 0.5235879747500638 0.4895696943127068 0.21714005059158875 0.31892960183770636 0.39471178787000105 0.2304832740960604 0.5442925183127808 0.2060148576787691 0.08760448913654945 0.587084055816889 0.12822782038800537 0.5189129306656863 0.371462085492939 0.3609787279516574 0.1083457786329996 0.5720576192010907 0.356996259121808 0.12225174790775976 
0.13351765423917403 0.10208480675426489 0.4265189055729904 0.2187842772392477 0.2767132315394408 0.526017700348392 0.26926439598394697 0.28707180104637126 0.2757162465914532 0.15372192677330074 0.18675085149427212 0.3157812639666288 0.15392584378219887 0.24666961567531318 0.1484507017559811 0.1431510948240753 0.30177746577719683 0.4199914749552418 0.30214005568642605 0.3645561333979996 
0.23857706130334969 0.38222661557579674 0.3026874840156835 0.4429468757503117 0.017685420093187965 0.2723706365370575 0.21078061986136615 0.4337279976601458 0.4810325404843904 0.34475926256470346 0.20364882805675294 0.5321219294933424 0.1861101354359177 0.4795348773854107 0.27992712893457516 0.42878880655781626 0.33963807039213256 0.37342983279226777 0.14022933734474927 0.3516705838375577 
0.22048159689187719 0.06888687867625562 0.5089247317630033 0.28130483158892605 0.31654074584332326 0.53627465628203 0.3517782124865066 0.20228516445759528 0.340705801707743 0.07101026804764607 0.17237410328780198 0.37358722585610776 0.15784773678577885 0.3021355837019974 0.23675941089890695 0.11717257975911219 0.242524805497176 0.507652870997015 0.37331590263544956 0.3118901824768128 
0.2777378262544403 0.12196726811812958 0.5568765253979924 0.347378559180425 0.3310483960364274 0.5216086993305478 0.40136958668072314 0.13621505989490967 0.40689396240299797 0.005683317026322925 0.1591962107905711 0.4383162673018265 0.16194228837386482 0.3668191427070943 0.2986507747859974 0.16179884569561978 0.18583393502263304 0.5642828181684767 0.4112342366087976 0.25764993576609907 
0.3166756305429798 0.2891868270655499 0.5202527934138294 0.46892917965508885 0.22023756401416494 0.3404659438582185 0.3868479661278163 0.21328752352346378 0.5242435169081237 0.18204988124256186 0.06956843012387362 0.5663359440717728 0.11174207187903319 0.49770126987147734 0.35523107455740693 0.3369078931376673 0.1019832600421413 0.5643320093067883 0.3543893516468697 0.13044794839934834 
0.21188093770167216 0.10962733481841709 0.49018394668186815 0.30405043135990656 0.27885697059323644 0.4940912758968209 0.33443334123574225 0.19895926749000684 0.3625719892892396 0.06785656273586414 0.13030430382043748 0.39910399052494294 0.11645656304562871 0.3282343453736283 0.2353101554835303 0.1587024518726627 0.21411825742822477 0.49774216573112673 0.3469065325601056 0.2805756434962726 
0.32748371025769507 0.24581480577709283 0.5633790434802373 0.45084473602173136 0.2805420577810884 0.41269122073747083 0.41994838821777025 0.14056492891285144 0.5088108402747932 0.12434661799971318 0.09893619342801689 0.5464867083506818 0.13454389405532613 0.4757676822966818 0.3608684412307007 0.28985634833670604 0.06838074663252304 0.5955566025047008 0.4011889081606866 0.13310382734416296 
0.3415270965885128 0.2058346274686786 0.6027711583400478 0.43064874111114027 0.3408856130108846 0.4879764696546758 0.45209582683544813 0.0765957978762459 0.49004393000886803 0.07936717801318813 0.15481389589084468 0.5223836168838839 0.17828833821259574 0.45088350283954287 0.3682704482669124 0.2428039818271596 0.10928286030100502 0.6226638276590725 0.44671463035156644 0.1817391959536403 
