20
0.6201071782417305 0.48457648610974335 0.6285168850549208 0.27957717996007486 0.6160833029121467 0.47534298184303336 0.37891119894673503 0.36554880692593117 0.3636504112745608 0.1545990056868939 0.6711944984523455 0.5279358026669536 0.38001665072214147 0.36509521459776073 0.6361927356642494 0.22582493528166464 0.4849384305056311 0.18453778038869223 0.26607813626078824 0.16303342008712196 
0.6084287014405069 0.274310461420395 0.5605496199593916 0.4920147661582728 0.6073002341509497 0.28285069655402517 0.2838728679290316 0.6177916078161033 0.4009300770570715 0.17263379302729923 0.6247283475485503 0.4136843755310755 0.19494243282103768 0.4994810066056175 0.6462219077710937 0.4236744547471322 0.566528335638267 0.11128882457945789 0.45724832389716713 0.4310514585766325 
0.2839094729258906 0.26020569370343455 0.27125354849332234 0.32601939204568764 0.2816694450454102 0.2315323764687419 0.08572014314937773 0.47412680256506157 0.08913049814531368 0.3950588925044968 0.31945531338835753 0.18595021272984436 0.198685427962583 0.23862756043460645 0.31610952081378557 0.2754628908530114 0.24934082627422738 0.27564926119453514 0.28062197456745513 0.507824068969232 
0.5636623087534021 0.323672903988213 0.5392094253382186 0.3770332611597338 0.561306416667002 0.320374983610351 0.2618021725823399 0.49938423710042246 0.3278494136300497 0.11966637496322327 0.5952970728693112 0.4102659940192658 0.22237321174432106 0.40075654652585824 0.5936358012022148 0.3093127138806169 0.4857094040558576 0.01027864721412749 0.3448332974869886 0.3311678119484701 
0.2848701312085409 0.547931327610683 0.37888311922840767 0.2265922086841951 0.27818307737006487 0.5175454762995527 0.3761355590837902 0.3173643408057934 0.2022821890704391 0.577046382741048 0.368292281567154 0.41375518541621414 0.488420305874391 0.0985678587245972 0.26144871207769915 0.24640905055448617 0.07781593190827642 0.49360474008383887 0.21078556351060238 0.5491532849873001 
0.6138772868357331 0.2146832480522916 0.5459007706181407 0.5771398569985429 0.6139507117900062 0.2341377460982292 0.2917022983036736 0.7105779014362394 0.4424286580713479 0.27968039899409475 0.6152605974309525 0.39055559282254787 0.17613304755983544 0.5627173604988096 0.6580062799199013 0.5087447868131098 0.6086933235532309 0.2112272688974424 0.5386877810862224 0.5401060864654343 
0.3503019247740727 0.08999315127908429 0.26258464921430413 0.5237964651913393 0.35211281843674247 0.05963837901279899 0.12512037141898708 0.6723904023321723 0.2838176940477961 0.4619207435021312 0.3344195150809157 0.1063926539139244 0.13171736084224842 0.437328189826147 0.4014282169054302 0.46804864510261207 0.41822807667598844 0.33721369273758617 0.478297074618042 0.6504733170769849 
0.4248534010844727 0.5305765264769595 0.48563877059836047 0.05024983076933196 0.41892871444802865 0.5057243541558023 0.3603318360132844 0.19203839424162292 0.21480668546110557 0.4265841942642402 0.4991268109523377 0.459549440140765 0.44413191704012595 0.09846670499045347 0.4187115841801922 0.06757280550467845 0.23401085718397432 0.3719515765944526 0.02744455000385131 0.3639027212016807 
0.604195498635743 0.6228771085970545 0.6534126697225855 0.13819174082753533 0.5985340204599356 0.6045967710016404 0.4732090505612281 0.15361407763544183 0.3710089329385032 0.3704511295384929 0.6747673477136263 0.6003382149499523 0.5225602499047433 0.281885831790939 0.6012017071348932 0.14632876303813527 0.4174765479396755 0.37430856029498755 0.16410397375650118 0.20395135097821745 
0.07053970942706879 0.4629682410681004 0.18277058071741806 0.4138620139313649 0.06377777777149617 0.4308991214680833 0.327023060050246 0.5279264554083309 0.2205733686485776 0.6525618205371561 0.15516267314391227 0.28008602397941534 0.44449120212945203 0.2672253911005613 0.05582714413056577 0.4059577597407618 0.13987501893194274 0.5402259757914549 0.38252343810774664 0.7031443133736153 
0.5276134461702676 0.7862929506787195 0.6321129401248483 0.28013050128921646 0.5208689019718833 0.7577720745766467 0.6114337165177818 0.22729383434506634 0.439206422579839 0.7025036932091135 0.6122477174254306 0.6687294930235809 0.7123668949410334 0.28821111440665753 0.491799828998496 0.344819837502229 0.3318973686227381 0.6574024530386666 0.3079268840210601 0.5691492555121275 
0.6490562836659723 0.48023424885873317 0.6499937796704082 0.32585995223251313 0.6453508208682538 0.4740304516559468 0.39017038349089367 0.4105809839584786 0.3938481104612656 0.11257135780325622 0.6961763348022805 0.54082092218398 0.37678677314562425 0.40680071449293603 0.6680066297251867 0.2708396075342765 0.5230334161315012 0.1695875490940248 0.31116001220856637 0.17274364846801676 
0.2650676590285249 0.4513776878786241 0.3312904673087516 0.2098308124907675 0.2591862220268281 0.4217263904171474 0.2778079421745222 0.33779274524200154 0.1030835948914356 0.4915588356613951 0.3398864971912115 0.33323114453932046 0.3880894796403531 0.06785546681932693 0.26168569023792687 0.19990096361878898 0.09196914720924584 0.39954206240042855 0.17607622012292073 0.5011415657243373 
0.6020367428493149 0.16820714064317108 0.5185367231412212 0.6364369183370786 0.60315003095234 0.19645049095494904 0.2993119250885906 0.7760425428612013 0.46745190314770857 0.3729833302514572 0.5904688244017774 0.3624140977648455 0.18144693672408957 0.6024374888199647 0.650599489020945 0.5691547344532542 0.6288746455907419 0.29285513694999454 0.5951973228633923 0.6294739167331801 
0.5457642501174127 0.7134893368918094 0.6303080391118019 0.15573227078483226 0.5391557160360109 0.6881704037796957 0.5420059192432255 0.0777902444222203 0.38526013143747134 0.5657318868528132 0.6279623795642291 0.630133697823424 0.6271924172042137 0.23620545817442354 0.5234430592289078 0.22419426913409202 0.33762815391374257 0.5367812750870182 0.19601081356904626 0.41649595601496914 
0.420306840139061 0.5886489163665155 0.49833136902178077 0.09411849297020213 0.4138788886777397 0.561902793343097 0.41488724624769835 0.174011269676354 0.2522796977177662 0.5046996931533773 0.5004146548623346 0.4962126475208364 0.5082385519715521 0.1017637079588208 0.4040606501346516 0.14406301007839967 0.21472782842701876 0.449620604503228 0.10414096237935351 0.422631641183871 
0.5326357057398265 0.3649760006573618 0.5255727951231534 0.29698363032319924 0.529440121288254 0.355087169574611 0.2631990588261631 0.41880026448172597 0.28284582426186117 0.15244344599077575 0.574576043283269 0.41378743236653337 0.26031966730967887 0.3319987437819588 0.5563223290313055 0.22977528887321377 0.42940739268347716 0.08773151490325627 0.26636815502122263 0.28334583669745644 
0.7791538305370069 0.7014507523423 0.8104606589412344 0.3349694937079247 0.7740630061851642 0.6911584214994179 0.5849452168813518 0.3256455189041975 0.5294733245287144 0.329776107865296 0.8423840447798523 0.7291854043339215 0.5968033356171126 0.47154228717172714 0.7833066651753023 0.32276546193830113 0.6066704755329623 0.39926312890835863 0.35199195914996645 0.06102424548849741 
0.3694909309598699 0.2625256615347124 0.35546709328758014 0.3045452886913874 0.36697878116269234 0.24057348195397638 0.10790731729589895 0.4517360043202649 0.14105137131035936 0.3086315853375214 0.4057873295871408 0.251074757057048 0.1733303562291812 0.25739896583331795 0.3991647529125252 0.24290028202205954 0.30701946773793576 0.19113311294145702 0.2601186379357661 0.43390254743195844 
0.4570458204305072 0.3458742154011924 0.45767960193311336 0.2506421375953568 0.4535940809894567 0.3296332536316175 0.2129391971575128 0.38730547308520674 0.20480795269316535 0.23090240957359992 0.5027970369656477 0.35879175956928316 0.2444308140293657 0.2602498148976562 0.47893519151412883 0.18228640411510244 0.35141938573865267 0.14296322947845516 0.21292660800069013 0.3262108550351596 
