20
0.4230862152788853 0.32292719712336804 0.5383860157062156 0.5892756473455006 0.4403331404761984 0.686638649727892 0.45679285000788417 0.519199630752202 0.4698236927922119 0.4103367519209565 0.47400182982916467 0.30986914820208045 0.21220723219546486 0.18912991206207155 0.4656743819310632 0.14148404648782903 0.6430551230703192 0.3391840600547059 0.16212416676309058 0.3310586439291781 
0.5014540202399649 0.6936650989908008 0.3178574149350955 0.6769321964367835 0.3535951337455669 0.6006958595045975 0.5760029350533464 0.3092665195846983 0.058343266413152545 0.729515068480686 0.20103192746022194 0.69221672228099 0.6188673371435014 0.30937614518386014 0.4677871659357515 0.5051576226353787 0.5948975753223353 0.36172660432792086 0.48627848780820765 0.28112547262617654 
0.2895920929545165 0.690310605811417 0.3732976063310263 0.2109584914217269 0.32084216936187904 0.08892890917283414 0.29263918212451545 0.37281100689093294 0.6832283584796474 0.5979429420954836 0.47902776673376024 0.7177510525187888 0.7633701693478258 0.5356757061954415 0.2428072240164195 0.8451308682196642 0.07276037399688778 0.37839787243018613 0.5920736651239398 0.42812208283440056 
0.23452471246010825 0.5777869489185674 0.11979396204937531 0.3883061005197715 0.05426857586091925 0.31058689821554947 0.31155892083533593 0.1003508931552358 0.32497364759164055 0.5577805640101426 0.14010109987142544 0.5909553233413247 0.573012204654063 0.2405277513315056 0.17597912899786033 0.567511963922342 0.29607729144938233 0.13280813566637972 0.39193430040611715 0.09816643264023807 
0.33636378419503143 0.5492782089738828 0.2460299494162072 0.5162306343931287 0.21397964468457326 0.4811256208421343 0.4092871754329264 0.22933599539233565 0.2152798305267387 0.5701133048679334 0.1615515012020127 0.5528065828285815 0.4995007838155686 0.15861249853225098 0.31345009814991776 0.438636565383019 0.462058083524073 0.19542822101915283 0.3422332859329042 0.1172407743244413 
0.5086188717842755 0.2935899387814866 0.6527943715437858 0.6600335047373226 0.5490849614085463 0.7854117099660989 0.5295563405952257 0.633479180785321 0.5756451877207608 0.40911187457253184 0.5897225663490127 0.2701386976806368 0.14712727387940916 0.3009810717452977 0.5617731128876077 0.06930955564367774 0.7378002891012293 0.4430745979646761 0.21284663849810764 0.4433228649301318 
0.4839820568337996 0.5498485528184861 0.43386401949723546 0.6685920110847609 0.40113054469440135 0.6704321387475346 0.5460247226580195 0.41860612200934905 0.24914757240869922 0.6135638359078841 0.3324013547893192 0.5415777463507364 0.44998854917148834 0.22111124440224478 0.4842708278063452 0.31317504762085335 0.6463286915802143 0.350506918555168 0.3542722624876464 0.2899664420852821 
0.17502509743671696 0.3084517425592678 0.5043782565383255 0.19286676202446987 0.3599083743035992 0.4250529766890365 0.11153207607260275 0.48881233626678633 0.6842527634750256 0.209018642953142 0.5394217270044941 0.3388344764325401 0.4116617142841201 0.3568779431180032 0.2584538307372201 0.555627856489353 0.36138314569118 0.2865101987853748 0.2840414145281945 0.36592252118088126 
0.48657874696257125 0.3322377159971241 0.6027888262460336 0.6484805085371419 0.507286280448904 0.7533391225269062 0.5162935285889435 0.583762326147241 0.5124913844271382 0.4360927472299044 0.5339791059595489 0.3130058565817863 0.19776262541706466 0.25577125062913275 0.5317989920141235 0.07443421216906249 0.7090919168193052 0.4062345476440369 0.20849923636412795 0.39723237110782944 
0.3979890946470283 0.23739341626891472 0.5666962251617625 0.5488485224615423 0.45184196412005695 0.6783153666539741 0.41810697605581654 0.5470585068554147 0.5392609671543217 0.3289563257911741 0.5174486454013801 0.2249431821119126 0.13829769899281835 0.21530596512761857 0.4542135142191092 0.17087274639058822 0.629038236381186 0.34178986248467264 0.10210775606140515 0.35374986909416256 
0.4063688491407785 0.1673991554480865 0.7234143792264057 0.41948505240400086 0.5770030120375945 0.667969171639619 0.3538172861622289 0.7059233226170143 0.8407359961207473 0.05857906232361194 0.7350679030639613 0.19844563617014457 0.3208956309550703 0.47888440546654976 0.4928527023647937 0.5246030376119237 0.6040597167249282 0.4802405246341649 0.31740071700772227 0.5478274204565321 
0.32678712841731317 0.3385505792496868 0.4373267154818052 0.5011846019469149 0.33435675281414395 0.5817110889833547 0.36959468708226983 0.41788141963309267 0.41353621317380196 0.39269310738573904 0.38259020714776676 0.33592361724097386 0.2716003003155245 0.0846115597377268 0.3624536363451009 0.24757431298187815 0.5397344438658951 0.233459986547504 0.13473180608462343 0.22692091435615264 
0.18525326290385724 0.5251607662446423 0.17193748359724734 0.3498772493040243 0.045326822735068335 0.31190227328009146 0.2626739360186639 0.15303753949791368 0.3594379778443764 0.5028655971082165 0.1895337686745933 0.539286281062527 0.5268498199186542 0.2067726588483806 0.13942282690391436 0.5360926751126212 0.2862945612389827 0.07897274822527613 0.3439924058337483 0.07224218749338025 
0.40565705534006896 0.6444387916780724 0.22229832863157722 0.5769358327186116 0.24995653483743077 0.4978151666182625 0.48174951473207245 0.211194280142722 0.13317132977719803 0.6635330104957837 0.10947455675335498 0.6476717816876602 0.590910037353894 0.2536304784463491 0.3661526690451521 0.5125872086458665 0.4907807071883017 0.26919068172103844 0.4372145528288448 0.18828540081374312 
0.4601892246528035 0.681119189251967 0.2649470249562877 0.6322302759655516 0.30480438590302356 0.5482369931573072 0.5359509816621442 0.2562570380698778 0.0790731668931407 0.7076247644422776 0.14820688366465945 0.6822082657799464 0.6174004728439285 0.29123065359794237 0.4214765770454413 0.5209050961816182 0.5436200143515213 0.32260880074384807 0.47311150800617235 0.2415201048434727 
0.09578812633794968 0.5067896098650685 0.23747524361682212 0.2320709519954609 0.10333345847576945 0.23227276406114014 0.1654601799144075 0.22375452450441952 0.47791321351876626 0.45457937084026023 0.29566244618621584 0.5274256176370271 0.5432624022693507 0.2791331915917964 0.019824984435668765 0.5957764137860747 0.18936684109758967 0.12155753553074146 0.361163233472592 0.17932307145620216 
0.26703226960056253 0.2174398363021908 0.5891109623878961 0.291859378014417 0.4426649563422831 0.5297653078449812 0.2138059430886534 0.5722434256957004 0.7338783148844302 0.10461825395703368 0.6099251626874153 0.2500759248970628 0.3424739639199083 0.38248905413842654 0.353288985878969 0.514411062066944 0.46619467244271784 0.35304453442914235 0.25857648762941504 0.4264182051752563 
0.2034419201962812 0.6152282843335392 0.3148887385277848 0.17326551712251886 0.23919861842472467 0.1015222303003606 0.21861229919631897 0.310580372055588 0.6115504967755392 0.5322599700912293 0.4110589441279195 0.641175135497446 0.6798860171200096 0.4458324995416795 0.15288464104340385 0.7558063645910824 0.03743855290404316 0.2888645587611438 0.5056118178089883 0.3415851385871327 
0.31370375597293 0.6514384084176335 0.06697621110220922 0.4583143375701877 0.1275672786655224 0.3387774715796636 0.39017972976936344 0.05120673502808276 0.2738519307647891 0.6369280453931957 0.07048605975503576 0.6628326890989323 0.6360005401947489 0.29285625607793797 0.24855640392562703 0.608809232627674 0.3387011975640375 0.21089362033609726 0.45893998247644074 0.15800700748020038 
0.15590966557502936 0.3028890969354299 0.3950561968298765 0.31668283159235766 0.254190562393716 0.44180198328036746 0.1842544933878252 0.3761873541658922 0.5055989207419427 0.28697574707000184 0.392822525756148 0.31908456771180144 0.32771908503520164 0.16220142585043437 0.2191618509148523 0.40534939424395827 0.38930391840652484 0.14421697357701513 0.147826198964523 0.20481648308343248 
