20
0.18753553398187425 0.42669130714695147 0.3640456743936362 0.36335068495126643 0.45164037764709286 0.5803023495213405 0.4183740889059515 0.34889544460287203 0.26006195976127183 0.0401118439205026 0.6219046417204603 0.5450885557157114 0.2423568693108862 0.4256553851768973 0.031581861272840496 0.19867758421063478 0.5400116055026182 0.14263240069714286 0.4615697412953925 0.4002109011513359 
0.3264478763427212 0.07642230702932012 0.7066987539301977 0.7803581385456279 0.6311482385636394 0.5529237801349945 0.7084603320779558 0.31559939293776057 0.2788684296245899 0.459652770018809 0.603873715468077 0.1755001733329334 0.46212824203444675 0.6766552179815825 0.45312918699791965 0.3656485163786748 0.23036870610071494 0.5161822463066456 0.4808264797750943 0.629116953472346 
0.463976879739007 0.42857773068776367 0.29491301921756585 0.422197269061732 0.13275699266349703 0.1771732013078697 0.2517309917278206 0.1890775537119666 0.5052131956075375 0.3727110575441243 0.2127905481391628 0.4182769824820095 0.6131354317966211 0.20298625187025765 0.3936622548645935 0.2446617861830384 0.3662580576602703 0.2911984131228477 0.07253148965902956 0.15723845153942004 
0.19402264148097706 0.10925172754961615 0.6210047027627447 0.6786573786080901 0.5818189441332915 0.5565507569886153 0.6356552755130704 0.2815026881631289 0.1488063814679968 0.33907892044127114 0.6085372424928377 0.2649195765497058 0.33395767285725214 0.6118907166517491 0.32946791687302696 0.275317221768021 0.29944944357032405 0.41133231633305817 0.4625948744173472 0.566833270938631 
0.15376103221699977 0.3741620422520288 0.371723079986534 0.3896050721093306 0.43315930666396296 0.5426863799554431 0.4172687414828818 0.29989799501440756 0.22542969156208245 0.029623162051981424 0.5863056063172694 0.49128051875637224 0.24673865401828832 0.4176281685556063 0.022547045716633327 0.15173054199735556 0.4866655176763676 0.14054106942156638 0.42379059489235377 0.3870847674736425 
0.38752626286192987 0.1219357002958707 0.6317704893205813 0.7275283326190598 0.5167459776044648 0.401588123115207 0.6166903009602476 0.21515152850067723 0.3669170729929568 0.46266663053414736 0.45110293940770313 0.04910026187822312 0.5489136035031756 0.5766858233175965 0.4647807232998335 0.32577656685953293 0.07215400984261076 0.48215700646642684 0.34617203672479535 0.5283612336459944 
0.5023640618459684 0.4333337705603476 0.3466027847658288 0.47676387073890547 0.16177806340848924 0.11914452189609312 0.29583207763804703 0.20191150293300333 0.5378410301819208 0.42469640365081024 0.15834199610544814 0.40154768576371663 0.657073080707431 0.24380298844239862 0.44467678688636647 0.28740601669622756 0.3444836270590487 0.34830828645011697 0.027431334364588354 0.2021360870180217 
0.17150065912554524 0.4180188363142092 0.6458792482674685 0.6396518843248526 0.705924877262878 0.7752982069409389 0.6956487369948849 0.4960320291642181 0.1658529632868365 0.30072185509946125 0.824105370261676 0.572645747653461 0.05377236939722835 0.6961148956313113 0.27621040001836483 0.38695372516524174 0.599148190979282 0.41783557625907125 0.6609316371164025 0.663967729137985 
0.5423415155569323 0.610462972610412 0.09264200616600113 0.22727610551034752 0.12244377987998202 0.36271028273952943 0.02404654659309223 0.3801350617055164 0.6036460673250899 0.38456217122650166 0.3727907324239711 0.6328865387355385 0.6497880151480775 0.034672807254925615 0.4093033236524323 0.3437898922809203 0.5866194714521228 0.26783037599823656 0.29532895093188305 0.07066655964146723 
0.27961310920601673 0.4710570565406582 0.2558444642902165 0.26382136940985285 0.3611358279563944 0.5211297502434278 0.3126871787728738 0.33460355787288526 0.35110004318690513 0.09701692203308074 0.5573656382716382 0.5661419062426307 0.35043382472367723 0.32452667756739617 0.11857223114108142 0.1924611581971241 0.5486357236392049 0.05370515133322517 0.4057521963185896 0.3043634685194748 
0.12233306890082464 0.4057432623056848 0.5504766595499068 0.5438547179450085 0.6194130039883954 0.7069231767919513 0.6020481410392273 0.4363848978510489 0.1589468353897556 0.207047505632892 0.7539740089649166 0.553815022920911 0.05971184240210944 0.6047198458886404 0.18232374947191285 0.3113318144784215 0.570403058083614 0.32408199065226845 0.5899233418790466 0.5744877592488852 
0.0956011193620474 0.34756385508927407 0.5949180495769014 0.6026979591034496 0.6391601662173886 0.6991967435477161 0.6388983256382649 0.4188174058632459 0.09325357415895624 0.24891587336880952 0.7483890825602121 0.5005838493075699 0.0924446241066846 0.6352221229024293 0.22578762191243013 0.31492172358204623 0.5243387646448024 0.3637051454451586 0.5857300061339106 0.6005584337182324 
0.32577100628116884 0.23179832449799215 0.42694629388829725 0.5269724173477239 0.3243054655600395 0.28671941383773125 0.413012020478382 0.010176932463837765 0.34610682801600057 0.3157907456597266 0.33804586735200803 0.2480588858343194 0.49221973408742886 0.3754632024196881 0.3269992616896473 0.15739671968546748 0.21380380345256583 0.2987532586584678 0.1864576195433273 0.3272107633391521 
0.3072862070837552 0.09296654127421422 0.562559366657311 0.6509324480535567 0.46912470848098436 0.3952409506859012 0.5553235903654822 0.1543482221617186 0.2955300436656431 0.37564421482527116 0.44696144784590763 0.13609879725932245 0.4724624618655564 0.5197174657820062 0.37766662875023943 0.24236687049020758 0.1407924102250868 0.3993883095729958 0.31683272014464764 0.4716066615013157 
0.1665126615184464 0.4076070057218538 0.6484507911507439 0.6447058405790275 0.7047855741348946 0.770396222728955 0.6970397047364446 0.4901920019424112 0.15649978111067783 0.302583361883244 0.819456036020681 0.5624759167150244 0.06403570685561535 0.6965416443605068 0.27823966246514203 0.3839092077322437 0.5897475356997551 0.4195188059899743 0.6565696018830718 0.6637417210398074 
0.3156303960513148 0.17482197751504583 0.48414668905043207 0.5797580744469712 0.38357626244346943 0.3242826096774179 0.47253783841622954 0.06963137398408721 0.3234211022239166 0.3392709655993417 0.3762773509271205 0.1936437174884946 0.48434981121665893 0.43544496153146967 0.3466093931791489 0.188047691739754 0.16861586791078412 0.34034903353258794 0.2356705380579948 0.38720748463545357 
0.4712454604896175 0.3985072838049229 0.35425388504311445 0.48064349186447386 0.18399733708831412 0.1392704868285138 0.31025428972702257 0.16685272258344838 0.5048936892778448 0.4017769216530898 0.18395244287273135 0.37114520279528507 0.6280657213482813 0.2603489053867934 0.42081062612143794 0.2591141367731161 0.3157935302383954 0.33255954463331694 0.020365777865862057 0.2156916262486656 
0.18157442131966278 0.1755962801060033 0.46667698112317285 0.5348621581335598 0.4266339983123933 0.4336943193848487 0.47805140099449217 0.1493518481608969 0.19800466425201274 0.23080776132746422 0.48446614243958536 0.2820340513541664 0.35014779765678916 0.45397016053254247 0.2316741519942396 0.12129035027149736 0.2816967360641655 0.27112771169623984 0.3267766506606922 0.4091403046763425 
0.6017944817510509 0.5959854141218363 0.24634212077239412 0.3809163049711299 0.055790014148763466 0.23140760442358396 0.16983954138486781 0.356123239246553 0.6520355936153427 0.4747033623780574 0.2293527632542807 0.5797895842636398 0.7346695102627622 0.119397373195445 0.49865475481090304 0.3830528716808048 0.5238785115323521 0.36758445387807276 0.20709976779216138 0.1142285536536874 
0.19436814188781465 0.44728146700439386 0.38147249482858236 0.37062355834439853 0.4782968956198796 0.6104887463723709 0.43926897018193045 0.37837299722311085 0.26582507035122865 0.07044280005858791 0.6518781790693542 0.5697104778002745 0.22609730823327326 0.44911692168814127 0.05777635001287617 0.22848951361398376 0.566533476100042 0.16711655552060067 0.4917987046782932 0.4254492623136545 
