20
0.5492361412004676 0.6243866594548682 0.6212405830751662 0.11647035349310735 0.5368631847957878 0.51818243756353 0.6476473071069407 0.7402187152188461 0.427320498499017 0.5967276655178569 0.5280802382940859 0.6228301219322666 0.5803135608947919 0.08212747634025047 0.6244987585318782 0.6043513865363571 0.44100279258187247 0.5549832795496698 0.22976252245463563 0.13231308990696775 
0.4569604103713957 0.3707187969793948 0.5442193478843816 0.2019842066188811 0.2833221844927419 0.28671264080551984 0.40791787908073346 0.5134096113203859 0.40775946062237817 0.43705525902342807 0.3154801457649979 0.4065661638875861 0.34848652233174193 0.22402804701466028 0.38226708043450125 0.36570714041635316 0.26360746124713125 0.4785372510416068 0.09223170942787456 0.15075445771509774 
0.633269794609869 0.5249689271552253 0.7163007341119663 0.24335209698774488 0.4404557568261065 0.3785352895393144 0.5102727863492891 0.712189730988933 0.5475132876964024 0.6352457282410533 0.5188446746320562 0.6090410998511663 0.43683738885864676 0.10770813978943268 0.5735086225923313 0.5602841967491007 0.27164781812437977 0.6487477657837524 0.11873084211762262 0.21161068200662356 
0.11806713830783222 0.6278945674878721 0.1526078892747987 0.36657644728647454 0.5717640504877608 0.6658094572374826 0.7441728928734912 0.5196889248933242 0.052690169845729266 0.2634570122041893 0.36012366506250915 0.41188459699496777 0.7152293939060195 0.5300893596732655 0.5064440890293865 0.4785372028640782 0.6958727751373486 0.0984373943960943 0.5207062706797607 0.3822748291221746 
0.7029552178310194 0.3662200411824286 0.7915393376375954 0.4307744401471443 0.30252203674974915 0.18041773648721635 0.29767528405397214 0.6296960974503039 0.669939355902054 0.6483791023155563 0.4895682305047612 0.5582174953782888 0.22259851696433272 0.3464395137511054 0.4773805496245358 0.47596585148895826 0.03709570063965072 0.7286786272701582 0.20717747276838241 0.3823260664281443 
0.4660458677569166 0.10561630516866179 0.5467593927888438 0.47436464333706596 0.07243139452301592 0.21512128595073976 0.23423708197511012 0.26456134759288885 0.5182870935873087 0.35058258739578735 0.1804940340329111 0.21032572257381732 0.23395772852360683 0.5194283598526775 0.11213860150577278 0.11397561200892818 0.33502866034407947 0.5008088830856261 0.35836035850236164 0.42956309760894873 
0.45666484783946504 0.29078676474797593 0.5452692227197609 0.2765954794051578 0.2034531896480832 0.22237674112546424 0.33552411317607994 0.4496119723087412 0.43565679376047955 0.4095033568415307 0.26619266149776327 0.35101401080139233 0.28183526096771255 0.30031473345442855 0.31108647775014936 0.2972413249560501 0.23589038176235227 0.48291336481713387 0.14432683027638601 0.2266372825986564 
0.4818130459231257 0.34597942103415213 0.5697535479672798 0.23632148443864792 0.2583987853394603 0.2516249914141725 0.3747987259519389 0.5088111219613903 0.4402566772346827 0.45160062671816 0.31911857114718767 0.4070825651531626 0.3136878376892917 0.24081663281801938 0.3717811385166854 0.35745813731863113 0.22849527961157487 0.5049465080552086 0.08506615242140127 0.18476555322212956 
0.6400671839021636 0.17446704209755334 0.7261832391989201 0.502529883950074 0.13572405713291516 0.018995738245995496 0.11373592529438831 0.4634008338333914 0.6539286522079837 0.5464877055777042 0.3748159743184479 0.41817975808415137 0.04785277032802631 0.4783908265273235 0.31400146664286427 0.3210603636505611 0.16154633521488132 0.6718567493971712 0.3065986219845246 0.45101213648783955 
0.4430670809716244 0.46427920213353835 0.5256399378429125 0.10528959609038788 0.3775255338327179 0.38265653271844574 0.505298509029233 0.5763599805012148 0.36115266607137947 0.45703897512162894 0.36679497676023115 0.46135800662120136 0.4447827055804748 0.1616448697276595 0.45768140137283897 0.43780816354133933 0.3425291724071438 0.4580720279324525 0.1292338957785268 0.05367126659181655 
0.6529733883612259 0.3470180582425505 0.7415192247172839 0.38529243926875384 0.2754841560572357 0.1718736299513149 0.2995873479938708 0.5957805436787943 0.6190909487832715 0.6018341723759958 0.446058635429087 0.5183855935040491 0.22436835828179502 0.3133725836397242 0.44431610396546567 0.44061009720151395 0.05819784330329313 0.6783689696349166 0.1620198121605305 0.33589897644359656 
0.43579647654494796 0.5532778398639487 0.5103883619383012 0.01029991852858366 0.4676060471491262 0.47804310038976777 0.600234496086361 0.6364549760773236 0.32331707001883897 0.4817691920179523 0.42254505986149443 0.5167349545634788 0.5401655800789481 0.15881678498067345 0.5305989800178652 0.5083204073904771 0.4323124931518208 0.4434362106676504 0.21339871990511397 0.0417175099117719 
0.41817600763698326 0.17418884758030462 0.4892353292965662 0.5312422204420234 0.18477282057165414 0.3280321977330056 0.3227789758938538 0.14976339989628412 0.5043206701475673 0.27925696838316716 0.13784092551483404 0.1136879654264125 0.33900403984365224 0.6026988791678173 0.009800000601577681 0.019086573146049515 0.45017921626988777 0.4544964914103127 0.45325527471480637 0.4926144932426007 
0.3485791815954716 0.3837349089815436 0.4357028674072483 0.18971221703349378 0.3027765324979254 0.35205466210147696 0.45660881140635384 0.4565984929445222 0.30625045514707133 0.3394001220753652 0.24487906257297157 0.3396351121074739 0.4094986470430895 0.28435030093918096 0.3470907825497593 0.3247882219009415 0.3607864349317503 0.37002505615359826 0.19738719796617468 0.15256205024449254 
0.38961954460550585 0.31440002908982456 0.4386939111729445 0.6247535867256603 0.3375933458042274 0.4805871471712864 0.46267195879788764 0.027881750602388837 0.5160590318204856 0.23366254440920436 0.1981549484335514 0.1039270501642853 0.4878738333729819 0.721351178960623 0.15737710992225531 0.15581486750047574 0.6026444939194914 0.4245588389589409 0.5864718427567086 0.5941863190948428 
0.8031175787475746 0.34253012384619896 0.8908673189194433 0.5869338971233665 0.3157660704390025 0.1745151952697041 0.21670162264182943 0.6404835688804328 0.7958991593722307 0.721127234128979 0.5508025075231541 0.5980938721038566 0.16418491113306866 0.5114355409046623 0.4930125669618722 0.50096588566807 0.1449096427454931 0.8328225394692375 0.3646780885920255 0.53672802860029 
0.5045809084867962 0.3873405731178343 0.5915042704230244 0.21356407199062263 0.29996069897193445 0.27922612903588606 0.4066294106856471 0.5525469262238869 0.4493824911654969 0.4853372668674017 0.35972913325027983 0.4491538343302502 0.34168150122618185 0.19787033168451498 0.41633953993334555 0.40178942047554167 0.23271576898828508 0.5254697098836807 0.04414308550149371 0.16238819045988864 
0.48798735497256956 0.1042546307550228 0.5613120369200867 0.5560896529191918 0.13995548762839885 0.2769968394320862 0.2533729093261562 0.19953272354938095 0.5642684600566865 0.35265064237631377 0.2012962980057802 0.1877659483450757 0.27808211375883984 0.6082463894654913 0.06497596231671501 0.08821583952670238 0.40982381004452945 0.524110905309509 0.44789852302046085 0.5131917272056828 
0.544075640706488 0.10011471748258577 0.628240462413164 0.4738788180335593 0.026802182975928634 0.11660953539549421 0.15759678463280452 0.3584289216873138 0.575108131930265 0.44119193479813706 0.2691736112497059 0.30877688862116504 0.13894942248608094 0.48665281388748477 0.20702245902771704 0.21225474712943615 0.24466933755031073 0.5773147124755054 0.31549752906315015 0.4245506054163755 
0.5641005254440071 0.36479529576392805 0.6519833094530609 0.28067821304520785 0.28054222064726064 0.22837740912997906 0.359733158933266 0.5671059178440279 0.5179252703816682 0.5307600201100067 0.3901452451024639 0.4734880408593658 0.28980105724648997 0.2323164566597254 0.42239403454592334 0.41215578634097066 0.16240088705359057 0.5870068156684601 0.06205892831773697 0.23050928690744554 
