20
0.45212548540003766 0.39714127533374666 0.5774902439382149 0.5248882110426394 0.2942858914457725 0.45377027508493933 0.2525294296897973 0.4523427362864343 0.33554686533564043 0.5743353297994137 0.5753444682621478 0.44160866522430947 0.34177218609597976 0.6179016720296405 0.7127262818201296 0.38131699432951954 0.3508563240325533 0.40213075195643566 0.333169600796471 0.4734064969731451 
0.2708366953257078 0.395678299345093 0.41207523544571895 0.5435872388231103 0.14486151667807176 0.23813949346747976 0.08897113219661786 0.5008417631855813 0.40742881565186656 0.34695526790641695 0.4553388794214463 0.3112861881090259 0.1792203807969978 0.4918476403133089 0.5175702145022703 0.15776254514290114 0.12174353813494036 0.174182973044262 0.37242161733384704 0.2578041634957621 
0.5664115140325476 0.5572400059496532 0.7022566478954865 0.6855603635517786 0.4157234747579876 0.4715494986438382 0.36308743747980715 0.6117408393305692 0.4943978336294027 0.607637563741439 0.7178339413452304 0.5778106422533856 0.4613236604213326 0.7590959051368086 0.8203064151948004 0.4194218679812041 0.40580937956674173 0.47150583733214646 0.4939723987579393 0.561623896129266 
0.2136826233621899 0.26166963457089004 0.13043112617161468 0.31910362035449213 0.30451222283022716 0.53981203150523 0.36200897830807655 0.36226626478048196 0.3867182455072181 0.5258935098503791 0.010130238828552294 0.136092985640261 0.26875024491942434 0.05360067226922427 0.2815169292472715 0.4796991964769444 0.44034181873875994 0.3897560378275003 0.33435935988845167 0.3136454267986111 
0.1760416839814436 0.1853803809387443 0.17103779323782778 0.28212769560757894 0.21879374711367025 0.4894445983523647 0.27558714612657736 0.3025410625682251 0.3033899965151219 0.50047355418441 0.10949107707638728 0.06691265419897349 0.1912688439633582 0.15284477218381512 0.33783580386150186 0.42013322650305135 0.37640868651112175 0.33743944085587635 0.24830767578599658 0.2833051486027523 
0.1816047454859354 0.41552366188323187 0.059849047646294486 0.4945248142278739 0.3353322808752784 0.45894075156264824 0.3849036611509942 0.5291427704346939 0.532024772840978 0.4040765315923122 0.1731084897525344 0.2066207794226624 0.28818291365632315 0.16181378472359823 0.10783401900316103 0.4224148486294728 0.39673861664542504 0.32947142086383213 0.4761657807066091 0.22834927340503497 
0.20454917533347386 0.47140731449505363 0.11592095134132496 0.555338259354756 0.3625311184819569 0.43988107318609776 0.40708504521079986 0.5875067815515663 0.5847688391330025 0.3684782162161889 0.23499504526326756 0.2543700822463659 0.31511033562274127 0.22250825878244312 0.05699291431333649 0.41422297367808975 0.3949904974830488 0.3246382903564543 0.5285583752278631 0.2211216463819973 
0.27988032135302593 0.11766675249201423 0.2641028943523166 0.17812094996850084 0.2883411146475654 0.5827688989200127 0.34006304118939185 0.21128160647140654 0.24401101543101206 0.6032314960345874 0.15963824050903974 0.1690718924083437 0.27371078869216525 0.19652116117380874 0.4270756805118267 0.5087676025939016 0.46275368114861803 0.4321607859247824 0.19689495409306187 0.3867016942660519 
0.24675748533959838 0.532337200426729 0.17893347585963648 0.619119320908864 0.40290944504694237 0.4340170339115161 0.4424487297428411 0.6498973268433064 0.6432815382544045 0.3446515918813072 0.29891597609233445 0.3114171039873747 0.3562842431374785 0.2849929643671156 0.04690479736532303 0.42061370714264285 0.4084022035344508 0.337041108706858 0.5869503624926953 0.2364788168427842 
0.5364213093270791 0.5432568416758167 0.6735602196460277 0.6753822326873301 0.38791922059425027 0.43631891727306454 0.3340670052778641 0.6042823836887162 0.48767703974201576 0.5723098277259907 0.6933601647339626 0.5520695528701438 0.43279469796674874 0.7341202304513592 0.7886817621674488 0.38419925483693856 0.37115326644774677 0.43736874397097875 0.48331574003176436 0.528573201013982 
0.4317541305577235 0.10267049344362457 0.45246896307573153 0.0978011864991838 0.3689154877711111 0.6820469385266363 0.40082036613576355 0.025129483007831858 0.10096144125008999 0.7350727293678477 0.35481013893221913 0.32885409348626443 0.3793623594809602 0.39066111087912625 0.6183376597369921 0.5997464870711837 0.5516750644933606 0.5442826615989739 0.10626749126245695 0.5298805628855371 
0.047049108342493824 0.2906039734939367 0.17187981064296368 0.4193695626925726 0.11652712253453727 0.33360749165342934 0.1676207205743398 0.4167587724501838 0.3761063292439968 0.3503277051223791 0.22146614543781679 0.08957188704086434 0.06947360735359687 0.25356013628391444 0.3047902889991798 0.2669868739452893 0.22584843469967897 0.1815178535220353 0.32135054062919005 0.13742567628318075 
0.17659594642317575 0.3042518155761662 0.3116698250802152 0.45098024116939217 0.033705463494396536 0.28763661560287973 0.027828885708768878 0.4200665783466456 0.3431101936403601 0.35944891080992913 0.34460298595937205 0.20031136044688347 0.0713103665774486 0.3820489104440768 0.43559543208246526 0.20483388854904314 0.15680142606285866 0.16272001755273569 0.2983213591361174 0.20219331295202772 
0.2987917923344327 0.5483612376470242 0.19453036394725248 0.6176786398350921 0.456736944910342 0.5139884393336555 0.5013048740711348 0.6587352857474308 0.6663375096427001 0.42483958603922856 0.2920476301415087 0.34083788070355164 0.4092903361411058 0.2672725263363072 0.04054439354457357 0.4973640661086904 0.4821922528566592 0.41103720567762314 0.610612590372003 0.30839953185275043 
0.12418785337694518 0.2852094789886335 0.07182069627267715 0.37636891158054153 0.2390939240498088 0.44973167553651644 0.2950959986354956 0.40225810935396783 0.40041320429080896 0.43543416625459486 0.09479913343126066 0.0811319335617434 0.19690323445192953 0.12072162934496816 0.23853688790036678 0.3922378630402893 0.3549084567995954 0.3008612737290604 0.34454293361031196 0.22242981364506037 
0.30755024937068615 0.5915190127615 0.4196563992416782 0.7322132468391515 0.32051470608440946 0.05200087032848224 0.3021840687578766 0.713350408671475 0.6419148456956314 0.08939056496195995 0.5233175195851716 0.4109913471896627 0.31108049457704745 0.5430601021727738 0.4328368639867423 0.11016146105459206 0.14967440414838498 0.14523924420957257 0.5959968863067784 0.2072397863682432 
0.12870916923273718 0.44286651968423724 0.13243147325211352 0.5496201369846044 0.2806004385658194 0.3398930285202294 0.3183292943295203 0.5663417203469089 0.5434541388256076 0.2834454073051466 0.25792116196678977 0.215816064409428 0.23482969290806796 0.26285743242131204 0.15056560162679986 0.3111035455602097 0.29223017685172376 0.22160370248322703 0.4874256827359796 0.11817088274565449 
0.3553421176654566 0.45973582269054386 0.4970579233056789 0.6062407051371044 0.22775311317566121 0.25383765307995093 0.1704350419426589 0.5549790705573673 0.4521278955433724 0.38219940922658746 0.5399202387791587 0.39566259303247836 0.26437927316218074 0.5769061233153508 0.5972092871746622 0.18942229645552325 0.17207339256378934 0.23846921543023894 0.4251020273933029 0.33261900699707214 
0.3368552687910925 0.47406803699522415 0.4792523705593543 0.6217138829045161 0.22455328866557353 0.210676075733518 0.16963501482524568 0.5753867301221488 0.4768913216955166 0.3396868847675356 0.531694908861055 0.38844964669464727 0.2553037396405229 0.5668322683230265 0.5699886961825763 0.14778640187924666 0.13536925779011838 0.20468669484128516 0.44592985239692506 0.3030042259431731 
0.1294172647020702 0.30745343231209216 0.26686089026131027 0.4505334003591084 0.042197999619619925 0.2816897041735142 0.07476318900330123 0.42883248184086276 0.3628584068063348 0.33557829771743064 0.30982884571151936 0.1672951066770681 0.034574978621713735 0.3450980231828374 0.3878497008198501 0.20333270724826355 0.1563447775546691 0.1408384945454593 0.31387115007865213 0.1599093649548241 
