20
0.25958473152027 0.3423364417545423 0.48634471833343496 0.21246945467917988 0.6482628052781529 0.7097077539976961 0.09003446214849241 0.34437065315895155 0.5354668871303582 0.6741628732826779 0.48481460112782726 0.49301608754553944 0.18091613062161183 0.5880912126862483 0.20858192590944089 0.5823453047982445 0.39507239258788707 0.13750968325527443 0.624555940758301 0.45834202796814877 
0.1876215117824245 0.21905993304113097 0.46436874565137226 0.3765058658876958 0.4886954077821497 0.4580767042940282 0.21379912541682886 0.3605890207265292 0.43044801268983346 0.40284178174492175 0.18433564309428416 0.29301062882713336 0.2543588606540246 0.39498099056289854 0.10295093523810493 0.3677560012204167 0.4428696545153811 0.16535248423926643 0.3416274590994686 0.3516208799813176 
0.3089186327795517 0.4443192212783227 0.4788665489432818 0.17511955997409187 0.6760467675071116 0.7677598833358039 0.18830575693828894 0.3416338799610207 0.5519255991601978 0.7410542715286818 0.5703250498405594 0.5954852982265313 0.2082845272105997 0.629869504822073 0.3055479917810301 0.6314526992658678 0.37219389204545056 0.23242839138987328 0.6976338439832231 0.4820769729065186 
0.11973816984176322 0.3182912031983842 0.3706046273477379 0.3358122486341507 0.3930575477388442 0.3923220806539056 0.24623432236463438 0.2801649297600202 0.3307818695332927 0.3510409822891578 0.1879152603822916 0.38572945882011017 0.21585863493348242 0.3042216343848641 0.1690115415018091 0.2828777040296263 0.362762724602083 0.20184048212449424 0.30196311408256743 0.25235529713103455 
0.46653782079666756 0.6852086956722296 0.4425785815306753 0.6490646818676383 0.19498820311887569 0.05929184243761417 0.655806119521121 0.49155323248459437 0.30812394133005067 0.14229223057840434 0.36339091144018604 0.675380104214854 0.5663871507403735 0.15630835343507501 0.5801875446421126 0.1427972177053859 0.5363657704333339 0.61419222671691 0.2086924151291355 0.32748219916579907 
0.2811628013074388 0.6531303750366905 0.1221868202225903 0.2107907520679976 0.3845856986946928 0.5739691918851353 0.42141459355082417 0.10852027538546732 0.24896562681988568 0.5912400358106372 0.5569719420650233 0.7599543528073546 0.2570978056932072 0.39697390436821406 0.4626317502142643 0.4269652741589077 0.02578762123074939 0.42122402681804233 0.5861416254500872 0.23004754210261394 
0.2772904159339485 0.5371792592660767 0.3540643821311442 0.0613837839030576 0.5825584471144444 0.7147870860987515 0.2690565318716574 0.23164732635840182 0.4493651681134969 0.7041709631562426 0.5787312856882504 0.6764007027662177 0.17561737108260142 0.5567624823958884 0.36438248623399067 0.5690915956957591 0.2385278798205882 0.2963570931815512 0.6738935542985529 0.3923089187310771 
0.36488679334727564 0.2253975073362385 0.6147157141793106 0.5631688088128852 0.5664811666195548 0.4501934643927863 0.3806229712093312 0.531511015899665 0.5493398664216649 0.37269220247885276 0.13652896958072838 0.17784091020787068 0.44081652120534565 0.4608694713631506 0.2622524999132561 0.4192124669623553 0.6141509091625831 0.3352169658615029 0.2995789657927675 0.4817163679144115 
0.3651811271473324 0.7394556590477114 0.13974717628090003 0.28649689936873857 0.3993975567964579 0.6113351027919136 0.5070063128116056 0.1915527647004117 0.27338547287034876 0.638810027826824 0.6294335262113245 0.8441452723876965 0.34336239982051275 0.43311790049162474 0.5490171861871919 0.4694354623083962 0.11114039213363501 0.50774689438574 0.641991591821383 0.279429242211846 
0.2840878630656261 0.5114578666740147 0.3917519769849257 0.08748676530237166 0.6118135761595247 0.7325782059133503 0.2429744827320254 0.2635425344080296 0.4807612630244923 0.7171759859081224 0.5776758837802081 0.6547968953534636 0.1782626441393518 0.5798378643798949 0.34638383393471045 0.5890145067218427 0.2783905778598574 0.27549381484498375 0.6828814121311974 0.4194004456488699 
0.2279882424011851 0.6077892621802812 0.062499574961790226 0.2696290922910771 0.26664270249259103 0.4473407517805893 0.4154109774369282 0.09463849835756558 0.12990805252422724 0.4664656491544705 0.45639665987236827 0.6940780456326329 0.2554316460327727 0.2704555851418143 0.42306460355992515 0.3006213578345458 0.1111445164007049 0.4006687172325269 0.46559945083056736 0.10454358200935869 
0.32372780487671954 0.45196792032896904 0.45347599749551537 0.5399708508861965 0.3227415927866915 0.1942137185360364 0.46920509570013813 0.4291210725123331 0.3479421855699094 0.130785319666508 0.12662630900673927 0.4399281143848799 0.4297041280732013 0.21718937528081078 0.3728088868155673 0.16996077259726666 0.500969169937073 0.42246953916029 0.07581336005170047 0.30742565900214236 
0.25525827266028234 0.46780803838068774 0.3584075068010106 0.46284922365645326 0.2533866747258791 0.2086599951512621 0.42935473821031656 0.33894457815563833 0.25661110711277824 0.18080318821696134 0.1810830492897748 0.4861214072653309 0.3610210117195525 0.14817713135251342 0.350670274490555 0.11053402726473599 0.40813161116901203 0.3862388593340607 0.15715184628498177 0.21233134397316866 
0.47044401748287795 0.6060827370507554 0.5275623186575721 0.6775435864437157 0.31549815090797034 0.08218832997216434 0.6312857889941806 0.542354822008918 0.39950011804654434 0.035237641798075106 0.27484715978728297 0.5702839499759339 0.5765000422855456 0.23777855082716268 0.5368905917125119 0.1973732152310513 0.6022972791311532 0.5851822970003137 0.09939034917756148 0.39159247283914295 
0.06026087402064497 0.3343016585441054 0.33732293804210045 0.2728947183154162 0.4029266017155773 0.4356397679227537 0.20583993593053404 0.23087930297229126 0.3203472302692452 0.4023272200733947 0.2508221166255634 0.42288992529329955 0.15296561149868104 0.32550421785380823 0.15859262258450005 0.31270159029162475 0.3133969788650747 0.16765739053721854 0.35845172056728625 0.2382819536344702 
0.2738303438493915 0.45779140452179073 0.3895110581972978 0.4856080794745339 0.27630811788117277 0.20186937778091904 0.43789595548889304 0.3671493542890987 0.2869483746033125 0.16229473192975222 0.1570727973768737 0.467032656817327 0.38017191423649893 0.16994136312009644 0.3524850727119955 0.12748284002597174 0.4376636775042365 0.3932683157167238 0.12980547231718326 0.2434255583047353 
0.2789801203448412 0.33798951339491823 0.5077651128697617 0.23163546756597225 0.6686472538474246 0.7266881152986594 0.09847199629355743 0.3657942659562162 0.5565472189781359 0.6896121055624352 0.49576556722213166 0.4905508590583371 0.20221453015006996 0.6073474141370646 0.21547175654978443 0.6007734577606937 0.41598393956049134 0.1469379703915791 0.6387471599929333 0.4791624103111261 
0.28351564373919735 0.6610093922655167 0.03170433740864116 0.3227057914438322 0.23540604479583807 0.4400556896725166 0.47432480645716135 0.15115354607464238 0.10293946971331079 0.46969126181954096 0.4890256474374863 0.7412524609751745 0.31456190553205204 0.26189105340780744 0.47849612875546943 0.2992886762694288 0.14382062741720805 0.4586867133729919 0.4779508701189523 0.11995370515709557 
0.1700686559848751 0.5461816961824026 0.1468166081880312 0.17213692323979 0.3546702668152091 0.5062753434152215 0.3295170157945406 0.004852860183270144 0.22142891486440036 0.5107181530541453 0.4503783833017538 0.6490654301617462 0.16470003484008605 0.3375214808428627 0.3563776793972535 0.3575298583241651 0.08577901910337553 0.32187110512680656 0.49606578905082027 0.16772211735917042 
0.09507577023801944 0.3891883540627231 0.3170859372162292 0.13922776142626034 0.4697900157567592 0.5531374492475464 0.15639137813235343 0.17792224129018142 0.35578934952256264 0.5303502840804261 0.387764991702317 0.5107212825595115 0.016652817439303403 0.41598999905034595 0.2000723143544412 0.4161747255638358 0.24594874590904547 0.15201128133914674 0.4924423704834212 0.2786851103757045 
