20
0.1789553244832986 0.40125397736363294 0.24333842961301672 0.4165716762777921 0.35229456206440274 0.09998971736719212 0.3144946745949496 0.2908091471646555 0.3702277564246289 0.1913009634907228 0.2643097149080402 0.33629941391456447 0.2867231697799447 0.31420509418822473 0.27344880658747084 0.4060351924360387 0.255935000000673 0.2799193853327063 0.19946402718897818 0.42189353164959925 
0.3025367377564778 0.22546536558524885 0.45081887436596885 0.42533904524557054 0.5637878138918275 0.46305249247781666 0.22273366724341923 0.35060636871694617 0.6024805020058103 0.4132711402986414 0.5759934404814994 0.48503658116329973 0.41200326660326214 0.6288199059144192 0.6276645065316523 0.24149109979281946 0.139447699828528 0.4629847589303721 0.5317135817035283 0.6205640157219096 
0.18813491498290158 0.3581851990154375 0.21500357051807456 0.3338322675192791 0.42894371921131513 0.21075040257616834 0.2035693406633173 0.30690917304735615 0.4541893386131101 0.1624370358339348 0.30037038028748253 0.3910521652682474 0.22611542037527357 0.4189831828512812 0.38539611104428256 0.2949179609035985 0.17796041493210055 0.24412527485074823 0.30542902256672344 0.4982246996948375 
0.34074573770175076 0.41153627010930627 0.24263767537721004 0.20218849655452842 0.6063151153408761 0.39948796668275477 0.01686338556674596 0.4443704772587595 0.6354685748667386 0.22177612458296525 0.3893660518189667 0.5544808824383708 0.18711465136950856 0.6087435095197462 0.5733478176822957 0.10650128789400738 0.22353118462795016 0.24489024773789428 0.49530730766772935 0.6739366891560389 
0.39005973542835254 0.6236902228750998 0.2951011942580262 0.5155328542757813 0.43620703310166326 0.19559626544111156 0.49587151931666074 0.4797904799793803 0.43079764446015845 0.2759979259394545 0.17912440580556224 0.46833869723616367 0.3730472042461195 0.30642238172801695 0.2164087928751673 0.5822242641205401 0.48597453453502665 0.3267509541683338 0.23619141617802955 0.49405948247759646 
0.5656730292661046 0.7983143868062347 0.38359647803204244 0.5925522149559942 0.5912623947315548 0.3712478950680756 0.6252929632663184 0.6551846394042967 0.5784193693072954 0.3879341728160737 0.229277112373018 0.634879055204592 0.46262478940534824 0.4411633350014917 0.3484435916224263 0.7035463225827208 0.6519050761872957 0.4032606438577127 0.3982048549313958 0.6417819562567627 
0.1837314162168604 0.15648136784927832 0.5768803904166078 0.674020127184231 0.26430596211992163 0.3583608068569886 0.4846775385616611 0.07419783794243758 0.3070112971158891 0.522869639736596 0.624907284176821 0.17062729953076639 0.5879918743769326 0.39700006788222236 0.44542867819697873 0.5504487373718179 0.2616864718687116 0.6078049073896962 0.3538044718625826 0.3003524275036155 
0.5496155490314947 0.6565945232444333 0.22480460869554303 0.04641377828654188 0.7881459883498594 0.5309447634908664 0.25082007740926343 0.6647613730443683 0.8089500767192375 0.2596744085503686 0.35832267104678145 0.7555937088302851 0.15543629460643543 0.7453709030326664 0.6840230112474952 0.24884287630477853 0.46452644498019613 0.19152853305537249 0.6325509226434263 0.8579254085415782 
0.25780462606168725 0.49225001695486365 0.35119700702334766 0.5535075613394456 0.27975472206528373 0.06360365642053951 0.47078984934050977 0.32900099797574756 0.28013394643115774 0.309706778876208 0.29770068647767156 0.307395954804069 0.4139298034162881 0.1791243374344052 0.1185237209119684 0.5622786010789551 0.38973954778464515 0.38855656541727146 0.07978176890246186 0.3418338528260438 
0.38277442247026067 0.613008354302007 0.4391589739443543 0.6544444312314776 0.32086811738529675 0.19587396589278316 0.5946468048659309 0.43579581913747045 0.3031030895178572 0.4077429152474051 0.3422796241084136 0.37945494592945345 0.5113625178422282 0.16336445834013547 0.07241297984357935 0.6855692186923753 0.5216255998535797 0.47426476280235375 0.1531654216798073 0.36581432734374975 
0.1611381998653264 0.18853007899121269 0.5568809059059892 0.6660330021695092 0.22721971464634944 0.3233723134779685 0.4828805705819901 0.042230044846206204 0.26991338171126944 0.5025817977207678 0.5967113472317664 0.13439820695839003 0.5730282169834932 0.356584244427932 0.40520901062649567 0.5534392401362371 0.26467551538186396 0.5890612050487704 0.31430829010384526 0.267769760619853 
0.15627827802297867 0.17196189073884274 0.3991082524368834 0.4480373733502824 0.42072940184019164 0.3283977085387449 0.24982034219315827 0.21709564187411712 0.4583681457769305 0.3506825757890218 0.4948437936277089 0.3467506256182465 0.38627562798663934 0.4831017266596038 0.48618296221310575 0.3124677953474691 0.02511140220354639 0.4219216182769553 0.3887753769330657 0.48019064176735565 
0.36045088891440485 0.5953574156532956 0.370574103147383 0.5872198385618291 0.3518003415359009 0.16156527967507442 0.5372270456949376 0.4308954879061304 0.34144160447252736 0.341027296341264 0.2736391739183822 0.3962015766522734 0.4439131224581046 0.21074985966373336 0.11897127758912605 0.6272880603206935 0.48456046968375316 0.40531124690490056 0.15930878986849253 0.40501634400849523 
0.3512949348258761 0.4882063931439185 0.11104063264603228 0.1746788182904069 0.5873243829075493 0.3381808782265677 0.14747616410679976 0.4687145187472802 0.6092123941676503 0.09742263900208789 0.2603567364048798 0.5545692753532917 0.07005230410512103 0.554205792364315 0.5018342505576308 0.21923828678405557 0.2927532637301349 0.11665422755820717 0.43981794424900367 0.6570570428287245 
0.24794968490266786 0.40648605623169937 0.5591943115578892 0.7281388861601529 0.03528197111406603 0.24403895401433995 0.586879864294516 0.2113221403741117 0.05997737156848404 0.5085695359459418 0.5383710653977697 0.09684265300306132 0.6039644947417924 0.14712698049320413 0.2222559258866853 0.6728178122298244 0.41251117055515163 0.5963923422416894 0.16721952350169925 0.10412634736588589 
0.1847250297135976 0.3583326235305803 0.5064985158916777 0.6684498463107987 0.09323773555107906 0.2012930453107978 0.5236251139710583 0.16315025139822054 0.12361617664112066 0.4546301832318931 0.4983536147975669 0.0900451006693872 0.5472852067049876 0.17323488175615132 0.22661072820795708 0.6092524022106004 0.3500091952865685 0.5432397833367559 0.14735704729215257 0.16239311161192652 
0.3456436429889166 0.573850447223635 0.22643084856872808 0.44555791299047437 0.4387299468731948 0.1695918370732125 0.42151192831723167 0.44648736534448963 0.4405925441383318 0.20285129606621174 0.13798454468763174 0.45586957463746763 0.3023551793404119 0.33180861452054955 0.25064417984056137 0.5076116905407816 0.4237446283984764 0.26021308743036886 0.24017757384380425 0.5020548448691299 
0.3174667706037514 0.5513942870194426 0.27968220465526666 0.49487833794492103 0.38013360859637324 0.1241426379984807 0.44864663717744335 0.40814420497575776 0.379875769860689 0.248423541493267 0.20085972843000077 0.40376223715753123 0.3516879281729851 0.26872817144111155 0.18841231281409437 0.537807309827221 0.4183140440149113 0.3152230945773988 0.1799678903645653 0.4419581457064057 
0.46133711654017306 0.6854172129724759 0.23950797207527702 0.4531203567876853 0.5482060716546 0.2868905110455298 0.48082754079679396 0.5644156941734008 0.5457785212025954 0.24292894586777225 0.08821524391917047 0.5716285720374805 0.3192124446214149 0.42467954011464115 0.33502396313970434 0.5583608038446699 0.52423316223929 0.26168650483782724 0.34752875991837284 0.6085660741658699 
0.05956711646481731 0.29390332418384796 0.3526335755337118 0.4926927892257858 0.2731444829470014 0.14301794834198053 0.34409807402120807 0.16799975212008975 0.30195250091453707 0.29840978881808783 0.3873200304977141 0.2325384164838692 0.3801314262537584 0.2956368261957171 0.29278013752545134 0.4309985410759321 0.19666041328406855 0.3868737725712827 0.19571590854790408 0.3415706043113571 
