20
0.4915450034499502 0.14399764847652707 0.47982495075168374 0.17066351057724594 0.38391836541832486 0.16958674974488877 0.049801443974349845 0.41593797753705947 0.5156563177074456 0.48127033184874923 0.419384004378487 0.23352328499440173 0.4276503662144546 0.1932203129353002 0.09233617491880346 0.33606439500776497 0.6377072824520116 0.1774018410674499 0.1731346636821139 0.39839404417803903 
0.2667099035325086 0.29201342328489543 0.15498887594608848 0.361764019950138 0.1091258776546981 0.4469453117179561 0.3506987258989524 0.25981512176299093 0.21778473845758484 0.2869968204370372 0.2319363876711316 0.5718433312332327 0.40280422306876684 0.17885873200326513 0.3340402206283498 0.38313114395610587 0.31039711449268464 0.43345358777963333 0.5102520467759496 0.2674526767169354 
0.22160452148588852 0.4279315922752483 0.11545194558669764 0.4966769326672823 0.17536523888281755 0.5641645120696785 0.48675509092662644 0.33126360248565645 0.11940691000997887 0.3307247989533132 0.2957717981821122 0.70292828606631 0.4964181612224729 0.31489913896310656 0.4562029965192745 0.4466349645567608 0.17467297418879038 0.5471223181809413 0.6408297850154003 0.3481913303733818 
0.30869238247776826 0.22519204318911024 0.2092489474300929 0.29576251103399276 0.1301868700174099 0.3921210592285494 0.2829512167014651 0.24780224728139602 0.27851184838838455 0.2898310642724191 0.22776901338413078 0.5070341311762522 0.368177232389277 0.1124849155776738 0.2772102988034355 0.3649560127122714 0.37820566631034813 0.38125332847280646 0.4459221179491491 0.24839240291375295 
0.6489821690358096 0.337766003107696 0.6914601934000207 0.32698995227982075 0.5975941013529916 0.14218468837455062 0.22806736981624898 0.6219719117449843 0.6985500080131891 0.6890396899079574 0.6290116155332548 0.05322433829507039 0.6025717708278434 0.40692558506142334 0.22041450014801398 0.4030155538233653 0.8300256979178813 0.1702721826665206 0.049422505800126554 0.6019609249331849 
0.22951054099112078 0.5665279206660805 0.5369519141498119 0.6290544240919932 0.5306439882698404 0.4299002612254291 0.532614421579941 0.6764590647022769 0.3493408404554864 0.7087491688498054 0.6519484677644387 0.6222883229012467 0.7934315732833058 0.49604594925580753 0.40121199726683643 0.1686419964674257 0.47530243620927 0.4016291719045524 0.5708573586490783 0.6790642677409772 
0.07397607726804871 0.5607358173948441 0.32623908930943196 0.6324964553275725 0.3746541941911034 0.5856172421451078 0.583969392355743 0.535150947281916 0.09258570486269745 0.5410036748534442 0.5013189992463465 0.7594395958272023 0.6919835781381 0.4537246409911507 0.5022426291791768 0.38063513465221205 0.18671534274909232 0.5614769229386106 0.6984191927933555 0.54882014575886 
0.633949902632329 0.15522643442991804 0.5567706057632927 0.1060227979422965 0.45058058516753857 0.28251114970167573 0.11170425154038344 0.424309560651066 0.6412044630658681 0.4927526193299125 0.4407822525142047 0.2214815132324698 0.37147165252070363 0.26425305149874867 0.2453395921279637 0.4908981154090621 0.7504249294473164 0.3015276407566422 0.19000740113972792 0.4001456589538927 
0.32905132234943923 0.2321618393439637 0.1807785672152987 0.2999903461442948 0.09249249328180614 0.42616525596010596 0.302821966024259 0.21156442260149877 0.2846338465805962 0.25107212819932667 0.18972706614451773 0.5324106000895082 0.3413665373276514 0.12024711624051387 0.31075466549607816 0.4039724796421361 0.37153377660646153 0.4165214555631735 0.47216070697790696 0.21425328294732127 
0.4816609796697875 0.24458210907936434 0.21852383161068323 0.28570742063605065 0.1271802611340861 0.527449704391957 0.35061764774279475 0.05195221374841314 0.41437794878423223 0.1118742166213619 0.051088124525650945 0.5854815243220498 0.19409859217256836 0.1848261812487024 0.4158663638500422 0.5575322050290697 0.4626182133878348 0.5251252901109095 0.5323129920719645 0.05155634274055018 
0.6953470571250573 0.3301644445448577 0.7075770989532543 0.3047916116735612 0.6086457265711895 0.20380998007083273 0.22798954554590278 0.614721430687629 0.7358671404347072 0.6828940462833449 0.6257705595537608 0.020701549224204602 0.5762421265327933 0.4149155948650445 0.2606537859389609 0.464854913311745 0.8630176000148219 0.23206404382051235 0.06483058665890869 0.5927036228832476 
0.21903007645715067 0.5254534426503644 0.5103622346171769 0.587799686480305 0.49811986607394926 0.39377839731740927 0.4915252687336772 0.6410974229002214 0.3351765512184834 0.6754148095823517 0.6175458686108768 0.5859164496347117 0.7548316904735937 0.456329950133335 0.3609485575744053 0.13428187019496363 0.4667626635597384 0.36560684106491936 0.533386387047467 0.642849943261269 
0.32289848879930605 0.5052972803474276 0.10804557070735309 0.5687323774948049 0.21499307461787906 0.6781638307144525 0.5797003013246935 0.33546163360926246 0.2036595735164051 0.30981349120993534 0.29871534437571645 0.8055554821362451 0.5077845141110335 0.39647310862110857 0.5670714504933261 0.568845043458239 0.15824101933373874 0.6627289775519262 0.74421231771357 0.35887167596319247 
0.6903888490140241 0.34465400979642136 0.7150255805839819 0.32345331140188044 0.6177635822681559 0.18999928381796322 0.23935246020477077 0.6298126984925143 0.7350171142490605 0.6977311248488649 0.6396393508956614 0.00534020844116561 0.5966080171569147 0.4246643035459053 0.257416537063334 0.45136445308188466 0.8640846767743015 0.21826459243963386 0.06310417737705405 0.608369473672973 
0.47800545594250327 0.3508427970461658 0.1595376916143791 0.39467712620633527 0.1260236825537878 0.6177033138458324 0.4535973997282559 0.09252154705745746 0.3881599522108909 0.06220922269432574 0.061501544794041824 0.689857651664795 0.26084791801143514 0.2759069241690907 0.5032778929936262 0.6115710411577867 0.4033951534508805 0.6122529811300188 0.6349384935511871 0.11945143072414974 
0.3806558092023046 0.14741370307969534 0.36167484334497624 0.2125405591431845 0.2732904629615793 0.2453434275372178 0.14705274700621543 0.3407221297931877 0.393333559839955 0.39929249686699597 0.33472208202256853 0.3561593377189326 0.4008810794712251 0.10637318387055947 0.1300777879857514 0.2984090066260156 0.5129552552021046 0.23873818214823228 0.29446983461007603 0.3296237969939804 
0.4482880536483283 0.2856128265068924 0.5378265075903815 0.319476246582156 0.4598870537059248 0.06765614269451603 0.19736662054677045 0.5306336558569221 0.5064013370845266 0.5907080807270388 0.5262699382761629 0.24859480759228555 0.5682250019055193 0.2954995771262559 0.06601910259434303 0.21356893988363232 0.6424972307797695 0.04973575726480341 0.19302546983780033 0.5176136441372321 
0.26937891063621583 0.2991927059668567 0.3874939012870804 0.3622813180941392 0.3334714706442845 0.2507586223363063 0.27412011033654615 0.4487944982254486 0.323611482621955 0.49578621779205645 0.4326118770175698 0.42177067616450636 0.5399096149083122 0.2374965742335073 0.16595549658940395 0.1604698503783643 0.4610946450159308 0.22900130349201187 0.36127010301076634 0.44470174315376765 
0.316335689832345 0.24635760068399373 0.3881070503798771 0.3077866760732561 0.32031484088872125 0.22145627977438145 0.2188836309244215 0.4193852196484404 0.35731811439409156 0.47139277505876337 0.4070593025989355 0.3788918424557609 0.49723686340384127 0.19584116311097516 0.12135805011090388 0.1995288909402878 0.490397106388674 0.20406410093678118 0.3172492630551295 0.4124145780452979 
0.27717502632100816 0.4960376438348675 0.1176124796870274 0.5620895908610883 0.21607626259247908 0.6496450438484971 0.5634380561281142 0.3523895379147792 0.15787780315947916 0.33468916857127257 0.315437268017291 0.7844853907251033 0.5240042577634815 0.38464254320764263 0.5406712051471345 0.5288076510899721 0.13008531599936893 0.6329549765720969 0.7226415023001984 0.3739044372104841 
