20
0.21865318546726703 0.20752683401393301 0.18880107888389117 0.2761534282030582 0.3012214351998171 0.07917504386485556 0.14506104822548976 0.3674006953365537 0.47001680257393064 0.48394749798114756 0.3655788065238216 0.05167945193129579 0.1968260111174236 0.23259892582264463 0.14188235554669454 0.4572108402570066 0.17136588204981226 0.2692396031880748 0.21925318981210717 0.11812823163282796 
0.30438095372230345 0.5523130137532101 0.5489116054814288 0.20451097752243622 0.2639999875459735 0.2926440138057837 0.5050230419753795 0.418736758466291 0.38940532804455985 0.37280472246335056 0.6499092267205023 0.3519936850934818 0.4421688371234883 0.5868180556898117 0.42538423988122537 0.1419727144066582 0.5316199507177704 0.19620930141330123 0.5792613389495177 0.2544558382455645 
0.1482190027292108 0.5074083171234587 0.4804515232067608 0.3034151943509886 0.08738718729953716 0.22080713452611872 0.43878791446912724 0.510474864116367 0.5264084574518002 0.5181900809341038 0.6510492624222389 0.31709869458328144 0.302047566835917 0.5299981668862024 0.3041099162991161 0.31863562452391625 0.4632906672525713 0.2918949467182944 0.5101213265668804 0.18371413040792509 
0.3861160512688285 0.5493998210524826 0.561130268381245 0.145655554604116 0.36371911129086604 0.33102676146979687 0.5183195294052696 0.33692183108492885 0.2833502304887326 0.2637124980644783 0.613601903804805 0.35972011419036687 0.5059358361322877 0.5897482259262307 0.47806481373962284 0.07506513217538806 0.5446843777275048 0.14318208862415732 0.5904172690501044 0.2995258013058521 
0.5697026990857855 0.4403694171915626 0.49566130661277946 0.2413856973044232 0.6037565111060849 0.42855120917398054 0.46861777377805186 0.04861858673725722 0.12325585220029141 0.159809034179415 0.38371356514303856 0.3631238154012019 0.6086551688758757 0.48815374744078294 0.555867771170839 0.3940974499809241 0.4863763714541809 0.2523200696453875 0.5141441479246627 0.4294136957759168 
0.4009661877772663 0.5746023385297649 0.585719673524874 0.17059330271439319 0.37310373355925536 0.35276415450543314 0.5427973653578205 0.35722480175773286 0.2947728976924433 0.27254361563460955 0.6385117281164329 0.3842258253916921 0.5248209733435039 0.6147888128196622 0.49859046929255346 0.05021803216965796 0.5692080452699787 0.16840067819902557 0.6150922450418654 0.32022881418404625 
0.12110045792690259 0.40817922646537463 0.3482122198687995 0.4598725113303805 0.19314266634545796 0.22488512130924912 0.32179988533766285 0.6093889978283048 0.6845866466622208 0.6893001092136737 0.5975840777096145 0.30499653256253556 0.08371440155508443 0.406354635338042 0.13469576135279515 0.5619249414274431 0.33565161486189626 0.4492120276284092 0.3700205249312044 0.23066298138195518 
0.648027310208842 0.6003789051841014 0.6489167939177923 0.29154022360628795 0.6581483348189301 0.5295395259972603 0.6171776393923567 0.21136261093909672 0.066783506088412 0.06367078499924089 0.5543293366717547 0.48921636899299087 0.7193955576099773 0.6483172398608302 0.6725398183803852 0.34020806890970545 0.6376942247299376 0.30285354512933393 0.6702761294121783 0.5185003669852958 
0.5811709383117455 0.36689865829072266 0.4315990234515272 0.3026979104109277 0.6316294717167099 0.4287814198936997 0.41257388959684466 0.09709590258006662 0.23734855426918713 0.2738812405432658 0.27701455830037625 0.34298106617755514 0.5903410830881688 0.4128731962627919 0.5337866139152267 0.4877758243726773 0.4255771759118601 0.31152962056503003 0.44498039133090883 0.44011459730218533 
0.2354393847781037 0.42004142733256405 0.4181196600046526 0.1323381012485669 0.24028412322108836 0.17065618284782105 0.37429936847814155 0.3395107338385215 0.3598648311963633 0.35593403324111805 0.5245893232245444 0.2198341172490927 0.34406643765105355 0.4547828599758234 0.3157258567378728 0.23093371440269983 0.40094725936529035 0.12068952333991216 0.44834849916171576 0.13728622329066192 
0.279207239572404 0.14093005498043606 0.12925136807234033 0.31170278594983397 0.36551034888556566 0.14574308387926274 0.0858204837927905 0.3626227774963458 0.48253758307206934 0.5009888544499853 0.3059446078447588 0.0730802533649031 0.22691808946870132 0.1677573163175672 0.16873373752983745 0.5072725163810979 0.11237648061231953 0.30671418276295664 0.1592627602810119 0.1842981490431667 
0.11941800511349045 0.4264188225576539 0.36691593355413493 0.465948902795481 0.18323776195538882 0.23534420002102 0.3401177522399682 0.6203369570754221 0.6920542304714836 0.6958212541031907 0.6151818503514491 0.31886226165677434 0.10261774933390558 0.42505137128595866 0.15281404390794512 0.5608788989766333 0.3542461292780768 0.45510917831441405 0.3888574787987295 0.23826920202319418 
0.20873487270232138 0.40583122166483265 0.39982890394216225 0.15342980721933602 0.21909684745544514 0.1464876717848279 0.3559365330909871 0.35367977822708097 0.38269476441375616 0.3802278819575345 0.5195026337934189 0.20480751924644944 0.3166628675271538 0.43873739442389337 0.2893294243554434 0.25663804422640446 0.38251617899482243 0.1417650840103979 0.430202285389117 0.11137267760937337 
0.40144831645086076 0.5812882830671744 0.5916058870795201 0.1787049123969606 0.37146380796266837 0.3566382345093594 0.5485778243413523 0.3661200556497497 0.30277913194017053 0.28010297548903645 0.646654491552561 0.39006794601759803 0.5270717637710632 0.6212093784902365 0.5017036514454587 0.04492887626265435 0.5750298552080435 0.17625359615371822 0.6210650418357981 0.3235466047632587 
0.7258643639299385 0.6484596511048677 0.7023860647262755 0.3698642150153014 0.738645440964064 0.6025505138092908 0.6735516296858997 0.2553671637523926 0.14032545852721767 0.14516856366356964 0.5794189725924159 0.5548628831101753 0.7910226553602532 0.6962760796799486 0.742313997040634 0.4175299340326329 0.6924296287396049 0.381349392696821 0.7216768168435528 0.5938708236475944 
0.361418270983736 0.07597394342750144 0.11021752577444485 0.33903971064262706 0.4464966940592364 0.22247131432720793 0.08573997388043753 0.3374888418991183 0.474536309426045 0.49817686670761535 0.22386351565693918 0.12869940972902325 0.3009835164969793 0.11835998277904754 0.2434753752714257 0.54846189363572 0.10069602389310034 0.3366981234672692 0.13185058668318972 0.25867904054741175 
0.03874303469846127 0.388024480701053 0.34060062577582956 0.3729028014285349 0.1331477684464383 0.15134278079698643 0.30569999773372897 0.5341537647453616 0.5999047554337222 0.6029281771231372 0.5649331677161283 0.24609326890980268 0.11652075205561725 0.39686784939317477 0.13223424122404304 0.4724466637024219 0.3252815341487304 0.36197802046240973 0.3670500740777789 0.14749047200178533 
0.6330666507981246 0.2503960147325902 0.32353809678137313 0.49500053581473846 0.7126518059006801 0.48475350829729263 0.3344921834466836 0.35348769784297707 0.5064422443355481 0.5417115354751201 0.05380127986798011 0.3816383753680398 0.572270333269815 0.2738221175297975 0.5160365844170135 0.7088158358408593 0.3292930402903245 0.4990354660687541 0.31713166613682087 0.5151988732233957 
0.19010177617202392 0.4111540800270414 0.4013312422349541 0.17434143366812835 0.19809913351105204 0.14222842337144986 0.35749730298105614 0.3740171133317132 0.40343830426947447 0.4005671649810631 0.5313429439993473 0.21045838556865654 0.30393646074507236 0.4423350549940917 0.2797201406198886 0.26678213287605057 0.38392247543263835 0.16266964912365942 0.43177633747669936 0.10443439207014725 
0.5148445022476897 0.2971795017719638 0.35928825747143767 0.2688886634815703 0.5708452880350686 0.36059581529746026 0.33866725397181613 0.11123411177122107 0.26688264924081057 0.3001249875742773 0.23707986309450158 0.27078703169099877 0.5169602926786304 0.3441022795003267 0.46006306103300326 0.47222199309035645 0.3525241648508387 0.275747223032585 0.3741352307542369 0.3751682932982747 
