20
0.3431944290111678 0.053166518611013396 0.5325884907049155 0.24441183174743605 0.420638342271902 0.5591817759207687 0.37501867188071786 0.4520340767334922 0.43211812724536824 0.5678389458575516 0.5283605168634941 0.3876145462073405 0.5419465725657165 0.1889814090038284 0.45901880637239734 0.5762444267148786 0.24299215524228657 0.2449068600942211 0.24489026952219267 0.35369063041474613 
0.23973427434755695 0.18478683454256276 0.4592005026622818 0.20092543148538625 0.3602065858132516 0.49805856449369107 0.5092932331133089 0.5815246271065513 0.4198210284725022 0.6282086927373963 0.5181079446898083 0.31190377358934945 0.6061830817528538 0.33252230656307713 0.4332733899776572 0.6706443107250893 0.1274823642101259 0.11368726306547626 0.17476952659839565 0.4684122086057529 
0.37039113903097554 0.04710056085415313 0.5511593773966733 0.2706830629308927 0.43766722752588083 0.5746874832547938 0.3409004048483752 0.41894704094840957 0.437708626560085 0.5528696690612798 0.5320304115294622 0.40850062689301464 0.526168353379094 0.15290795765128312 0.46741628652535167 0.5520671941874002 0.2781061100392007 0.27829815297969673 0.27511105452566176 0.32541773746437525 
0.43629186467631853 0.4122657623215547 0.45346059825423257 0.6206605534327224 0.3618202895790815 0.4368192811615806 0.27180692893572306 0.27928083219035965 0.244042287320387 0.187019264944404 0.2850854475716144 0.3870312229246507 0.16050668952840788 0.3094467758741542 0.28894966587481535 0.2298512822333565 0.5798273087101449 0.4604843046271568 0.6115894412923114 0.15983880994969532 
0.399983857268806 0.11247439947245913 0.5566912640230818 0.3444042719300798 0.44155482939642504 0.5729976149794468 0.26768278247557886 0.34482579661810286 0.4173602508005732 0.4943423590824599 0.5062621077196635 0.4218256618397495 0.46662899525031876 0.08762306706852498 0.4521933559130581 0.48185797885083836 0.35018756282141456 0.32745936513629736 0.3496451208589331 0.2522388156054561 
0.5593362544110398 0.42414843754767784 0.6020105876680375 0.6545440537756672 0.5054589907044128 0.5871697388457242 0.14504267969095386 0.13021887289662257 0.3942297381783689 0.25114516336906423 0.432601282277365 0.5238007424822242 0.22246894743638482 0.2704388554573099 0.4392421204037134 0.1742442255075418 0.6414928478784259 0.5560645194624334 0.6555542308768221 0.06131496969707973 
0.29235956344249436 0.4120149359214542 0.2908873060688385 0.5744519871833805 0.19803965644864646 0.2800183369205176 0.4112195934921757 0.4352426744146867 0.09039010442656628 0.27327400994162915 0.16921920235661184 0.22849263493439706 0.25976320237259165 0.3784242299502524 0.13419050830956017 0.37944836465982557 0.5038685961230572 0.3510146934442694 0.5543560153198411 0.30457058862448244 
0.5879061876378187 0.4169119965320455 0.6435144919745327 0.6503811847085711 0.5438509229141121 0.6310089758435751 0.09971447808690298 0.08304454671016323 0.43807479234573743 0.29799672469862026 0.48032817426490004 0.5585717027404232 0.2697980826368952 0.25224473974753814 0.4831703991150873 0.20154910598927864 0.6468435118624316 0.5743257772325182 0.654742671557425 0.0614444158207284 
0.22496950091698475 0.3515255294965318 0.28026231029763865 0.49838301755276293 0.16995060939919707 0.285792890822426 0.41982438264151645 0.4578148390739778 0.129819581416542 0.3489288359439526 0.22647872568122768 0.1799686641617566 0.3328832969872929 0.3488884370204579 0.16027857487642957 0.43942398049730635 0.4242028458322833 0.27145120800373596 0.4766004139793566 0.3231600281172266 
0.676774276276555 0.3113289917405169 0.8264151959379137 0.5008965099062582 0.711652978722595 0.8365212241867486 0.24505572313699137 0.3116813519961692 0.6631088374519005 0.6315913115764054 0.7388552417405492 0.6969246306502 0.6022383759547448 0.20266382845566436 0.7034676941581346 0.5417395858272018 0.5635772503063933 0.5936313884559615 0.5275871876666929 0.3339701848217672 
0.32619465697763955 0.07283546424850063 0.5263118988398657 0.21076945372400027 0.4170051318529706 0.556583680982254 0.41463110852209195 0.4914371684973083 0.4415391775397072 0.5958049768684611 0.5392072059226798 0.37927773050962105 0.5706320022971172 0.22822061419771053 0.4652107007247057 0.6110179385567641 0.20334589682121357 0.2178090711241845 0.2078118023041001 0.3912120706350189 
0.44967897266632173 0.5739384997539595 0.36227143766371606 0.7511432723450422 0.3169197301275514 0.3232076590340157 0.4673664422746454 0.4590877534299724 0.1761538431142862 0.14707266560076404 0.13599271839546745 0.3671118955074828 0.15335614700101186 0.5022906042440528 0.20252450104088573 0.30687351328970985 0.6825417770213941 0.5261861671510778 0.7323524092491511 0.3565344639918248 
0.48189287829224997 0.2612586619007786 0.5867490298215491 0.49477260196819606 0.4757325236564607 0.5882024872488688 0.13019850384721504 0.19890599281682486 0.4052076685359819 0.38444971320525617 0.47520486918078886 0.47471054743155583 0.35512271293082837 0.10528250252363688 0.4477693004725911 0.3406969019851247 0.49601578695518433 0.44298540529869096 0.4999633602504301 0.1055791064339649 
0.673492589855953 0.4398101515259577 0.7480091364181077 0.6727523072503354 0.6445704905009378 0.7384833392368471 0.07144386992904449 0.03710304944631767 0.5460631202491966 0.4008769837403748 0.5918108900739913 0.6540292009560539 0.37402061995633756 0.2633085365125412 0.5911031422497207 0.275320773613246 0.689239215133463 0.642557450702058 0.6842349827961787 0.15455230818677584 
0.23828959031196106 0.35871801649336327 0.28436187227533527 0.5100990837650771 0.1762479792905117 0.2870176216729035 0.4134392214416984 0.4493502634812519 0.12308443806838454 0.3345954962953313 0.21804897730095277 0.19008596809183104 0.3186171290873879 0.3491569321318031 0.15653853067104567 0.42619705872806674 0.43741692757999884 0.28568287483860483 0.48892755113698194 0.3149205357554325 
0.6998033499294917 0.3791735684166162 0.8192907363362172 0.5938336721319976 0.7075542821126409 0.8207870560099231 0.1549107687563451 0.20251346697903905 0.6357762610510836 0.5507233346115109 0.6994283848740416 0.7031428623133941 0.5222251978072758 0.22238176087929765 0.6790890843932559 0.440182987604204 0.6389325134445881 0.637227815762837 0.6149125704939247 0.2629971409755142 
0.28599175035578234 0.5943130907109743 0.09748673744296228 0.6929784616944872 0.13508718726760274 0.05028875785685797 0.6503442282191331 0.6701008321820788 0.1498591579985219 0.41936899166224845 0.13746547514932012 0.19141625406023743 0.4216731758769805 0.6040268348677459 0.10518854465934498 0.5702453122814453 0.5900885377951358 0.4105611187478475 0.6607907592145641 0.5423950960130421 
0.5257436998832924 0.13374565866589852 0.7194278009074266 0.26253635206891596 0.6070391988948607 0.7449721281084358 0.38723852904672734 0.4694953907693546 0.6074206258836534 0.6888947065500249 0.7002292375680994 0.5744461856892042 0.6604245142916646 0.21002544103168555 0.6382038102947456 0.6546595954899312 0.3386970879698476 0.41374928439831365 0.29212804317679925 0.4192281314270289 
0.26332244028643015 0.2735666592823965 0.4917316866144184 0.1730494532110689 0.4096395378946921 0.5387888086708039 0.6178112601089589 0.6912158927195686 0.49571090097215975 0.728798989926338 0.591270096029132 0.35344027006129813 0.7081338584898971 0.43628349586518683 0.5011258124084399 0.7791310325713171 0.04988661986573262 0.13405949651601312 0.1308668045402175 0.5790521888108324 
0.6741803501726283 0.37012731661378884 0.7867721101589921 0.5918205609507317 0.6759294633061914 0.7867688580954025 0.11571221830619263 0.16706282849345372 0.6004010126315371 0.5116263382055826 0.6623164583796088 0.6736371737162312 0.4830900892874408 0.20411991600069793 0.6440366031157502 0.40329276149242144 0.6295027458298579 0.6174554128374831 0.6103369051450953 0.22418162706296554 
