20
0.17837789250318037 0.2316505065693724 0.11196196731841408 0.35849381700519883 0.23277930280026116 0.23945231557540803 0.17799965279980728 0.05804938401247527 0.5835342323168631 0.3304759844507981 0.38353049112571175 0.2931452104586721 0.5249826329901779 0.17684244227874907 0.2591172679746187 0.3781772960635559 0.37144772234928614 0.2547849737357453 0.17553827751037968 0.3138194143890131 
0.4677032218241366 0.4101575252618751 0.18722348246841866 0.6544911736095999 0.5316681809709001 0.062131816423154115 0.41028455121139906 0.3260102703863469 0.6571009357620243 0.03163960018404207 0.682365050451315 0.5911210638756353 0.7165526130765502 0.4346520489740315 0.22443084896683252 0.6278870139987509 0.5983790010083171 0.5499525056178004 0.46458793689769096 0.2135243415671648 
0.19372516986325608 0.3616529422370934 0.469647908458572 0.022624748591778935 0.12740725588823992 0.5947409288045018 0.29826662258309783 0.3472007285529482 0.6419906245990213 0.6867842217099437 0.03898489522940253 0.06497981223166012 0.4295553748555596 0.2567033523599039 0.5512059278132397 0.2335091496624938 0.288235107486714 0.10822017146662961 0.1968912571129953 0.6136472339758647 
0.17453438713360137 0.23682779948070584 0.441759113955561 0.15405746159153386 0.19765018503809934 0.5498527264640256 0.20363285795852215 0.362500001695477 0.46841258973439986 0.6402039378008999 0.21250251443589344 0.16929706775920092 0.2602866688298831 0.17751293765008688 0.45548323356969156 0.06066689378156438 0.11312580603852143 0.14712167899164677 0.17653268717181783 0.5156121778578133 
0.33801754692903097 0.33856419782360486 0.060566707226106034 0.5177881331999992 0.3895714281452822 0.10843558718997444 0.3116688705541625 0.174850629783489 0.6517684695846392 0.18599991438984875 0.5397229210617801 0.45130540330036384 0.650051222239631 0.32404689578945284 0.23951031740531936 0.5264690325535706 0.5097504559781673 0.41459536948339637 0.3351083484924533 0.2681198230758124 
0.26845111082021333 0.36487900165990245 0.16493565803640256 0.413933898660738 0.2819341206670705 0.27385677442226697 0.30597512891713874 0.08604698947601463 0.7170823622943462 0.34931803003011064 0.4210574670425739 0.3444288487246239 0.6492891295878528 0.2955521122507433 0.3634750740120127 0.4862705990557489 0.4899977385047592 0.32157992687473635 0.2665322642321194 0.4081385008215512 
0.28415142397985976 0.17075518243770357 0.15481120560805073 0.4691414782082228 0.36977092194634464 0.18636874086269414 0.18937895123202503 0.24337010109231072 0.447622036850139 0.26456780280649955 0.5103448044517203 0.41744681164240216 0.4752477834186599 0.22479593118815308 0.07744623939834999 0.39736932046174506 0.36125102055826475 0.369091570344299 0.2810605289797531 0.13872998773674597 
0.4249390409862529 0.4042135007422244 0.14054780323186294 0.6062737589461722 0.47838143199365 0.07721120252877263 0.3882722496738423 0.2629333011244952 0.6893998618069669 0.11138374088536991 0.6285473174487792 0.5400281706662564 0.716422157667379 0.4052370332616201 0.25794395401711845 0.6058274971976501 0.5843020606287369 0.5027921150420522 0.4219707701703188 0.26610464896321795 
0.3091665381982561 0.25385623034772375 0.521773804761042 0.31472553224614563 0.3570319492467095 0.6056113911957578 0.27200324005891446 0.48071223254862533 0.3305003528849328 0.6883110416209846 0.3717613636215534 0.33484540457554135 0.09478289153209661 0.27150523427540285 0.46700984026079473 0.1051016156546342 0.07621036421896665 0.3080655501041897 0.30997937245327734 0.5180526600511819 
0.43134949254716903 0.34595882881994416 0.17539443770798344 0.6201561816488987 0.5048128600143247 0.06614173050461172 0.3574319483621516 0.317971797110798 0.5764629934070163 0.0943955486620647 0.6537248119411231 0.5607567314310011 0.645787331779275 0.38709888482220073 0.14553053371970687 0.5711358935657169 0.5364620927379525 0.5161670133790097 0.42817310276317583 0.13315699319052696 
0.2361029757942895 0.1318108172187005 0.40542491286611293 0.3149529584650081 0.3085384772955197 0.4838423357097551 0.16315132475497382 0.3821829013995794 0.3107176466389078 0.5657802199922314 0.3729499933810738 0.3085605777526232 0.18498644559474378 0.17587426986527255 0.34546327186977727 0.13133486703296215 0.07218448594518843 0.2677268907567597 0.23576494229175038 0.3982607268240983 
0.13239030744169644 0.2903775516255153 0.41636252510191396 0.05916666980361649 0.09620866219714433 0.5382144029557524 0.22839877622719104 0.3054291609733662 0.5776916934738341 0.6304916651676747 0.10982803124561198 0.049789957585994145 0.3806036677646008 0.18760449894282338 0.48364756901707345 0.1810067891379222 0.2286448444013768 0.0533580462454423 0.135539385516261 0.5460427998530774 
0.2448021736395737 0.29521517332414904 0.081732659599227 0.4170334661712221 0.2868075529764825 0.20432465903172015 0.2475688116854789 0.06931330711021315 0.6392096439225122 0.28947098409409644 0.43600297510865227 0.349318438844644 0.5946563711607242 0.24807858263163862 0.2754768438707116 0.44922363039801405 0.4424608461790802 0.31560160566137474 0.24215913525814495 0.32138281730569346 
0.3691679824208522 0.3450630512323598 0.08378809542875416 0.55293923769033 0.42718660476494164 0.061064890665900866 0.3286029315040173 0.21760330396224756 0.6390976194017273 0.14024525100299817 0.5778781900989266 0.48786658913396336 0.6574458445672005 0.3463054701358328 0.2139798024777824 0.5463423808902529 0.5245174856503837 0.4488343697719752 0.3661422570271816 0.23363597024129762 
0.39665951381059295 0.2503025228565962 0.23772175751089333 0.577915093405051 0.48427268292537706 0.199894088792455 0.29176533814299876 0.35239993449831836 0.4262111961412857 0.24255570657544506 0.6218108064390409 0.5296360544278473 0.5197673109212974 0.33122396926334363 0.038922123479048186 0.4810804593709818 0.435132325389986 0.4805247828381401 0.3936421854131362 0.03130148819426039 
0.4243206220740619 0.4316322923414982 0.6807455068746604 0.33626612724001614 0.4347653654662401 0.7774611431216181 0.43068597366963535 0.611929105232858 0.4771595071161972 0.863876456825639 0.3782131567632838 0.38804996036520956 0.20464691258870737 0.41631669847250957 0.6512125139983821 0.2135443382112226 0.24085338110740173 0.385160320083671 0.42630042951966657 0.7043739396571638 
0.18093696941507412 0.21924114262159317 0.10518375853814982 0.3642823501138778 0.24088769969715612 0.23055862408050068 0.16934882580703484 0.07463983612871589 0.5692026287884693 0.3222446525099519 0.39144891741489063 0.3001215222142161 0.5164156529452231 0.17193388642629623 0.24288753922660372 0.3744325705840661 0.36501845065155597 0.2600231325460833 0.1779773457810462 0.29810086756017273 
0.29690084119154225 0.3975382802842129 0.5812564339051106 0.14491385167680276 0.2690005980361122 0.6973894420110278 0.3593798000720122 0.47896071267756507 0.5887856170894845 0.7890988563354246 0.17508634032526704 0.21004683206331912 0.33520722614981513 0.3272645875264357 0.614928203367311 0.1843176776790218 0.24703566934176427 0.22772740954102505 0.2997848834024628 0.6755659993930863 
0.22792039972848485 0.12658146278312402 0.39880926453951043 0.30906231585304456 0.3007698687521193 0.478532232050007 0.15549007764593373 0.3742456688394278 0.3178331494969663 0.5609954463663643 0.36691958552351267 0.30153099316076765 0.19217645581525408 0.1676957036075036 0.3422610501152947 0.1292817357371413 0.07226325334832064 0.2602994556130047 0.22756869034513022 0.39574513777715964 
0.37234163790611036 0.29840250336551677 0.12068936028587146 0.5610899613645985 0.445231155397907 0.05918114026471942 0.302751206741583 0.26124102801442245 0.5585492402827994 0.13658261262277205 0.5942228057422589 0.5013098879269182 0.6048393504740578 0.33046744166591446 0.12584962741796688 0.5188048003129171 0.4873213464345379 0.45696169492563093 0.3691684527919904 0.14062532516339124 
