20
0.38648800412773776 0.3938450656533675 0.1717085825986374 0.5322769333871944 0.44238856284316835 0.13698741071732665 0.24635685951088288 0.533782980996078 0.09629730295890414 0.4102979051396559 0.21403914155883608 0.1358601145015419 0.4348039381971298 0.3224655419875527 0.2799495001345586 0.3414029687712154 0.08622812261993858 0.6287436958965001 0.08479921617057465 0.2570226126123913 
0.6687123946642387 0.4277609725498327 0.7015902878061182 0.2327353403634814 0.32524166307065555 0.8825958650399789 0.517189885777065 0.6268215454411868 0.8559101934056406 0.4692823701329616 0.7138100216409614 0.7379262908448725 0.4162154500940405 0.6111454526008812 0.5791083876669454 0.5312397429674242 0.8438712397356524 0.1701732610358211 0.8288096137019961 0.508254941749786 
0.48241206722377655 0.25688887175585523 0.30245713195409957 0.20073497612287594 0.0905053285333472 0.49453198638371265 0.17317039708424073 0.3357649139122885 0.47552530325399267 0.3239152004578231 0.42662577772752136 0.41363673177921384 0.2931551927710037 0.22443245764263312 0.32960687353271195 0.3265253768467802 0.4772129813579842 0.31519197865898957 0.44343260829211134 0.17826913866160435 
0.7555890390583111 0.5759916362782931 0.31556695104634813 0.5172811587723846 0.41717236517734163 0.5048853938424187 0.42266311765343356 0.058898893112506664 0.519412457213366 0.638530791973392 0.6385217253579096 0.5868498113348558 0.6173382176396052 0.17267609535598613 0.5967575578079283 0.6190351013076242 0.5583262157182475 0.6263887827436685 0.47945962557784083 0.4397672738572813 
0.05451075731371623 0.20321216214116775 0.4810820308716455 0.4129818428496896 0.40414088803678094 0.5109953349959439 0.29617062100503005 0.7426553493140812 0.4621276173887126 0.14676531204550933 0.18395729984628087 0.25878606143848454 0.20016011426222616 0.5535841643270365 0.12396727356624948 0.10879615410835781 0.41155801894079175 0.4452392661447798 0.46420442659568767 0.2797424461914529 
0.499524059042451 0.357530947002784 0.11212001136885895 0.3880193116225561 0.2779036935161148 0.31921373229329614 0.17858686118822029 0.2982791550288949 0.31223234853901977 0.4102710892545738 0.37753436025600884 0.3295742099481366 0.4031796369750907 0.08899828575564885 0.343103945789066 0.3751029061248018 0.3323579464846549 0.5011795157705381 0.27477058897765344 0.19794045511813502 
0.14480188876550512 0.11473944686135026 0.4554155033203429 0.32283065453647064 0.3197726988890361 0.52283972933907 0.24328776108829103 0.6802322943825474 0.47708293159195214 0.0570127607188583 0.22524754230985733 0.2855787440053827 0.11036711818002233 0.5037350878538477 0.10690433062183566 0.0484370541437858 0.43444896986551435 0.35734083783736154 0.47151357642947217 0.22451454292513057 
0.32777654246641863 0.08790854103075178 0.4766991731793107 0.14583052479599182 0.18519869430849784 0.6074859560057134 0.2459880175874449 0.5953873764872896 0.5699982886989028 0.12657715668292113 0.3770873040225729 0.41421045313576743 0.07318052921919034 0.4641149355266715 0.24049860406185314 0.1877358962659456 0.5427360749822129 0.17792985094119496 0.5524462708849825 0.2287137967924677 
0.3210815832266924 0.11663194610161544 0.5240027450628066 0.17932599054169532 0.23496068225791059 0.6458451856849026 0.2918253875441474 0.6470609155124499 0.606369890171694 0.12749632608640446 0.39479651171475777 0.4399733229151309 0.08076326360024962 0.5162045066487831 0.2595830364700742 0.19987672141795987 0.5753607516280592 0.17854265187100732 0.5911308871067817 0.2736851005692283 
0.5650655357305615 0.3172830559526995 0.4072788668525841 0.17066438133562958 0.11048777869893393 0.6058520937689541 0.28232090512256025 0.34105813254464284 0.5887205816657197 0.38444952779248664 0.5311086183991434 0.5244486995714109 0.3421083317995185 0.3005526200148039 0.4219226043229963 0.405859713447285 0.5915520356565517 0.2717002440230303 0.5557620027308806 0.2840419039744775 
0.4209288162849104 0.34640245431086725 0.08209447122446173 0.44218418048282415 0.3418809538884726 0.21662251525800952 0.16740569763197735 0.41737385479976236 0.19775244063625516 0.3822238550634519 0.27380322843459803 0.21380953416393522 0.3918242165521905 0.20422195938704382 0.278749701873392 0.32762801535528047 0.2090533120791294 0.5476509911023268 0.16482931698147293 0.18442932229034267 
0.48214382101837083 0.2591410646828792 0.2954616966333188 0.2075050205229643 0.09703438185625099 0.48803712977244107 0.16988362929006695 0.332026591191816 0.46935028707601567 0.32589336191538937 0.4237875413232235 0.4096206125983345 0.29608733757722167 0.21770079161258632 0.328550818090072 0.3268672032961134 0.471556634486874 0.3219768188999327 0.4370785194478384 0.1756884917705651 
0.19410489588179147 0.12304421692201496 0.34494868565939374 0.3185163915504854 0.27742986356854366 0.42135402655417065 0.14349093126325255 0.5900602343853377 0.3780839598562463 0.12593639877212606 0.1692215014110714 0.2044058375002379 0.15590039478961953 0.4023137654742438 0.03989576604826487 0.062193268297686025 0.34188850668084597 0.3856139792818993 0.36834006629279364 0.12709735335214048 
0.6653803503989567 0.5080052378470307 0.20862581171259803 0.48701414552141165 0.3786223776450217 0.40081160598201737 0.33960384751719486 0.1589672635940388 0.4132890383284484 0.5661840170224349 0.5387501078312605 0.4835443515927723 0.5519506846433136 0.07895278686337792 0.5085628667339468 0.5376427230747943 0.45137720304927303 0.600652961436469 0.3732783355173058 0.3581447974828043 
0.6487300726233065 0.3930146314975176 0.5935720182253503 0.18141159699971293 0.23522215704816477 0.7859276545091722 0.43558147517719775 0.493262556156881 0.7643665045487852 0.44865414890717675 0.660568195631129 0.6713006690631566 0.3962094471214434 0.48902429421250704 0.5331253085637898 0.49677649670779156 0.7599710620821489 0.195107121418873 0.733918509956108 0.43084317915783876 
0.5092922772028982 0.36646665564481934 0.1125335081394189 0.3934059123414873 0.2829548663330913 0.32135559288577425 0.18811781529380067 0.2896780263743344 0.3158544925597444 0.4195943485158227 0.38665932701293015 0.3379196459779153 0.4120372013418397 0.07951876081438784 0.35290536996254307 0.38480245170472743 0.33754361659830395 0.5068629776531433 0.27797078780707896 0.2074270500406221 
0.3663167081752036 0.10975701757040197 0.4373400208768173 0.10221111970900877 0.12197073830252274 0.5847621375407425 0.2144372474434168 0.5333832743925154 0.5509657586572315 0.16905804034406752 0.3881694310727661 0.41366372798916595 0.12015852248652574 0.410004041680681 0.2547787460908978 0.2137137219068314 0.530032913211956 0.17428314976789605 0.5296236751739599 0.2000441952167734 
0.03301382886168745 0.23587236646269666 0.5113058114530219 0.44377883608819435 0.4386080561403133 0.530934468592592 0.33126602457147614 0.7780283391332954 0.48138380589596635 0.17613467811630784 0.19878256607264005 0.27679232607165905 0.22899922620119945 0.5877698132187845 0.15761680595011263 0.14427807192385494 0.42849486002283893 0.47055558228453215 0.4859326960631074 0.3150673434536698 
0.1664837589013147 0.20089702894002545 0.5746027554296115 0.3747303813551822 0.4022790209476374 0.6326306789977207 0.3598834522767662 0.7873819990989397 0.5851726459644796 0.13463668563399878 0.314352615747027 0.3855464410351713 0.16902879689693856 0.6190236663076223 0.22057156689509982 0.1675806159594836 0.5379728973845983 0.3729425304354033 0.5831010817394818 0.34065736233157234 
0.08866250366605406 0.20010040966209286 0.5223291702352081 0.4009785423199003 0.406657771603605 0.5621915602401891 0.32400327740831936 0.7660226300554633 0.513697242495591 0.1347465608494005 0.23714876057919534 0.31118528375710375 0.18498276063901786 0.584308799899345 0.1621904160507322 0.12651523455918884 0.46401952957609854 0.4199705336778639 0.5144952064104653 0.3061235178798007 
