20
0.2542047822989781 0.5968600480821586 0.5579319213864293 0.19807737136969544 0.6433636095642677 0.1862405582636372 0.542691558384045 0.05063311906551252 0.4667644057623442 0.3613518132060817 0.43884329113070086 0.5542056361626828 0.6847528991237838 0.27310754090130535 0.6555193252748547 0.22482342614514786 0.521082185545054 0.15300352358328184 0.42870178164461603 0.6697795563876185 
0.40198234940275923 0.02962734127562212 0.24092426688367877 0.4765369035835172 0.1122641484860005 0.46122718550052527 0.1424036108317558 0.5744065257404478 0.4127752945730802 0.2591561540255142 0.2748885488071413 0.3571483130665867 0.29481877681045926 0.4665103697856366 0.26311198024710014 0.6415658207939028 0.30084284178811144 0.4510679660080423 0.40255339611445884 0.13099443839598318 
0.2326542694420867 0.5054887874117396 0.6266211201140895 0.2500068219283152 0.44311397209801695 0.47140438088040426 0.5431429093891327 0.3914250983736809 0.6764576142984872 0.2957175390094736 0.5532750947601927 0.1876137384925906 0.3577105617026101 0.17187466918129682 0.3469772410966481 0.6353024503506604 0.6409965705026534 0.35877907497584294 0.08689767555347966 0.45860919466894295 
0.131603377207414 0.43268463244046423 0.4154139469664013 0.12908993410562858 0.4802544122061494 0.1112654016252947 0.3857537712301312 0.1388517072408205 0.3695536719303014 0.20025846407689984 0.3010146923433795 0.42639863523964117 0.5372124182229071 0.1972857467514986 0.5056451415020758 0.2823911379463995 0.39115773366194156 0.014180978763600765 0.3194655346755099 0.5069188629535817 
0.4046483347377492 0.10538085285200345 0.10762468378220369 0.47149954423859186 0.245320971486877 0.38953301980075017 0.014488373535835812 0.5374965215231952 0.28363166449788996 0.2690608231719362 0.1580407665540412 0.45235940603943486 0.42108640590418933 0.4835297815550542 0.3872564893024255 0.5509741278876907 0.16724600830436526 0.41287233610611435 0.4631589588838817 0.2650765435887477 
0.19038817843005085 0.22349603904259002 0.3324181335491725 0.2661485862938804 0.22565803067246812 0.3228197807108079 0.24607416920266822 0.382378273341713 0.4177596750811235 0.059093746267576276 0.2771536549717545 0.23303464114059252 0.2900645306554275 0.2509120399218651 0.2557093687261955 0.5163669578807147 0.35586200455937705 0.2689293593562735 0.21193100564377268 0.2514120562881047 
0.36456618584427203 0.11478730145384294 0.3164497230302724 0.4403940985187194 0.05535309004438055 0.46969774792186303 0.21391326674958472 0.5551570841816146 0.47134504007686107 0.22990395629119878 0.3263790031349358 0.2722461999372852 0.21191175792943978 0.4173887972726553 0.17851820977178862 0.6588363152514363 0.3695693650099194 0.4372813171220805 0.3313894966323582 0.08245817078950116 
0.3853221912979671 0.589314223632689 0.475248113339598 0.3637534104801771 0.6785352871953148 0.16003794303181043 0.5009806600750357 0.25357037134626287 0.3224573256511738 0.42650832452277837 0.36345341332155323 0.6771518409894299 0.7720069275225999 0.4407365216149795 0.7380769235035438 0.035948690454272327 0.4179281234939082 0.2540203313944213 0.5734724588118327 0.7055318135159572 
0.25874313093975926 0.44511735810702535 0.36249600487857764 0.26113721451210065 0.5273715119491943 0.02355803429301148 0.36699466371764633 0.21286561366620393 0.26247847946732833 0.27612687496298616 0.24336615474798096 0.5341854350448914 0.6209470437310393 0.33006920647898036 0.5866992217990885 0.18724892640775556 0.31879777357125744 0.14007693124632611 0.44153604566553883 0.5544316425524006 
0.4728073826552603 0.17010111428252184 0.3798638257840999 0.5483986425950492 0.05969496621847487 0.5810329974102281 0.28458748669747985 0.6672071727465261 0.5556265518180518 0.3419042734703568 0.41663495170746173 0.3229775778394 0.19891557322923012 0.519008808895807 0.17896767823797588 0.7684492818260008 0.44248209366949026 0.5501443632608183 0.4131716177258116 0.03557841653045373 
0.4261889714473896 0.2784900979816653 0.4850487243048923 0.49670013625175474 0.139903400519144 0.5916706731622556 0.38260997907365213 0.633926560104693 0.6356625176279326 0.3268631727922555 0.4891150878306936 0.19406055198809435 0.04803205434068153 0.4486124854677421 0.03285941275180884 0.7851467092297821 0.5378021981396559 0.5316486209232704 0.31208793816313685 0.13265112007278868 
0.47310352683507384 0.3031483747869835 0.5133373791063754 0.5433525993021262 0.16129715889976148 0.6370379414907186 0.41198361858470295 0.6809262720232391 0.671193350507633 0.37299511565268784 0.5254503386163625 0.2304585886779517 0.06286630050470234 0.49418624797929644 0.07303857004621583 0.8303855225814537 0.5691855813971699 0.5784695028495352 0.35439007886126606 0.14660415254985193 
0.32461290136002247 0.38170552844847544 0.5561970952195373 0.38099727942582584 0.27698682653549833 0.5396937237952536 0.45705335940486225 0.5286708618078995 0.6636430393563464 0.285700643913196 0.5205928154344767 0.02285706071069114 0.15152313842807183 0.31599792723434433 0.14623512875155334 0.7279920038101219 0.5921509976981103 0.45112382064782636 0.15866319370128623 0.28435866990905295 
0.2925125250822813 0.2541110212432105 0.43013861068982817 0.3635300325839606 0.16538994251196681 0.46721822931147616 0.32980460134514 0.5002819897114363 0.5500820390147472 0.20074906650409155 0.4042108696753035 0.126484817380009 0.14524539968925243 0.3189410597422287 0.11310629101071375 0.6605212596557236 0.46981238267444264 0.39994676323113276 0.19847140545292571 0.18054135613963607 
0.16691343333184808 0.3929526063570411 0.357807995401289 0.18393818244313045 0.4558159669841554 0.08053456367446178 0.33534906465973546 0.1912319747727874 0.3100492345995183 0.18804453708237648 0.24177912388569048 0.43967087054917775 0.5333922002609902 0.24433513958204806 0.5000089198897385 0.2724269781689701 0.3310334848299064 0.07413555347139664 0.34659996958940475 0.48286685174697835 
0.3643255254138618 0.16344377305202223 0.3646810661337718 0.43952524481616856 0.05543738043948518 0.4931361556556621 0.2619542884548575 0.5630273908782073 0.5148175627802581 0.23969521650294445 0.3686960727513011 0.23182087688267225 0.16340049316763722 0.40814107761002955 0.12960576146013322 0.6848087282615644 0.4162721214195044 0.4497462716416945 0.3058692854197791 0.0753952511213056 
0.2777419190058728 0.627554282758126 0.7208077922556022 0.2525188103363582 0.5801929174550473 0.4909433496550565 0.6483249669285344 0.35765998226224843 0.7366652800180413 0.38895055754473606 0.6314692236194746 0.331716631320426 0.50178483887669 0.19196718796278267 0.4911412831998462 0.6224460083736671 0.7234092788205603 0.373547396216402 0.21900966020593243 0.5974493335385991 
0.43121277548123205 0.20566478755596493 0.02201773818556 0.4886903912395624 0.34510312267302445 0.3564458544440525 0.09285134856966666 0.527117078828663 0.189875196790687 0.3129611076287902 0.09964542846896901 0.5326221820147937 0.5172201479831872 0.5157331667219973 0.48263774826479006 0.49308443167053667 0.0677397358506601 0.40781347650691896 0.523877539304064 0.365293183003917 
0.39286522138422825 0.14902664644130634 0.07636752984883995 0.4556465195422451 0.2854988608016395 0.35343349821704856 0.03475899214087202 0.5102494211251725 0.2376990336285937 0.26516788759740456 0.1125810820508857 0.4726120970391018 0.4553928710001715 0.47499786583664727 0.42070915776462126 0.5086281678183233 0.12510880597122337 0.3870382273839166 0.47036111258357405 0.3067086377895259 
0.5320497190814598 0.28495756832134994 0.08632002785314596 0.5859117627693085 0.42673349519717146 0.428866649042817 0.18510560061866327 0.6103578687552742 0.1918387910712218 0.41786303361281296 0.181771169288882 0.6346051692307256 0.6070241267911567 0.6174459221943183 0.5736273924328708 0.5362817545936902 0.09329732822477377 0.49646416153275685 0.6292075530475315 0.44346911529273586 
