20
0.2699940875866148 0.5387087786450526 0.6012805524741158 0.04808829972364873 0.2762386185655988 0.3082557303439937 0.09452040949691723 0.21000168261829785 0.12811944612650597 0.3005240127397849 0.19144518053550547 0.6339395839615567 0.3380892703136808 0.35327256671727214 0.6010775850658464 0.3656424438812194 0.7645638297311597 0.14124019685874006 0.048379116589904514 0.44494332243945484 
0.5387583755497963 0.23774499154669637 0.2109556100401167 0.6797442730046507 0.3582230971703549 0.3623325047163418 0.5922736694925466 0.7274095386490406 0.5061320663348163 0.38974016058052524 0.6740615173101959 0.04975665744645193 0.3961839959375326 0.4383797296401372 0.16751209688663476 0.4715456260090336 0.1661757175989676 0.528376276768265 0.6348129660163928 0.49181008413551575 
0.45688511610580385 0.174254624953982 0.16742990948706013 0.6049935146903677 0.2831868686152895 0.28104455860934774 0.5244011478265728 0.6463834069408398 0.43146024212000256 0.3080248474382162 0.5929240590250562 0.07542714764250485 0.31454688049622337 0.3576383312199779 0.19289055486980589 0.39151262628736033 0.24522117916245417 0.44951882440448127 0.5582324611151886 0.41616896343971105 
0.3305206435957615 0.1824275037807636 0.21056520471037354 0.6059543270844444 0.39000988310262 0.3034439358724466 0.6016396950116604 0.5373657371638918 0.4767522258654785 0.2928213305018125 0.49026774156843356 0.37225868481691277 0.24513401175165098 0.22486715554162554 0.5465853313640906 0.22074528834186033 0.5750862749916493 0.4365829277636135 0.547550507173657 0.16327024607206062 
0.4217877662013938 0.0760762150826697 0.035817463887013484 0.6522783151446246 0.3635588709049349 0.3060263858421605 0.6095884850509737 0.6340654362681822 0.4926049664574435 0.315090665967968 0.5816062198802975 0.19737979167897393 0.28835245384294717 0.3033029161685094 0.3949511641264004 0.32188805764965583 0.39611065821935476 0.47887457747233003 0.596672438260466 0.3045977550180033 
0.3547430701504028 0.579108931624259 0.6378511877376171 0.12080817086572555 0.2963772427022123 0.3524975384453167 0.046630797610050456 0.3044215928140163 0.16665437581506684 0.3531728324062852 0.28865430642546924 0.6462041995678214 0.39773198021513584 0.42259310488705126 0.5803010161944785 0.4407854442917705 0.7537758661749153 0.2133552059814409 0.14561919683839536 0.5223221058803055 
0.2733213660715646 0.22471524645826405 0.2767028383089679 0.38946737954757726 0.0697683870327921 0.08955504670631824 0.31925958284171274 0.439085218987209 0.21645887363044586 0.12242868163106345 0.3867745863581014 0.2897927354310969 0.15798835952023926 0.21198553996954364 0.30860355484867563 0.25034428295356265 0.44039046389418757 0.23519380206661544 0.3421355849630889 0.31149692076205093 
0.3640532298683428 0.37698875640069635 0.42054788771210205 0.35082794752102814 0.12799449857722342 0.21926574401956353 0.23719853235532123 0.46570330330042714 0.19775558590149964 0.24571330896248464 0.42142090247226816 0.38409032608887667 0.29441278814025806 0.3452856212952689 0.3013567529687199 0.3810196668369381 0.47391321817180976 0.259296917986682 0.3231922466989725 0.453602583694476 
0.4271943304896484 0.24054864572255005 0.24254533738178682 0.7053482669366384 0.48385321747815363 0.3999852531666844 0.7009395941345155 0.6301560568445683 0.576116164830327 0.39129595019775437 0.5847598779405858 0.40450661573381763 0.3444703653378055 0.32445249978780666 0.5995751442479578 0.31824987128337634 0.5991878040725457 0.5364256860369547 0.6469370626856215 0.25302558649769097 
0.09070514956406511 0.26663498411670583 0.33210075135293626 0.34887674531515633 0.20476874804029654 0.12141365992793116 0.35539050700285424 0.30224616843805446 0.2324089231685968 0.0894780509526521 0.25004165521364313 0.4312455348756702 0.05861271360565128 0.03242498820739055 0.5112011372722219 0.05199093739124285 0.6171572661601408 0.18149974485804893 0.29047290541906895 0.1334253566310524 
0.2427544688131981 0.41322096195998936 0.4720550011932485 0.1951530821167258 0.13303314318137077 0.18844422270402847 0.12042348386783547 0.3022239915128159 0.03439881683608116 0.19354849173039368 0.26082903287368964 0.48943501043088833 0.24195433710138384 0.27620053291738533 0.45609932630016714 0.30192092372810864 0.6171167417112368 0.10687382090703451 0.15959315146258096 0.3837904601912022 
0.35973548327173244 0.3152566016633569 0.3552821131623728 0.3969932564807817 0.11317065068774321 0.1912091720679515 0.29434684592494315 0.49044963055978996 0.23078993802598066 0.22214865753232374 0.44228432489184266 0.31614025588593564 0.2653625132847145 0.31886594339930047 0.25327405147850474 0.35657569481470613 0.4170037962982838 0.2793540983728734 0.3619577386576509 0.42227255282398357 
0.28871020931188035 0.22403487458301552 0.2624079786605212 0.5716307898492539 0.3862537832814795 0.2954018365899123 0.5796126079385987 0.4890511998198099 0.4551991476026736 0.27861995577422677 0.44418386159141543 0.4198080143556663 0.22786127496501352 0.19560360492419698 0.5813404264730183 0.18217127310367898 0.6236043741870583 0.40749070947455035 0.513385044182055 0.11191487013910938 
0.17555741600463187 0.4223155104074898 0.4856405225300173 0.15544540774652793 0.17713097137748063 0.19250989078911893 0.15023241477288943 0.22075736831494025 0.05038164237587304 0.18295644820889134 0.17693508782220937 0.5292071577528958 0.22081981565525594 0.2397945168292012 0.5235483959242322 0.25668695612313663 0.6750328393884856 0.03013492900147577 0.102805582919159 0.33821831341881536 
0.601299713769504 0.3632489593945488 0.35086773420615247 0.6805736106945969 0.37776868507287686 0.41599058959244456 0.5720358376903658 0.7644266642947103 0.5134837456830654 0.4479074270670189 0.7134965537797976 0.19777469224292338 0.46979038573468684 0.5196555700817018 0.037166672401544636 0.5565912597926984 0.14562150239872568 0.5545496710554767 0.6451168064194875 0.5937051309068292 
0.11022450734895008 0.33361735844840495 0.398492426899866 0.24761715411076948 0.14357225703548596 0.11249600272402728 0.24163317320718633 0.25446657021783 0.11909042331630444 0.09288482529615141 0.20148733970203617 0.4614375957468953 0.12397948701797917 0.14305259305658494 0.49151675852000914 0.16384972377252596 0.6254295600487377 0.07357498124077931 0.19059371463674293 0.24608943145472287 
0.2985519796412527 0.30800477156276346 0.34582847575001824 0.5858689689900008 0.4431723217707986 0.3509494751481568 0.6120303890518465 0.4777104614218282 0.4905422704115801 0.32864024160216804 0.43893248293279313 0.5039322879001453 0.2775334423382232 0.23358073182109257 0.6626640211547525 0.20762327577935288 0.7077188164621061 0.43360866583118807 0.528945823415795 0.1253835932720916 
0.42335341360510204 0.40675792149906287 0.44354774161344274 0.3976774857494364 0.1836350215214301 0.2725641058295591 0.2757806735702144 0.5220985704817573 0.2536337211047085 0.3007644158322517 0.47897542593561054 0.38461981457236033 0.3479437443697026 0.39999303283831994 0.2689527230596377 0.4364933696436878 0.44834231550515247 0.3177232998538701 0.3749113773779885 0.5068394951991183 
0.23205308890476148 0.5046585861246659 0.5678856368501393 0.07347542577703889 0.25027250641258636 0.2746867342073649 0.11291203236190187 0.19363493429179915 0.10301803316244286 0.2650764277707738 0.1667475168303414 0.6067734694676937 0.301102928084489 0.31505396563447685 0.5850309555287565 0.3271402191869541 0.7441711048108262 0.1036809584260375 0.03188639952501012 0.4064701337491436 
0.426775058011029 0.24906764105328175 0.2680019602000889 0.5196573522592732 0.20551258135720493 0.24147696787360107 0.424057892391548 0.5907543136631392 0.3479166757792001 0.27378834116605166 0.5392661251821586 0.19027127211853057 0.2996291346981918 0.35154583435887043 0.15510098306364276 0.3894621718171777 0.2934128201882039 0.38237668188022345 0.47930702092138466 0.43603053449879053 
