20
0.09041615032282879 0.3715602605693559 0.3647089071620397 0.352373874613307 0.6013171769208251 0.1440770946006746 0.4210442240924535 0.2669269343653477 0.29435900271727145 0.3392663937648433 0.3948275989554181 0.07878744420500096 0.24262888339409538 0.4922213956879733 0.20188245293202867 0.29914211270224933 0.20354419106008897 0.20699615903292481 0.5025861816876819 0.24144070153496774 
0.2500022066487021 0.48771562748187114 0.21930026306453781 0.5434910903207998 0.3386437805150237 0.4315248055220318 0.10473965618147316 0.07521597885887094 0.5573780346830931 0.2945893302838572 0.5995670671312765 0.4142765487012922 0.542306070573891 0.6405841854176411 0.15929379141834887 0.16427849424596488 0.2168881033383949 0.13978208869979658 0.29384077879485715 0.1448928090967804 
0.25557958072686127 0.49665176471251116 0.21295004743019427 0.5520693914437147 0.3420388334697649 0.43418073241824634 0.10656082072584587 0.08238627031973239 0.5651306086573388 0.3035249477029332 0.6081121812832341 0.4196135422823624 0.549293217127339 0.6495155690497295 0.16688835943213134 0.17325177314961265 0.2252839588351117 0.14266496818818022 0.299910188233318 0.1534607882473729 
0.3185811428773833 0.5096612469575377 0.27617654420891463 0.5779179819048601 0.2703263519935563 0.5083842706582355 0.03411485102852298 0.14122473537274846 0.6060534474157944 0.3007379986080457 0.6343877806626288 0.48288857295924276 0.5992936799932421 0.6614718812396838 0.21640725879516617 0.18085068423113473 0.26107790838711276 0.2169351210529584 0.24612949800841066 0.18976614659917526 
0.21358147512176734 0.16457206678289746 0.5217743867682847 0.15281813300591307 0.5477060631809784 0.3381601364023466 0.4464116866952601 0.3323322686887335 0.15789668182339853 0.2271421502633811 0.20423462980705145 0.2005454448620468 0.17644564557399012 0.28541363452992413 0.24800221697850866 0.2779681545407767 0.1893654031236814 0.3265998979346465 0.43068037135499254 0.26195584601901917 
0.2318743402921254 0.5038667608633578 0.4043573271772093 0.46084133682948103 0.7453436351732631 0.02220052170234166 0.5469519363348403 0.390580218521649 0.36948696506162876 0.4931848630087919 0.4916943069987716 0.14049646125908324 0.2933339904765367 0.6045486964210081 0.3422717695143832 0.4460891990580276 0.3554183029071196 0.3118398404534592 0.6519073398768351 0.38380349143627995 
0.1842610287165416 0.18033314863276348 0.48939246452660173 0.18457237213914965 0.5206127438007577 0.3276007418734888 0.41218509919598284 0.2970654512417545 0.19169274517967796 0.20428500041084993 0.23751268178314902 0.19613914030584018 0.2022449866760783 0.3118092997439077 0.2128126220997083 0.24474056925853271 0.1542547209655528 0.2931638260491178 0.4049796864972091 0.22678822123169987 
0.3588790728291826 0.6708501341636703 0.078640211760991 0.7093577267731331 0.50331443350999 0.4549605747865461 0.27467483360843625 0.24744179317337342 0.6963693606723625 0.4936992214228334 0.7632519207429274 0.49958632448307305 0.6607464291934081 0.8218955157592569 0.3200544693652137 0.36350948111329784 0.3885168898561271 0.2337970218386407 0.4861627585236955 0.3261969513201909 
0.33611750157967685 0.3941995637123172 0.41865852995476305 0.481657161170403 0.17890905926207407 0.5515269601292431 0.13199311772406414 0.20422250440224463 0.5394303302387586 0.17779237525705593 0.5365728788882801 0.4834962344112789 0.5547483276313558 0.538813864218106 0.225543705495804 0.12362963440693733 0.2251471464025529 0.2903852133245277 0.09652925206468814 0.18381995054058575 
0.2972474868127299 0.2927214020110653 0.45797378035539 0.3820367950478427 0.25241560490418335 0.5130068901478789 0.2164386817456075 0.22075401117308205 0.44714287057099134 0.07696165410705762 0.4363929994774027 0.42359165682340477 0.4705175861309823 0.43779211887454617 0.20169136784264502 0.09995016258361127 0.17069291845555756 0.29299124657334535 0.137007922729633 0.16424823617835196 
0.30563660681642946 0.05522713295200523 0.5915403796939354 0.1327039951233584 0.490238928094409 0.46082395618171784 0.446276120448738 0.3710312508033484 0.22302277242416244 0.17362942898451178 0.18594869840713382 0.3257356253263156 0.27616388163210825 0.2069053627287266 0.2962999874654186 0.27808156884994745 0.2274411455474964 0.3933808017129419 0.37060020553824413 0.2921624646505317 
0.31838865178205605 0.3496603495609295 0.4362703312989704 0.43832895073745 0.20626064829567373 0.5353448330705415 0.1684943948220504 0.20856747757538763 0.4996618508613918 0.133672717028443 0.4929475207180628 0.4577693227259569 0.5186245331446101 0.4940914869414384 0.21232642659328033 0.10494921938966052 0.19915597818126443 0.2901775228641104 0.10178775893500834 0.17104181350723924 
0.4504840360036649 0.16704077648230647 0.6922773196698386 0.2732218815035294 0.41942941244475557 0.6319550106869911 0.46910881793857406 0.4537689994808216 0.3899103146956572 0.204577638861447 0.30660939533904874 0.5026332300358328 0.4534301063377068 0.24080699776301528 0.4016127881273347 0.3342983518142642 0.33880893451705585 0.5046653953250696 0.3126591140044495 0.37949881926559936 
0.3214069174814072 0.4458934055550531 0.5710713035479164 0.36873096574902936 0.8137175638930598 0.20124888011445027 0.6511826938446351 0.498999526370501 0.2507479650609142 0.5148581238771237 0.3809366775153936 0.15734140179005196 0.1675582072738017 0.5049920781956465 0.42842687618615105 0.5138607809445968 0.411372216734157 0.4381567302062808 0.7053291519968538 0.46472342856850535 
0.3755451213066413 0.24684367788402783 0.5652865309868176 0.35174476992518816 0.27760010225633597 0.5834147713428798 0.3160050762316046 0.32675505659298354 0.4423751015149783 0.1008013620086643 0.40023301384122395 0.47562767193879707 0.48380720893708123 0.3727314635154985 0.29569142758355144 0.20414122175317245 0.24834911998176296 0.393539245421034 0.1621937046009584 0.26311440318949225 
0.1439778851895987 0.21450515895359681 0.439403435079088 0.23663439904724398 0.4795488311309399 0.31885893646758123 0.3583411814294369 0.24138128064215322 0.2460938322928366 0.17616730925924098 0.2909335361847837 0.20254339915479092 0.24815416250249225 0.35635411209464996 0.15736724039369415 0.19345638286267433 0.09893395893100178 0.2416479883350262 0.36716036666407614 0.1712450105239252 
0.3097113140212312 0.6448815981566186 0.0028166248892371273 0.6717959019993932 0.5466168800119068 0.3794087724283454 0.3102727033935658 0.23850596089381734 0.6464649601810366 0.48694511551305747 0.7237423576265462 0.4363476649959688 0.6039083503527521 0.7926253560342181 0.2954464656056755 0.3610719090015112 0.3639807390276756 0.19654740489128225 0.5127468095485163 0.311713676010407 
0.32136830182012643 0.28706463557299117 0.4847936744064973 0.3812881077891451 0.24491225508494927 0.5361924962369659 0.23548165378663874 0.2480445651236263 0.45324558437027235 0.07896492412881004 0.43449226514706285 0.44282054627683504 0.48111647908194055 0.4281456243065528 0.22822219756321147 0.12739696573700796 0.19382449706331029 0.32036774915177274 0.1261498037238215 0.19134425823692947 
0.29142910877284367 0.6441893237410623 0.08467971419571108 0.6575941586731283 0.6095074378674682 0.3152028760204811 0.3723398472817416 0.271080044941395 0.6175267241240475 0.5092705204695881 0.7065892457216543 0.3925582211732706 0.566390475578575 0.7864205259459899 0.30789776966976823 0.3916750534314044 0.3725384424444041 0.20491183788715236 0.5636181147731474 0.33348957892339076 
0.3590067824056627 0.33869949209948486 0.48831498074631496 0.43515563584279354 0.19000308673566754 0.5757261616466209 0.2123223373988584 0.26005164178726475 0.5081236008996532 0.13385971840775138 0.48782109784291705 0.48965439541343225 0.5349902199786185 0.47591316148344165 0.2574307548954937 0.15030656770939452 0.23461776387703204 0.34019649469271773 0.07164151607836898 0.21721378964024676 
