20
0.5752040508638018 0.22179401028346318 0.295567891330824 0.22791122742048173 0.18546545839113093 0.4516638399117082 0.06634468607986353 0.5153597355351434 0.26518898975922406 0.41287572249319643 0.5052183520204858 0.4466792848204157 0.2987308392409496 0.09310950150963627 0.08583791654556219 0.24479861023063318 0.11858854070857147 0.5360638335628443 0.21839310873310933 0.20534299768530134 
0.10806437292405106 0.6274223758348827 0.30757125526451007 0.47110122191361653 0.5810947762127968 0.5140709143288076 0.5992548976740677 0.5094858067450573 0.3074296995832661 0.21861121669092243 0.5578247267399425 0.2644199677587986 0.4012811533894195 0.4831789524199903 0.6322248377938718 0.36699354994253575 0.5124103300077395 0.180179101629456 0.37243230242683945 0.35417581732185677 
0.42543485181947416 0.5175414043587271 0.1644044932138713 0.07818165595085445 0.47305570241920886 0.6532438478234481 0.30320801499608435 0.6982728613616147 0.3495130226263878 0.4585646713397565 0.7117116956452325 0.5210835637759186 0.059209531737232944 0.33355399607053576 0.37128602682233147 0.3906990448494632 0.38404602803315857 0.5491449434985225 0.15201723200306963 0.20404643033348993 
0.3054828014180028 0.6459540000775015 0.4668483220916665 0.6238293369139977 0.6080888911060763 0.4344351849504398 0.6975613102117759 0.4027539521561874 0.37104880596332623 0.22481861236308934 0.4607497289462013 0.213715905232937 0.5706460841957705 0.552743949266574 0.71204728841541 0.4044983193013566 0.5648168385366795 0.10083579499883591 0.512812775488027 0.478198545636982 
0.24360895981901728 0.571176828057687 0.3653433981211432 0.5216699215658513 0.5298429417480919 0.4021852870107597 0.601021486755548 0.3869786410874564 0.27728823505702976 0.1392464740538071 0.43961452471989093 0.1547036821216275 0.4697164307165322 0.4611503872099069 0.619521713963346 0.31877360965862533 0.4779521332945317 0.045543155105448666 0.41069447069933984 0.37678644319187754 
0.39092108025506117 0.3345537555164628 0.12707357095335864 0.17373410041866033 0.28526686020056596 0.42906499093050404 0.2314085947595855 0.47560894306861884 0.13511110720066413 0.2718572771254903 0.4875266068239127 0.3240458152713559 0.18357708636306952 0.1473470777169172 0.27010990840644533 0.16680012089731278 0.1947858242493535 0.38584704405526016 0.07424928265256288 0.02760006609011977 
0.509536667920317 0.1795784789437676 0.3129795239777536 0.3485002397811239 0.13389842129474325 0.2579135122052521 0.2655437845291259 0.3178269703812584 0.14336846703819603 0.2586385138945789 0.3143162488250754 0.27152361571411626 0.37672662297634296 0.10840646886580463 0.251605668523977 0.08122582380344501 0.09199809432694976 0.3797979667967443 0.2676151092127044 0.22003865060409153 
0.2848237558433892 0.4139752069784496 0.22152566846722782 0.3584061393132995 0.36808225217615176 0.3414476501465447 0.41815617838279096 0.3603033851502839 0.09793461701680499 0.07622824042029497 0.3946732162214313 0.14064073104804703 0.3258324885549368 0.2814419543660271 0.43824247056892357 0.15346656727704308 0.3039661859767412 0.18370219464320536 0.24434406111423312 0.20254656317188777 
0.7303392438559051 0.3641251868263352 0.6436998802763553 0.7079087905829712 0.3714236199293339 0.12390651816801444 0.5991474132072203 0.1298558837655273 0.4349845477564405 0.4206596035408657 0.07460473439095464 0.3678798144853589 0.725854571377404 0.461040270175917 0.5578334090296735 0.3797135408795754 0.4224038887133078 0.4713706385695728 0.6173680676348208 0.5660600942398004 
0.11878353090379215 0.7151015452564642 0.386635918609277 0.5491655225544245 0.6692764507018689 0.5831865755293276 0.6872145603710417 0.5705860084191161 0.39635902067517714 0.29679246014254607 0.6226434727218723 0.3326820030188576 0.4735938345502227 0.5727903320380857 0.7214041255288073 0.4545863035739819 0.601770398474715 0.2280437029477271 0.4556818243003178 0.44085053543627806 
0.2999142961108765 0.5267992946277852 0.07507349306808574 0.16142663488578732 0.4781232891420539 0.5981343611175197 0.3649104848447631 0.6329705075500552 0.2842609978683667 0.3624772970881911 0.6558342560579413 0.4285808498201359 0.07307361840302433 0.33711328351976805 0.4242088119742445 0.340818525278757 0.3867822565653425 0.43831331876955865 0.1295830117583667 0.16711103063859556 
0.5277100468605901 0.17678333233087423 0.3512625230128063 0.3943743997171234 0.13894010092757147 0.21256459232668232 0.3059127426125269 0.27428953259878247 0.16483916299902157 0.2559616344309415 0.26846086283003545 0.2571669638463504 0.4199193383802263 0.15222657313806962 0.2851674498688639 0.0970662946604005 0.12659833667366976 0.3718967225998467 0.3105814973718922 0.26161201124118605 
0.552561037008239 0.25070181514520457 0.43575596759119467 0.5040442700747106 0.23067534813676713 0.09430522853247597 0.4253327001603451 0.1542592729640275 0.22801602156361045 0.2469775491758882 0.15215084135753953 0.21657946162385303 0.5178867969658913 0.2722080570841565 0.3999303896886664 0.17144937969748686 0.24480929222217032 0.3367420011156286 0.40980587968782706 0.3582351216185827 
0.4733858097918073 0.25757828368291297 0.343892024921453 0.42034925222242486 0.2218352013210911 0.18081937398300874 0.3713311257050269 0.22747479588817587 0.13584093788182658 0.1817045694555008 0.2392166480248548 0.1750381851087675 0.4282713602746637 0.21206415759634553 0.35977333991098587 0.08239023731484932 0.20002626791690298 0.29196582610951965 0.32132273845993314 0.2693748245185477 
0.4092377650615512 0.2799707324081915 0.2034643582466307 0.2683031587501755 0.23069207618955395 0.3326542934805046 0.2653721714016726 0.3795938592109766 0.06204673435036439 0.21015646030444946 0.3911233125930171 0.2495837565495964 0.2777860208472202 0.12414777102011841 0.28080582990846015 0.07040163923362326 0.15268295945350202 0.3329628691940716 0.16943203158056042 0.1179667334746708 
0.7460371041160738 0.1818984539019297 0.4715572427130369 0.38858866939574355 0.18780538869084634 0.4915488483200687 0.16332754410600744 0.5623757707850129 0.4093007686508945 0.5475205876202822 0.5337744805038018 0.5659211994462231 0.4685919432297531 0.22680673885647426 0.09560860329037993 0.3670976286497945 0.20677568840331112 0.6709260564872339 0.3943262843897407 0.37954634934787307 
0.32112193240597803 0.4367711085110933 0.026445799262389946 0.14930737646208755 0.3875827436578468 0.5089463443429528 0.3019322692813748 0.547437423349703 0.19633069677505785 0.29616568936668775 0.5670569309398282 0.35896303798393436 0.10681392576885158 0.24840130872532765 0.3533098551597833 0.24890209476655428 0.29683034130127434 0.3900956078876965 0.053737349378775306 0.0747880222712026 
0.43252634739757734 0.2596146697228727 0.21281708146386705 0.26043856168671353 0.20996936372206776 0.3375619413979622 0.24077820194767904 0.38819788250974524 0.08779233293709172 0.23515265752767361 0.3958429475614533 0.272036560012122 0.2786380719451022 0.09790109346108242 0.25461551246642866 0.0810938817275414 0.1285283673894671 0.35838010544473886 0.16929698340513413 0.12013581456130479 
0.3226403846184519 0.4057224268110126 0.05977382130435738 0.17640942586165517 0.3561033859894443 0.46646221873430277 0.2955006395311648 0.5049400876098802 0.15378817521819038 0.25936328748005255 0.5245423884826916 0.3204750431760523 0.14771967960868382 0.22064185040902276 0.3402672749237869 0.2070310309953874 0.26679850181700626 0.35943329752112524 0.06423437608166663 0.0493619000358372 
0.1604270854057527 0.5749495107616 0.14199124084350853 0.2945552437082478 0.5252066273272519 0.5687081560287284 0.468433895769062 0.5884903899330977 0.2733702278521429 0.2887937045736558 0.622818705427486 0.3552388920098257 0.2129142301947531 0.3961577580991973 0.5175037315337299 0.34070472045625555 0.4393485837847469 0.3313478815907444 0.22043638521281742 0.22770629662574873 
