20
0.4335240697424858 0.10852202462474604 0.10277824221792321 0.6130672768412119 0.23553193535726852 0.3935406520681629 0.25673380226623976 0.10901639605625395 0.5797970158250383 0.5125715451330406 0.4474237087223281 0.07435638766916658 0.6350918929142202 0.5401179082076208 0.05406571508519464 0.5212619942681387 0.1344877739959152 0.5899145946790483 0.3214876709622791 0.18925907957537202 
0.5953874142493704 0.7005407408549252 0.6224471848076256 0.2667442057783189 0.4482648270872535 0.6299798957228164 0.6310260005532744 0.5045600388251713 0.09328516463570467 0.19000529114238918 0.19599210670797104 0.5201996593907782 0.3394443841632439 0.41395199273659866 0.6330297137849886 0.3740065585543565 0.6601752722153549 0.08046693179585031 0.5086525059328644 0.45919231823651513 
0.6030085436296968 0.4978036431118807 0.38510151677621485 0.219539848519728 0.37179095376655535 0.6074385596028414 0.35464612997959677 0.3474720502026938 0.3328365695109646 0.12944340975322943 0.08975812064159266 0.3373450683093616 0.530597691140407 0.5302247377974867 0.4171913103702679 0.16897614519110146 0.5032803056670017 0.33241138386307273 0.22334448130010673 0.2146235227119473 
0.11716980562305718 0.4437360414861471 0.4757642686121865 0.660910322853597 0.1565179204173704 0.1499348503883984 0.6008048965304585 0.28096626228856025 0.4121609488324292 0.5365997431959869 0.4712862879114792 0.32798017990556505 0.3184258410171755 0.18480384414150994 0.4329774818587683 0.6596687870836772 0.3347319342319809 0.4280874659710717 0.5866441943770312 0.4316191044963383 
0.8151420559326188 0.7185658295793342 0.5935403488324765 0.06055595120604288 0.5969219466963948 0.8275370679369117 0.5178477583505967 0.5794507796099346 0.41299134883353666 0.1667638812978184 0.22780642901714956 0.5672977589082249 0.6549711414274059 0.6975528032668747 0.6355466811870727 0.12243341375392272 0.7339401358735064 0.4034191223071079 0.36729335459271045 0.4316520743917692 
0.6764234608686839 0.41232289980478515 0.2738468873176054 0.36081751614749213 0.4305251170616749 0.661145465082235 0.17735900980842462 0.3452925004025731 0.5247684126337617 0.31559882409675005 0.28706956630369945 0.3110742820679873 0.6982722904737454 0.668417550999795 0.3294224407356217 0.2216114955128827 0.4651672575647459 0.5259751137681261 0.027926254414983597 0.15977242637706748 
0.6799728167061329 0.5197112705338042 0.39267754217270423 0.21233888230106604 0.44196148042633043 0.6795777103913527 0.32572436144093586 0.39736646089478456 0.4116112214530744 0.17210583222280398 0.16374783210279154 0.37802834261982954 0.6173354206398632 0.617391901934892 0.43620646862967166 0.10029052441395916 0.5443910013618911 0.40942653866408485 0.17832473673098115 0.2339391484392635 
0.2895656994808294 0.22141811665256594 0.3353171046658774 0.8000595072606232 0.25916351537204413 0.22642857757864682 0.49528199302327736 0.23925192545569163 0.6630705109457233 0.6843674054948186 0.6139085399376387 0.26062836490858265 0.6239137449475142 0.4923198593126594 0.26995763791172755 0.7362662852456523 0.11007129386725667 0.6770490844454916 0.5606816280450198 0.41378178288608 
0.25464604411139624 0.2191710890073591 0.2913309513883301 0.696680199606191 0.1534669876243652 0.20711760707573026 0.4437702926372909 0.14546534006712908 0.558304282587084 0.5793647355235366 0.5087295417056923 0.17845246061176953 0.5374464031719213 0.41518973675440596 0.23290754143277506 0.6409190714853481 0.10243012226033839 0.5719707746693342 0.484715739377218 0.3297133191044692 
0.3073782659003567 0.3444307437100409 0.31990482655193664 0.49462022494058244 0.07401211960344387 0.30739928232480196 0.41654800841998324 0.13976323274832933 0.3492357849509875 0.37265927163848156 0.3023563245121616 0.1751364031037523 0.39092297464132264 0.3133947012706717 0.29882901644910304 0.4675204368701815 0.28040375333235934 0.361681138030916 0.38508770888618216 0.23439885869874874 
0.4180698355130115 0.06467510785647444 0.14410301118195556 0.6761885409759171 0.2532234190665555 0.37027320032666383 0.3043232522638804 0.1429580885538834 0.6249060430895839 0.5734743071960885 0.5071211074359216 0.12531659103665346 0.6591082827225375 0.5532820524574159 0.07856389570192127 0.5860168539535684 0.0815781138995549 0.6359550300144706 0.38296992747457725 0.2540115641131622 
0.3940502993537396 0.07975415222780398 0.18842026762379604 0.712817446739011 0.2556734790592097 0.34185957230501135 0.3486727020474402 0.16310317811687328 0.6427553878319676 0.6070558752983746 0.5394317627207748 0.15700104562001307 0.6601388447190554 0.5471896058947522 0.12257329834388171 0.6273072466897003 0.042800242407324614 0.6545536039463599 0.42794926642252634 0.2956006225692425 
0.5963549992111872 0.4770492747599836 0.36306968934138967 0.239496912037847 0.3616441310540262 0.5984312381657303 0.3328876607948109 0.3309163098718348 0.34810963291982655 0.1518923673967655 0.10937622685355028 0.31886800134763854 0.5391686922110197 0.532902291068381 0.39602988153267515 0.17635438307744533 0.4852790403567951 0.34845139564593147 0.2039695446619938 0.19289238234246134 
0.5530621494035036 0.6450489779069833 0.5685312886364321 0.26838591613625334 0.39532876974792786 0.5842801183811241 0.5825900009405824 0.4490362878272652 0.09405121291205232 0.16977667891421844 0.1571797961389545 0.4646660681595031 0.331231871605089 0.38718245254680467 0.5779653384503054 0.3536648258059853 0.6049779657635366 0.08957384889917168 0.46546248596599266 0.4070206235423474 
0.28789053405445153 0.24363937633697658 0.2571370830075331 0.58666102880108 0.07446686250708262 0.2628903718007772 0.38818263012988335 0.06379517712985051 0.4634805281960628 0.46920096298039476 0.3985832925381955 0.11072529210371625 0.4801421969633992 0.3779413295182445 0.21701362992243411 0.5355936049296806 0.16628509955237553 0.4761319803331473 0.39998614174896524 0.24070520884613109 
0.426439311305105 0.14746957822082024 0.11254620731826624 0.5760163570009045 0.2129289800680955 0.39173430969474626 0.25182357992686766 0.08360953981684371 0.542670713442665 0.4742421405744854 0.40874767526726596 0.04027669689397815 0.6057136531709039 0.5162603451833827 0.08414204664383533 0.48810574750067526 0.15898281412942253 0.5525305333966323 0.29853756700234835 0.1568332694073739 
0.39580592738546666 0.6374557486474102 0.6046034266737319 0.474139583745942 0.32874934266907746 0.4429548735794247 0.6692489616160974 0.4332871497002877 0.13749947495866946 0.3656392254591121 0.3273879494505887 0.46701591319798624 0.13441864824130828 0.1876363372782298 0.590963978549054 0.53993079740275 0.5614723172927487 0.15326211875310247 0.5869704741759482 0.4773520075180552 
0.3720865091905341 0.6332393932991361 0.6067187691031369 0.5008121510545555 0.32047289611236385 0.4212121859404047 0.6777222570744486 0.43039117532858423 0.16588358182604132 0.3906843224526892 0.34988515114740254 0.4661331795495675 0.11615203638403018 0.15929050470121914 0.5900294917164404 0.5628137279963711 0.5528800320152402 0.18158280283560646 0.600733512933875 0.4855683044536224 
0.7395103476856956 0.6481164584334257 0.5271480794279617 0.0727299115710176 0.5195283905308755 0.7507496413284567 0.4649122478193806 0.5032891496270684 0.36260446962162973 0.10154286143467854 0.15379716903969762 0.4926347551054781 0.5977980072505614 0.6304467159519666 0.5658365919885046 0.09819199641627965 0.6589184998085913 0.35518879859429736 0.3160312359695446 0.36144669080576414 
0.4974837789143149 0.5933957770387617 0.5238520456326207 0.303412410771266 0.3366871481914069 0.5268753700309161 0.550599646555811 0.3946235314471119 0.10569489576045335 0.190133841175587 0.1544653054785986 0.41284529296741107 0.30829097758455837 0.3447631913207385 0.5290383252731072 0.3651619921474885 0.5488669448202413 0.11043788162458476 0.44385106848505496 0.3680905880539365 
