20
0.3004551383644832 0.19727481117940376 0.18056697199818617 0.5396794285149557 0.21209699577660798 0.5478297777751701 0.6207519036570454 0.3410225988153633 0.4838928314818334 0.4777434551177807 0.2580198263197223 0.1520879087846111 0.18337159709297318 0.6867113998541682 0.7026311037754848 0.34578578970618884 0.3105978113411675 0.37513692693895334 0.3903374721048056 0.49905602851014746 
0.29050976270403905 0.5307115686609173 0.4364610256851795 0.309409704356412 0.3761961439825141 0.2708360721249743 0.26851083906286205 0.29582806090545455 0.3174485055370453 0.187719348438361 0.377443558521613 0.4185738431496564 0.4217341452478336 0.3196019777063442 0.2363924179757699 0.42483771435324263 0.397572995053804 0.194450732616549 0.3798534050105986 0.12325307772098155 
0.15286589271273907 0.36314392813721225 0.06393769810800844 0.540355736464886 0.10264554952602235 0.5304774734446424 0.5876790830859866 0.14707795708560326 0.49672503891365427 0.28972145715058634 0.06059072731095945 0.18356255566382865 0.07460153626330064 0.46865194338538857 0.6321227142845125 0.11166442048407527 0.38078101582176344 0.27094907744344277 0.4447597071719176 0.3330469180668334 
0.3566340982093816 0.028552336354441 0.3231490818495293 0.38275972018672105 0.30509275669454 0.4049418413320963 0.48166980266973997 0.4201700098503923 0.32567914637424683 0.5172270663606603 0.37419932453503985 0.20675135130497327 0.3129292055574296 0.7461740879613392 0.5875743484766651 0.49101658148535376 0.149145181667469 0.3589035850308447 0.21583469655129853 0.5097004599566316 
0.5263425536723714 0.6319373585308129 0.6590248505930044 0.24636416691246138 0.5945342996545828 0.2162326681508247 0.14129513345033087 0.5537509659309747 0.2987118426042697 0.4688193264815603 0.6192251896501351 0.5970170674978209 0.6418021042069021 0.5754665984811588 0.047969143017852954 0.6913174559635682 0.47128905315875874 0.4081242646534902 0.40822922248016963 0.40412922857527933 
0.2562383865740734 0.3705624469529727 0.37563007168962087 0.1589827399011668 0.31150498702401 0.13480758244219068 0.18405398136320747 0.30081354579800385 0.14419280437977186 0.2786216294458891 0.34672415739682727 0.30889996422222127 0.3580081028951036 0.47869550838914743 0.24575270243778488 0.4389831811996171 0.2217557552044073 0.14092081450997798 0.19526522081575629 0.23018033401844343 
0.5014932482516469 0.5564474891353364 0.6222605281130993 0.159503778797807 0.5584173085650882 0.1391636347657198 0.06530924352093997 0.5394843521525705 0.2159445436740014 0.47881725727599966 0.5931479655838661 0.5455044665162629 0.6045418837458006 0.6199815288251803 0.10355624789117555 0.67887076482027 0.3960614201557521 0.38326243154882933 0.32630401030101047 0.4162985510523801 
0.4823399178641725 0.3182711842615271 0.532718285147324 0.1926481925546369 0.4847821771700586 0.23337312731600526 0.29087814927285527 0.5454317798483665 0.16686729414622356 0.5720374482224139 0.5476089160058798 0.4157331905198814 0.5166284518314037 0.7831459621463857 0.4128024079698829 0.6641688639939703 0.20799265693406147 0.4058622383953857 0.14448549463888294 0.5318836248621502 
0.15903734561567065 0.4910976930764492 0.22537276607205767 0.5343493392489381 0.20914511662830676 0.5115740179004611 0.5492198798365824 0.09278957166164431 0.5061813301820642 0.14728493058721567 0.1485669385118652 0.30740090584259744 0.22350465689994123 0.28886145859829254 0.5586751414684705 0.10486242271921187 0.4516664898197134 0.23972589208639947 0.49286040018697463 0.20882190676037388 
0.08244675238870468 0.3616128455206558 0.09388124593367726 0.48181032642463895 0.07668328867603924 0.46852130926327834 0.5219120128478513 0.07616315558912302 0.4420675214293753 0.22046150721895763 0.015854896116680447 0.1759207275588744 0.08892338551428768 0.41516697813989667 0.5608452359654991 0.11772184470329546 0.3473566457984999 0.20128373576214714 0.40275708299827323 0.2601095350532634 
0.26265431061814776 0.07949427734452258 0.23534095730530982 0.36420363866745664 0.21154600773390997 0.3773981015528604 0.4529206204569406 0.3257070359350955 0.30716781923616293 0.42710468581628575 0.2810061532162404 0.11492354505917105 0.22341466967527407 0.6552170278350611 0.5469723677661852 0.39906640584616065 0.12903260487003584 0.2759228854943243 0.20878396412719566 0.42440617331567854 
0.4470308256093753 0.5153170228652489 0.5687434693548007 0.12792876488585678 0.5047495272211981 0.0974902340616839 0.023015952376879662 0.48514125734987706 0.17966798427710357 0.4276157938631868 0.5387631775889661 0.49455367289206925 0.5510650560757214 0.5779886670776746 0.09906424313127628 0.6245249883868507 0.35445880481305625 0.32876662308029536 0.28943236093187497 0.3659565414971625 
0.4460463745134069 0.5348550464610656 0.5725818124030957 0.15554759919434966 0.5082301406010459 0.12136802447130665 0.05336816221311723 0.480407082346043 0.2043220155941247 0.41417233815650567 0.5385262944088025 0.5041004645016023 0.5550656019635167 0.5552805560221189 0.0695531458605928 0.6196155907573473 0.37427399541824 0.3271710366097314 0.3126077487283726 0.3512459053266363 
0.48041532215084526 0.33629120849826466 0.5381173008256946 0.16938596167781472 0.4879613742138372 0.21056868458889866 0.2653966716338473 0.5423296279086969 0.14921377381089543 0.5621133610417794 0.5491146895800525 0.4232775336218009 0.5216548819920711 0.7697367051370423 0.38719303336278216 0.6642659847865207 0.21580543033346233 0.398497601365513 0.14562991954206697 0.519671852058835 
0.1616644513266278 0.37087982533932073 0.29629488014622557 0.2620567578687158 0.23224940548517534 0.2386685798574345 0.28169931674940907 0.1987931305357546 0.2394549789084536 0.1839188132178481 0.2544679000525309 0.25838469902662936 0.2796384483883736 0.4007495659797221 0.3185238492620679 0.3379310375586999 0.25195222249429616 0.04298331616857808 0.2573229019151586 0.14840138874475028 
0.2596678167689391 0.2829929158834217 0.11572411379102059 0.5733645277029482 0.17110553801527134 0.5744035440748981 0.642392825535525 0.2829292034164439 0.5210197970273406 0.4265344779858438 0.19185957385143212 0.16455890166500495 0.1273438247646429 0.619017339787631 0.709857773952323 0.25698645957104105 0.3639837953098749 0.3585971288363791 0.4409805902843236 0.4592477904127623 
0.44713304250957503 0.6207408359521076 0.589171852501466 0.2859271500062339 0.5259066232666677 0.2457412336596775 0.19534230959522073 0.4622383710931564 0.32306167438965216 0.35822787330977107 0.5381414832276528 0.5484586345460924 0.5730476082556297 0.44655552633751916 0.09442457774973044 0.5946443834138974 0.4666020496230337 0.3356595804336666 0.4204430443755501 0.29414207765600875 
0.4102040775869819 0.5209190838495128 0.5401130003399658 0.16290939466676413 0.4756288119675304 0.12337606217844896 0.07730161723482108 0.44217713004626436 0.20342414921894053 0.37291190528738616 0.5029794472029954 0.4773158161229342 0.5227773610833552 0.5156630386693455 0.07843004486460965 0.5811135533966904 0.3618179234708567 0.2913784055725615 0.30664302825889855 0.3098554198146302 
0.36108106598674855 0.6950207659426054 0.4771069966649939 0.581616909034167 0.4427377117272635 0.5453838146333525 0.5470131393061507 0.3122809173906382 0.5791799889012492 0.18867546878837294 0.3985255455317201 0.5290354303942213 0.47096892713022503 0.043215479458242584 0.49827452417211016 0.36059198155329464 0.6049592073764071 0.3552012721182636 0.6148151017030057 0.20958718543794333 
0.31599256510866813 0.4630554217882768 0.44911035923893355 0.17888446792069573 0.3846793544991994 0.1397221622080981 0.14578755326749993 0.34693929343223623 0.19354824163280027 0.28410866247579475 0.4088706115526674 0.3952285310372797 0.4320542828015586 0.44938540646833786 0.16429176612595003 0.48592203860104793 0.3114710506552908 0.19754466059265033 0.2740451666621188 0.22342334747241718 
