20
0.04567620537802806 0.33155944286455785 0.3135493134100075 0.03264187035876572 0.5294912451286344 0.40387971234947867 0.34382595534367977 0.6641414987842524 0.42692562009080076 0.16686113052208634 0.17874889436052566 0.21164327217499782 0.35497177829728377 0.4893452612017945 0.5921626925298313 0.5273918165215522 0.5692996921107122 0.5030661166505748 0.2861104980385955 0.501400133159041 
0.29529780940754397 0.031222646140038276 0.01303815119610721 0.3016648211528582 0.32952209751527967 0.4669811975472926 0.05040764333057514 0.5366592471463637 0.12694893140756833 0.4286893488097488 0.3561801812446862 0.3227474307193354 0.08329816200057517 0.19011840894012155 0.3933507758273429 0.22162041907087035 0.3631287649280879 0.24799385642774763 0.16278290879815166 0.200297794665231 
0.2950530524425817 0.28493440948370424 0.2881591022701257 0.3083824721072327 0.23600651670744952 0.1775189835791921 0.27644966802001164 0.32456899398162414 0.40706598541021105 0.32287357271839157 0.21699819994656527 0.1553546792950728 0.38274229965223266 0.343239789742884 0.2852358419859333 0.3876740201398831 0.2720513290324831 0.2776442968757939 0.42767094386640425 0.3556646435973801 
0.7052832338171577 0.4850660002742891 0.5050007779549623 0.7176302332359995 0.21518488790327833 0.548966758301605 0.46587754441640133 0.2426161741126636 0.5171200040971476 0.763404820649212 0.6573720609693444 0.5955473090234473 0.5613945591938055 0.35815907046793893 0.1569636903996645 0.3623364618419527 0.17548012193883505 0.2684400891910616 0.6764462853877443 0.3565843388534081 
0.6463675873522678 0.3628517180441789 0.38386375521092847 0.6566926276413189 0.23461315661683665 0.6067788182608478 0.34563393472451653 0.40255527580594297 0.3495922922736743 0.7414217437137403 0.6409191752405913 0.5832882177392247 0.4106614632305357 0.20343050350260433 0.2310940952474114 0.1858086403827969 0.2171362759364911 0.1812251694806059 0.535065874588171 0.1954703293585689 
0.6692979167821315 0.38181500389549555 0.40272890740428463 0.6794544068985809 0.2605841466804468 0.6330662191438555 0.3650395428503819 0.423644306890144 0.3612163635120797 0.7661385409938307 0.666051623209619 0.6086903307101013 0.42492892446325603 0.22052912749672693 0.25499312566900284 0.1985668274866861 0.24217573886957067 0.20633962481690754 0.5499237291106409 0.2115749747374384 
0.4981774385615235 0.5164737252928562 0.5228731564926697 0.5108924830879427 0.33407700962028636 0.1564404642037169 0.5049264460490295 0.2310793649553594 0.6308440102615638 0.4617106968285232 0.3763526811053276 0.3319938072401165 0.617256459142324 0.531724968977504 0.33757405030370263 0.5710572737505727 0.3476763279042054 0.43312420370069765 0.6684081998720364 0.5418832335057325 
0.7015220959366559 0.39972663073668935 0.41977024596892576 0.7107221351654998 0.3305388362416557 0.697610970150338 0.38514098204282415 0.5021984286617049 0.3534448364328568 0.8085986861249342 0.7120066497949206 0.6571144210473813 0.4244099469519767 0.23819356767446595 0.33125353140690006 0.20363404135060673 0.3161554666200334 0.25843308359163963 0.5493587778357536 0.2264929452730402 
0.40781879037261864 0.11348294103732329 0.12071459092614995 0.4131539601132861 0.35573586688211595 0.567021415694184 0.1170917111814712 0.5777323110244804 0.014975207051217174 0.5442125842048936 0.47178933485687324 0.4361140391366851 0.07549033900984331 0.14814168087266474 0.41188724464970733 0.15640526005708338 0.38090405795835247 0.24913936736459447 0.19940909603902238 0.15137294779845603 
0.5694658866117197 0.4699873064633285 0.48348582461458095 0.5827927314606942 0.1978404341389987 0.31259842449289243 0.4534404978641417 0.05051404035168675 0.558987709834049 0.5812428885984258 0.47960750990723156 0.4212802294508004 0.5695028544891302 0.42499013292386956 0.16962965387166673 0.45509912855761464 0.19141204457331032 0.31274872497639195 0.6531749676492904 0.4317409263699976 
0.4143494067857281 0.4230238042648881 0.4287183989358306 0.4273989148265185 0.2727450959804054 0.1184180155803153 0.41215202240472215 0.24262333033181593 0.5396873528727154 0.3973276493090992 0.30245319869527826 0.25117734961542754 0.5232783160054943 0.4497362299612556 0.29278400597923127 0.4910398550541038 0.2950429565331159 0.35872066487825166 0.5731998419132653 0.46067780510774714 
0.23132511056595595 0.16615101901246893 0.1653522399929225 0.24336590814381082 0.26017454288443725 0.2914356217173808 0.16209767972345218 0.4177720334561471 0.29244289321975125 0.31730951132686447 0.22086557283353273 0.1701151202171793 0.25862660282912153 0.26744200696983 0.3235151038668335 0.31198623698942235 0.2999613757016119 0.2444113710590593 0.30049578932517707 0.28062026835032133 
0.3902968080939658 0.1329260802425174 0.15222480357318477 0.4006167080500135 0.17049306919796883 0.4183302460961504 0.11378492581899198 0.38908390932499115 0.20411676005392254 0.4911641277298228 0.3952073674836511 0.34211556470434884 0.22141858158443142 0.1012510857980442 0.23184257922756063 0.14590973395750478 0.20108880344269536 0.08689076244643354 0.3261376174374962 0.11380098216604097 
0.2159780355973703 0.19374406544237396 0.1727871851998993 0.2151146573267879 0.4771478393168368 0.5113314167509563 0.21229387339063013 0.6661885418773469 0.24263894282832713 0.3649528439387266 0.3312961739311133 0.3264917687886933 0.166025035041424 0.35186391926166916 0.5426195218249965 0.3791973144374376 0.5137514934762213 0.40822547784771995 0.07855539407753609 0.3611633444806497 
0.09852873027382159 0.2247528710421833 0.21115163096930475 0.10982989430836326 0.39450741572733417 0.32528197769304096 0.23233716458237613 0.5379332256151256 0.34002082083157964 0.21495886454451182 0.14914764198391928 0.13677320783304237 0.2796623188338091 0.3703212727490783 0.45742047499797434 0.4115427110959018 0.43431037103128467 0.3715246875368951 0.2606131092432358 0.38303359588794145 
0.48424774836097534 0.42704058031025915 0.437297054421535 0.49756709314284187 0.20698438249970538 0.21893094907258379 0.41270630219175564 0.144815856693891 0.5307466614945042 0.48723980035733183 0.3870568638744763 0.33025358841173924 0.528767816693358 0.41602771772858455 0.2092071241755967 0.45270671667016865 0.21888603181471417 0.3115041544346413 0.5984194035893079 0.42513633089019875 
0.12724657952073662 0.24088427693243322 0.2310352252255316 0.14032718165376945 0.36554145797992144 0.2740883596958161 0.24457647735761132 0.4943241875378481 0.36332268185471916 0.20717510171607914 0.12039155980180623 0.09129480438003366 0.31004282994630883 0.3716046336052487 0.42617541790056784 0.4148716718336871 0.4052116141816124 0.35697505566244314 0.30595760715948367 0.3846734725537745 
0.7364736291248234 0.44593293775031273 0.4666908124978395 0.7465402168195496 0.3200314692516761 0.6944898395849538 0.4296504234565637 0.46261223585798306 0.415748101396304 0.8335874513925968 0.7332743961659873 0.6756551180918745 0.4829860293666849 0.2835053494268353 0.30561278208511583 0.2568637367935596 0.2972665216851274 0.2735524776123822 0.6083653091478947 0.2735938557025376 
0.009649156347687385 0.3021203005203841 0.2857977579417531 0.021054541910429284 0.48156599501171604 0.3578058690353202 0.3123889607049429 0.6127924663715897 0.4070741965825911 0.15572518526161414 0.13858695323014172 0.16340246979449627 0.3390317557302367 0.4548989535695062 0.5435548346121636 0.49474034934878397 0.5213719973372705 0.460615160539641 0.2879189727950679 0.46734190985535384 
0.5060352978794441 0.1944065757256471 0.2115074893095934 0.5133159844467329 0.3065809214224315 0.5963083476374909 0.18518138000775722 0.5286616562548836 0.12848634067861758 0.6309553355222736 0.5461551671362748 0.5005885952605982 0.19970843171206384 0.08192496574439613 0.3493352334628535 0.05166504255161349 0.32033346724925277 0.1916249399789786 0.3242610346026967 0.07307724932780031 
