20
0.392375819084822 0.7393411624987957 0.062165963317922054 0.414905835488296 0.570576651637812 0.5043190401197756 0.22828907430926038 0.625217055908558 0.6161812156093145 0.3345187692529585 0.059536760370909735 0.3370157326869745 0.1025433447471064 0.6543093819651894 0.5424910487521006 0.058257913493650546 0.3166407113754155 0.6354623965957522 0.5661375563387184 0.6309232571149287 
0.24901103439170946 0.20497941376051743 0.570659767690718 0.159949456640622 0.42716541831842614 0.17815505113681768 0.3273441200980717 0.09309347034096623 0.10707463574767877 0.2679476924867045 0.5531213948155399 0.3096845716101866 0.4619504685654285 0.1287221706326987 0.1389641025968784 0.4791735588756653 0.2509757381251682 0.4384107461664971 0.1066817786153475 0.09669736653114619 
0.31231670659871297 0.718955808676474 0.24560472624881569 0.391816273833943 0.36152254898495134 0.6096776140798168 0.2609252640306163 0.64286217227441 0.6551862438116626 0.2833014649289994 0.23514971613540137 0.24419851685373017 0.34604316217397013 0.6797214575029034 0.4836472350941915 0.2721246181410213 0.4434265020399925 0.4308810854378969 0.524414990415044 0.6236360809837888 
0.12304563321734614 0.28470214022819845 0.5129921576536655 0.08593141771984814 0.2732680445337211 0.30911785886407217 0.26652744022990166 0.22920296112648483 0.2580967591561318 0.16834198004048734 0.4944476494983756 0.19299899716673163 0.44544774072831655 0.2672130685129718 0.05068028710864489 0.4371054778556411 0.28925778371651595 0.29098720207228407 0.0902529263823417 0.1960657685147597 
0.347042588437936 0.6922825160936785 0.4959506112791398 0.4398209823737841 0.2061475675933427 0.7044659429935942 0.4152012452799267 0.6613979017816618 0.6899656094379046 0.36237986745203266 0.4834667543550485 0.31423413185147303 0.5664768554100419 0.6992368095177006 0.467343588779867 0.5015342779945321 0.5846288027495933 0.25911498035670955 0.5135747623078247 0.6235424724131038 
0.3935152889268433 0.4686871182532698 0.4710582176855784 0.31981142184188016 0.6317404517534749 0.13898984462862424 0.3230445019505036 0.33646445596449026 0.3010909962879603 0.3626476482825534 0.45927548264777723 0.40948152736772175 0.31313235506035203 0.3456051792511608 0.4029899417793873 0.37293915712849973 0.14031278760029214 0.667133337309721 0.38905175021658367 0.37515999022708313 
0.22913060710391667 0.25815381506471574 0.5224459776762084 0.1356218630680785 0.4316308722806131 0.14970901575217485 0.283243402449811 0.13897151398087845 0.1383650973207039 0.2370529005857402 0.5052003344781035 0.28246688750817456 0.40942987741138476 0.17035988330623517 0.1611226542889517 0.4292952958773345 0.19726354857826223 0.4510971955866141 0.1415635115838816 0.15028681504794333 
0.39338692487032423 0.42878478619383187 0.5086976276679491 0.3126349444835773 0.6271982505721722 0.09644698283503414 0.3430243257524781 0.29747648647571767 0.25959414137652514 0.36896537933148965 0.4960679073658748 0.4172086420611539 0.3535799494729213 0.30376052913942714 0.3825281058218138 0.4095823693437361 0.16010403307989593 0.6581684429053307 0.3639228983011433 0.3394101319406833 
0.17950779657066676 0.2878126590049648 0.48391250030385874 0.0858735836528614 0.39013764603806783 0.18727658110320383 0.23990177208627964 0.18015296991920712 0.18624297011431795 0.18701137673450355 0.46625247334262915 0.23213421624464345 0.38104586473828395 0.21447999592860484 0.14076444807108485 0.39370085390253634 0.18446389329693194 0.4145594225143095 0.13620460520808558 0.17935777578150444 
0.22833468010317318 0.2392833900717108 0.5371546297783398 0.13612022405094212 0.4216817021016629 0.1654259082625881 0.29516946048793086 0.12477633516692653 0.13075777289129886 0.2415658802977627 0.5197057525825969 0.28531933710810714 0.42760614963251037 0.15847219357274253 0.14426761274669275 0.4451813700607833 0.21788122838202179 0.4383263818675545 0.1215433089615409 0.13084939313865823 
0.3110078976888367 0.705621002463307 0.34990801865512544 0.40157858586146583 0.28679452300662367 0.6465793078637332 0.31616131237798867 0.6472101096602404 0.6667068934836318 0.30121843016251254 0.33859559327559785 0.25380769063855 0.4370970624097986 0.6851430875636716 0.46901581534911707 0.36677270358016 0.498260361059524 0.35399999924999276 0.5134441749212045 0.6196945683508766 
0.27605818982574903 0.5272703470167428 0.2842992332305664 0.24524680147885355 0.5112351562637482 0.269749516714211 0.14441979583615536 0.4038987582246587 0.388611240070275 0.22527531792673755 0.2703749378886656 0.2612931543829923 0.14369397403701936 0.4292664710085012 0.3688328463076899 0.18451471637374706 0.08228980049162393 0.5614279913005967 0.3783303502484182 0.41914874971597865 
0.3276885737090283 0.5349450557423376 0.6422289660165916 0.3953793240073666 0.08998250676444425 0.6519875602579558 0.47212506550280603 0.5452879781972977 0.5846939490389436 0.3750827756250249 0.6259495400724137 0.34356903673713496 0.6597003643109328 0.5796258338248017 0.3544108235166917 0.6134137842003444 0.5928914409245697 0.05510088228378172 0.39493412581097054 0.4960708747811482 
0.21480209001806652 0.20587479640865258 0.56448340648752 0.1342827008717834 0.37828830169135885 0.22532487968223752 0.3166136003355153 0.12256593674396818 0.14943578042508457 0.24280102948136267 0.5464633774773192 0.28004486408557666 0.4681661885921391 0.16066118475445565 0.08832263269531307 0.4772836343795138 0.2703829665861436 0.38799607068833436 0.05911992349199443 0.10106015515195765 
0.26377153856187785 0.5169232183252807 0.28811564497724756 0.23259037994527726 0.499506656754782 0.265139726028612 0.13575122399849493 0.39440976337461126 0.38015602750126415 0.2134806100401758 0.27366646203492373 0.25026736781402037 0.15207513158537608 0.42037807319648335 0.3564128232856516 0.18849461902190054 0.07668197630555326 0.5493031233794046 0.36633553826334364 0.4086379250970775 
0.3282645527503403 0.7048347684562064 0.41775259995346836 0.42163403389231846 0.24992678875640245 0.6778242989178862 0.3636616454047908 0.6586233772957647 0.6823707795052868 0.33031274796585863 0.4061101965748475 0.2813178562485494 0.49895971882674234 0.6967449421442071 0.47154471881096505 0.43063954498112833 0.5415089713185104 0.3126952013701995 0.5173198077685872 0.6262025183327096 
0.2183821127418471 0.2269114585976933 0.5447660543280459 0.12920475690218167 0.40209190130320727 0.1895977506687562 0.29968244204722 0.12277780568573116 0.1376033191881351 0.2374059907737869 0.5270504683685789 0.2789097451891765 0.44087133104871085 0.15908434602737825 0.12039825707782575 0.45471689447555935 0.23646160107622313 0.4165550613391652 0.09683297967483358 0.1183586609320419 
0.3249296683807586 0.5883464128159706 0.24633784811534504 0.303373297543327 0.5534839175803062 0.3190654201440673 0.17371103097954224 0.46389518726961954 0.4467912304183021 0.27037929725930937 0.23502095300421472 0.3001879004305591 0.09075817833300599 0.48821575453829147 0.42872894612429885 0.14922836237519896 0.13815555639258564 0.6072360602548023 0.4394839367950701 0.48041070795018664 
0.4161898373722388 0.6711090009435736 0.6558504027791228 0.4975616054475882 0.186721362500448 0.7627963910981049 0.5322617024689857 0.6738585365857289 0.710943361808215 0.4520300491045829 0.6418427190518411 0.4108465982302073 0.7053641133145004 0.7093554715492237 0.4789218586681998 0.6478003234035822 0.6788550005473831 0.19003937159463724 0.521972909876403 0.6267613841109678 
0.4077300587170996 0.02188661352065344 0.7774045961589624 0.34274646055006414 0.4898002415883831 0.351206628626476 0.5290749447561548 0.1500963707543481 0.18968420224079877 0.4472704820725243 0.7593357018832545 0.47734246947999104 0.6776723632596657 0.14841177093653476 0.2359790683925274 0.6900549823685922 0.4671569828438886 0.46883981143278075 0.1956102478305627 0.12019691880198513 
