20
0.16042593414700118 0.21868737802508673 0.08299997275589145 0.01775794848548094 0.1877446758279035 0.13005016385820267 0.6204133711405659 0.18575274902455907 0.23666951666404734 0.24254521322486355 0.21246902742736445 0.2441026346906254 0.1552699448250641 0.12937278831505258 0.43620959030553264 0.11032074078361678 0.46931706141790175 0.15427090165898333 0.5508077337154035 0.44357757212930726 
0.567439878797306 0.19404154470028756 0.4891009223585914 0.40685853540931655 0.5782333229119035 0.3234932861294416 0.24830890863719035 0.26418188333667586 0.1900272961784159 0.629329291841826 0.3499282041758189 0.23241079125778522 0.5406795329646352 0.535373791243157 0.2277742202519162 0.29969256432068475 0.11854294873269965 0.25317593807190597 0.3306483942615734 0.5879961810577058 
0.28878006299043935 0.16660588292461861 0.24049546434853789 0.1604290299391976 0.26437919487261147 0.2353557713935006 0.5896148850112648 0.08462878412907084 0.1575967967463577 0.3064959740096552 0.037506460873667415 0.11791471615729945 0.32522173051750525 0.2794889210732188 0.4653723836218838 0.16880287454168125 0.44275967415854106 0.15488816063116978 0.5892958584854914 0.5953390396271506 
0.5758587854720129 0.5551291803475408 0.5201985782097708 0.5322420224944596 0.6504613022441784 0.41948286728900475 0.6204520870134047 0.6051652282549724 0.5870288970561326 0.6956856743617612 0.6899737957098573 0.6423730870025102 0.467884722656441 0.5319195883974287 0.40063994086045124 0.4868882460148289 0.5430411254504326 0.5157756321729442 0.3954770482978682 0.09350229601759436 
0.7669368740741753 0.4432799048684422 0.6836934371091418 0.6198280906592737 0.800305335608164 0.49243904109402586 0.0935864939160121 0.5247985253269414 0.4535643988365389 0.8547794519080364 0.6222284831726341 0.5083350273047055 0.7054679493947145 0.7256184535470332 0.19079710304095684 0.5062347505058444 0.17165836730091466 0.4779080178285659 0.14946018939411204 0.578805871810897 
0.42106120214361265 0.05405650508682105 0.34300834921156476 0.26054181027153445 0.43376968885911804 0.18831116479681573 0.37488057956467447 0.13553319606318132 0.06854312207802389 0.4857898701941441 0.23537857789702615 0.13074565100633598 0.3978981386871524 0.38935877075558434 0.254470971929904 0.15445120087231032 0.2249226518851874 0.10679845213728485 0.37791116478702486 0.5066177077483107 
0.7109136587868741 0.35221041898114314 0.6292124305588837 0.5538750088016643 0.7313412415237065 0.4461428770521328 0.0805771325710969 0.4282700656014902 0.35401349094541645 0.784162939640444 0.5175254294661552 0.40018037428005115 0.667566656667467 0.6742320323947015 0.20944293730714683 0.44089320265365267 0.08544321810512935 0.40173341641745186 0.24911592938242294 0.6235415228336256 
0.4722782797857818 0.2810654293509912 0.4356140339950631 0.35876381792235496 0.4285167986054047 0.41578056232586497 0.6153558684310851 0.22433255190787166 0.2520546524666116 0.4563927748149624 0.1618852092635671 0.19049658169328443 0.5219167679651298 0.4710495875215859 0.5654314806114175 0.34782216810670985 0.49200374135175046 0.31336093751543587 0.6856255083820078 0.7787125708797563 
0.21849283530223523 0.3179089589106131 0.15738924951367111 0.18589310202237455 0.2889960791161172 0.14982504902635868 0.6328129946213046 0.32273367886483423 0.346289314155159 0.3369195626113907 0.3752142436408334 0.37726718897521916 0.11896378632296835 0.1725750767614793 0.41026430287329035 0.2016516634124158 0.49243455492494037 0.2520965438652335 0.5016172672022077 0.28294170156642856 
0.14960779665424792 0.2888969808235481 0.07830484699586987 0.1142438326780157 0.21297009483847695 0.14301628696430121 0.6512661010557106 0.2744304811341525 0.312924239989919 0.26353079461189954 0.3104243645721984 0.3320236968556929 0.07872287782933934 0.10332427691185317 0.44303483482776 0.1685547046150102 0.5042770771690932 0.22061601797721478 0.5458963986417317 0.3634923072936362 
0.08659152933672107 0.4027444375848245 0.14998261409250815 0.19858930783094764 0.018549511156810628 0.3329217923359128 0.8217296848817149 0.3420251421250434 0.41107709486730243 0.03794856436623721 0.30306198435244 0.3931423505316505 0.19551816297032276 0.12913085788024672 0.6414355985514776 0.3126030094871397 0.6701535222366283 0.3481128978328259 0.754489823385775 0.5758219395105912 
0.4919888190244152 0.26853826046152285 0.41026548977196536 0.36462973183552483 0.5388714740577022 0.22351484205047936 0.3404894678124977 0.3415020181399342 0.29611752032734484 0.5934780004948033 0.4424959236074723 0.3585316673029726 0.41751706469671296 0.44754423028484863 0.10552061069187202 0.26356821471610503 0.22494561658307688 0.2609294919547197 0.19973077844074882 0.32628560178502636 
0.15313404028313043 0.31911697848466763 0.16015673424914256 0.15193070481736956 0.09595265529063142 0.2931454207377572 0.7465525406876593 0.24850651804716645 0.3214865682162614 0.12950673270810475 0.1954363864875338 0.29417198145681467 0.23963309446707276 0.17169901914625757 0.5874190323741838 0.25271431685388035 0.595725834111698 0.2753832659582708 0.7067058830066585 0.5966474130993327 
0.5193430141860312 0.2072091976716163 0.43624928411957287 0.3700869001046081 0.5505665089399537 0.24676545616225115 0.2630323501136834 0.28919632872333484 0.22600299106139551 0.6050078702257237 0.3911447746657906 0.2877206309358567 0.4658784098958123 0.4794217070519984 0.0976357898892988 0.25646002120531974 0.12136147796824301 0.23048573689939778 0.22047510503996948 0.44299675529238813 
0.6736129620076484 0.37635557454567864 0.5905807100877873 0.5326303816614903 0.7122810251881095 0.3991543095114745 0.17287329640128646 0.4586560358994851 0.39260029770846655 0.7670670793610931 0.5599341916734772 0.45238494236771465 0.6065137492206736 0.6309036562864045 0.08994401097846534 0.4211913140682919 0.14703845772741825 0.3997438419296805 0.07591631507492917 0.4764994241022618 
0.5570720030203147 0.3474958003156953 0.477202039913846 0.43855604176664414 0.6089064441456553 0.2965360811878174 0.33652671174425036 0.42145829366622156 0.37422532321604934 0.6630757898068759 0.5225820396390669 0.4369646082627383 0.47451839101967547 0.5115208746795018 0.10918215475816487 0.3415306496185901 0.2525509021689759 0.3408996351282921 0.14553198085538255 0.3102858321530504 
0.30036007556512706 0.19486793701591656 0.25979269401799665 0.18502610940033953 0.26717721554239005 0.2684346367244088 0.6125611309974877 0.11257057936957525 0.1822898873582815 0.3048732438497105 0.020160276429719497 0.13447738879870058 0.3461993065448693 0.2958947249119375 0.4958172078440797 0.20221782907305225 0.4675529835423637 0.18791853596438307 0.6198664639826453 0.6273573832510326 
0.38928754394455906 0.04415298491685135 0.31031294157013356 0.2294479964312519 0.40512683585112486 0.1542802091365043 0.39970545417090825 0.12355711437944915 0.07226522464742424 0.457862044005287 0.22610998999628254 0.1339795310591112 0.36370968963523376 0.3565515391234593 0.260131602581476 0.12092334951155355 0.24844143597537446 0.0757627333026493 0.38422001948738094 0.48117977636430337 
0.2367886897976564 0.33291175079095614 0.17874527341382657 0.2081984740481511 0.30896086659490735 0.16312241308874445 0.6341831251230681 0.34143550619800517 0.3620008131376991 0.35592034736702793 0.39640687008711556 0.39517103451750757 0.13366254940033662 0.19143485630878354 0.4082198952565583 0.2187747575924569 0.49620543949280466 0.26822156520476387 0.49534702402814124 0.2609848630208556 
0.5759445585000015 0.3134651684423463 0.5298212185886738 0.44636856940063463 0.5392490835877392 0.4733060724103547 0.5591967481752829 0.28460643887591536 0.2812563078870759 0.5706784203617545 0.2578376263984658 0.23293493686694017 0.6131449686766718 0.5691090023585388 0.5561705101637963 0.40896630727291966 0.45674790574683427 0.3645774182278058 0.6682623485037573 0.8280131600498392 
