20
0.2576733332385951 0.2806919877673079 0.47891818169289196 0.3522487865527378 0.28343410635837324 0.20973925653980063 0.6268350286689341 0.5254815240634023 0.4236316839496163 0.20272960133592388 0.554538433476722 0.5738555722536144 0.5849090254958617 0.5500977774494348 0.3830036472128011 0.6777596073785213 0.5591778531207471 0.5624343067278799 0.6898426320753948 0.6974678324090665 
0.6137949898971532 0.3529358421068176 0.22656991801431328 0.27377026055493386 0.6204716537306871 0.48867150733939857 0.20246025686049904 0.14511788593733524 0.2501980739965929 0.44536360557698107 0.23801370805920216 0.31032215385693557 0.3298229820522335 0.38147184794354294 0.6648398281826399 0.3372327889757896 0.0731901009517211 0.3556020942586592 0.3258083524214031 0.2979477273292458 
0.3612146287281991 0.07447684955399171 0.21360824851815124 0.07296349498585679 0.37729745132947157 0.22208420853851676 0.3673555266795331 0.24995470000457645 0.16129539870817983 0.16379558443866107 0.29494332295723874 0.3397645471241071 0.38016521957082655 0.3777826785214284 0.43146781647204924 0.4562276776317556 0.26853291830562087 0.3498683850955688 0.4612015255681814 0.45712761020584586 
0.6429567309456775 0.40059668654749647 0.27532644805402673 0.32164055050132295 0.6480033110813306 0.5223034101126323 0.18544132216322073 0.16153926903351645 0.300043199114206 0.48212917512443887 0.2810333564373342 0.3516677735251573 0.32366116547851637 0.3811513019026812 0.7146366926277675 0.31699103328960915 0.0992901845922268 0.3982486945249915 0.3029810696805822 0.2719881300664809 
0.5941972096627862 0.2457619001209914 0.29191247508536194 0.2892145093951858 0.6175308892972207 0.4752812585998789 0.6497814814619114 0.5273787573927903 0.26791203173692346 0.42096252536476214 0.32107545573233526 0.2905988778587351 0.6933305258846308 0.6967535999668946 0.15419061236325654 0.7598140916666023 0.5090998009961382 0.2534651630649708 0.7608002260184511 0.7494071916605994 
0.45721469273989657 0.25090667418385787 0.22792427222917017 0.18226455795947535 0.46392117627053414 0.33393568248035854 0.18318243146618193 0.060767724221694755 0.2139476116492714 0.29434567185599253 0.28555264931504065 0.35598289657385235 0.24393327930069522 0.2733958022638186 0.6016046681010524 0.2946766116798503 0.08918302256213641 0.38913859755174174 0.2937148635993453 0.2813798342398254 
0.491041129910746 0.5041914231332199 0.5127611172060826 0.4534970220778783 0.4822509757701956 0.4340368513827298 0.1558236083659274 0.23849739115067914 0.4995400040116702 0.43390031358932174 0.5619072384199509 0.6349773982359915 0.05219750486340238 0.10005650251846639 0.8624517008780535 0.05524523539353227 0.29740413616881795 0.6718876311843343 0.07679876695914248 0.10843203146277854 
0.24978452592205677 0.2616142217610015 0.3746516300701796 0.25109754721820887 0.25419304202502513 0.14648442543470286 0.30428850601728524 0.2347615902118744 0.33286713568148324 0.13799185957924046 0.45125970010767014 0.509573878808719 0.24461945918279768 0.2152568052352284 0.5996913697280747 0.33776408516512296 0.2962704698818641 0.5284638430233284 0.35065864119835755 0.3611150697604254 
0.6966005010857628 0.3072176046520426 0.12623660521934357 0.2628028928544608 0.7128956059469431 0.5575377215919473 0.4809465838820976 0.3799831695880389 0.17435737901673623 0.4986020192864094 0.056220881455403805 0.021444594787158003 0.5813856765425331 0.6145979447395157 0.4585369301053454 0.6134523009633587 0.3245341004361523 0.0704225672454872 0.6057477450362063 0.5819525021087478 
0.47300003941719426 0.08870786377520466 0.18968000520863743 0.1338921857284439 0.4938732722967223 0.3418054930635974 0.49911692120888707 0.37643875037559527 0.14375620749742926 0.283214588326653 0.2528785986683307 0.2618660472191415 0.5347678668577777 0.5375393697188038 0.2857995140584479 0.6036873177975169 0.36839381340497146 0.24980768762722783 0.6057922417489412 0.5965062445305556 
0.7179480461011669 0.319157597387663 0.18066648361465396 0.2952668397476391 0.7364934474046516 0.5807243937534338 0.5598954110399502 0.4527659708338919 0.21221201166179 0.5208045397552364 0.13677837728977593 0.06648619624431312 0.651509012749504 0.6792262043898957 0.3934802552578861 0.6903181551395635 0.4030725218869212 0.019435776854756795 0.6839739321415026 0.6619026333948764 
0.3494593420003351 0.4364644005709178 0.4999875852987363 0.40549635353715857 0.33969014718998175 0.30723691154701743 0.2428864819933704 0.25913254379236816 0.4720081528913798 0.31945322756993333 0.5645717142198631 0.6329471161183633 0.10873162534153362 0.04306810303882656 0.7849233781868923 0.19725450808983816 0.33133269929029036 0.6619086421664462 0.2172042167139046 0.24292844673582015 
0.0642342841405865 0.3688235588315672 0.554689911020887 0.41392811596711515 0.08941223759927475 0.12924606112270942 0.568857562165139 0.49711028395700757 0.5007555273600116 0.17967165111492478 0.6359183007147617 0.6745637401082278 0.48562123710071875 0.43390740654091214 0.5731298767057458 0.5813364234602021 0.5517204407908963 0.6760375365480374 0.5980328905007904 0.6149456795141904 
0.5536962220726711 0.4801405986109794 0.4467654779759316 0.41668304598502703 0.5493205771275594 0.4718145927826079 0.05845256648970592 0.17633688773925846 0.44454187692829 0.4573465888479161 0.48402879707635704 0.557911963573528 0.11998596195977614 0.1886178427696665 0.8355992878268775 0.07940587682720662 0.2152772214465307 0.5988678588023644 0.06693966152012985 0.04609430649896573 
0.17184824751012256 0.23437568514446294 0.42300445256257313 0.2829639237055399 0.1944565849772366 0.06875109664521452 0.49479517032775766 0.4034163999789244 0.3683771892462915 0.0662380740808059 0.5039149313402009 0.5405394763893437 0.4427023571154405 0.40635394404741554 0.4711532430955441 0.5364952695353531 0.4477863645492772 0.5415372450523375 0.5494649174878103 0.5591068392642307 
0.6461876016639437 0.32909634606404575 0.1601334336293694 0.25273980425560905 0.6562838876408337 0.5128777353334703 0.2959629698415459 0.21851266388235763 0.20025042333532989 0.4623427873158457 0.14902640690255714 0.21861028665967303 0.4158241059762302 0.4618210332779709 0.6036560801946076 0.4308033037199296 0.14889427761178184 0.2655614244572768 0.42019694255991774 0.3930183237290198 
0.610947211701188 0.4662995605820849 0.3926368617927272 0.39385826389034545 0.6101359510384011 0.5118647989609116 0.06997698296916834 0.15766176028380555 0.40196408392157096 0.48639206702916055 0.41615495163775723 0.48922111594763085 0.2105796013510237 0.2773421760708381 0.8100348096197781 0.17695043983343572 0.16004464026216003 0.5334673066684609 0.16003455878857395 0.12652091089964376 
0.5656470665750207 0.3522904389257615 0.2654988359820523 0.2760073951565555 0.5700698305904842 0.44786455416042625 0.13382209648781496 0.08253646480325177 0.27559312811358205 0.41067645019094967 0.2937499474523004 0.3675211305953327 0.2574270786788678 0.30987617679129364 0.6867082306317205 0.2684193433890682 0.035037827439928615 0.41001708361999123 0.25865066201334724 0.2335187837485676 
0.5529623901637246 0.20402138160015468 0.26983167372397077 0.2517379219133406 0.576063491309338 0.4326988543213212 0.6151058564399272 0.49242564619945284 0.2394807815587672 0.37805946865255574 0.3087983063995326 0.2880673364373186 0.6540214379601968 0.6558512842852768 0.17538092723822635 0.72239063965227 0.4780515826032441 0.2564684491508112 0.7240392748447452 0.7137534518660065 
0.4321545101679966 0.08544715074415035 0.14235297639874328 0.008536323296831842 0.44773188342058345 0.29304943990059246 0.3570309169870037 0.234507895124059 0.09145556779158179 0.23513378194948958 0.22365745451866562 0.27089345656660296 0.3969191145053661 0.4064265682789602 0.42777758972103125 0.462231234700261 0.23353945498753698 0.28470590319922506 0.4637754023144805 0.45411908301571163 
