20
0.3968471612237985 0.7653493885889812 0.13066017412621242 0.6558944170873849 0.3429812916750931 0.5540170570809781 0.2122726328480895 0.5697527734894902 0.3784154656420686 0.10623588995657579 0.4856572986837912 0.6211739298275415 0.6488284760638309 0.6619364086932378 0.5754077129599409 0.5406370266672567 0.12892599424606402 0.6779763911849901 0.31780542699609954 0.6294621246597055 
0.2636224121067973 0.6630378791105584 0.0615274902779638 0.5275909223342001 0.35452720745642746 0.5246222135717112 0.262480981750004 0.5555300455642677 0.2513470027228985 0.06292348652533271 0.3543072468460075 0.48815350073482916 0.5912531184218647 0.531981020358399 0.4366523107659625 0.3994211919947943 0.21523801109318105 0.6397731726708235 0.3640939454904305 0.5044879586089024 
0.696217781669012 0.24095953343075813 0.5867979396818268 0.4173150357830059 0.4084157631234408 0.19534993733502512 0.5351072373013683 0.24195942813658264 0.4535301973603844 0.687558538469168 0.7471628311602072 0.46032836499539537 0.05066653147463679 0.434951078464183 0.530658375831723 0.6358485735509143 0.6132758012463078 0.12582483349439025 0.49075541492850494 0.3839259667234813 
0.5564099810375787 0.07804203753576736 0.5657090349178698 0.18499908889736616 0.5136477507429041 0.37997216654139443 0.6009825308995456 0.442384914576546 0.3480559888996416 0.6501581689871432 0.5825682446041788 0.23983709691592336 0.265991100275288 0.20144976226545835 0.3264995886711282 0.44650012256382743 0.6553900486317171 0.3656198806589334 0.5998552836408547 0.16091663199793055 
0.38852186470490874 0.2501143242854993 0.4677266292265849 0.061339712078264406 0.5132961248955262 0.4583479654416002 0.5608637343573423 0.5221602684057424 0.22151091430627706 0.5340878095368962 0.4062664375456858 0.0735183203252746 0.3891417866238546 0.07367903388271367 0.14881991726622754 0.26782211992750143 0.5928866756226472 0.4881140564715983 0.5915870646270395 0.031947646777564495 
0.608298584503859 0.187605529277736 0.5254740329371685 0.32720109748489334 0.39180845448069745 0.2184870621492589 0.5040893182419314 0.278363381746048 0.36823429758504117 0.6230117274631857 0.6560369059479642 0.3676735375994798 0.09923934290572352 0.3449240555795389 0.4366735941030018 0.5422019952929128 0.5743050511162792 0.2000513166273438 0.4781263439753737 0.2924563482329299 
0.24758083817794985 0.6448171879726121 0.0674948003206643 0.5065419880796157 0.35525914764156824 0.5174533902318335 0.27065492303499294 0.5505051113632294 0.23076793606834345 0.08247530545852226 0.33852894858943244 0.46676645842311215 0.5795086668967827 0.5107938631563154 0.4151600137052697 0.3791904381760739 0.22931532937887322 0.630738489694448 0.36989740689395106 0.4837666943578006 
0.4134311946740192 0.4364734956351556 0.2317614738602416 0.3966107989865237 0.18394378470909972 0.2559630033258807 0.23224801558391764 0.29884475760465823 0.19530412291415256 0.33330517554836275 0.4900546476573786 0.38961280258816755 0.31442956753449586 0.40922408896616114 0.39511778688792826 0.43987923253032674 0.2851910125028495 0.36395896455718274 0.25676572373271794 0.36023624530052983 
0.2508349957191606 0.7008381594719487 0.10634377440722248 0.5539582384486571 0.39965328178201415 0.5722387430469226 0.30063106008027385 0.6029831137528143 0.28196198664553324 0.04195233964795981 0.3393066060014352 0.5108656048627724 0.6375043692785632 0.557068126038307 0.4523724424481479 0.40237540855565973 0.2436443365943365 0.6871467641555655 0.4046065391619091 0.5332490164644381 
0.505247861006072 0.12802871964713516 0.5346697225982128 0.1321597030207314 0.5114327609056545 0.4015520615308802 0.5874711453197426 0.46535394535977365 0.306344697131542 0.6144536014910217 0.5286722491227994 0.18495259919780538 0.30159581844542444 0.14921762449707898 0.2711484519718822 0.3913843301995552 0.63557709264399 0.4024388559107621 0.5961408313077536 0.10579106430788704 
0.42142699794945127 0.21779757861985355 0.43611417715419987 0.1406816973890317 0.437667840893544 0.3688285147942414 0.5000271079784758 0.4327385649867787 0.20875983585865934 0.5153402012898483 0.45578288040709275 0.16250201978932793 0.3031339517751388 0.15686192548434677 0.2240857893452623 0.33186245848535384 0.5425442160458067 0.40078554375028386 0.5192921872344387 0.10137074681204164 
0.0660749140409142 0.5705058412336452 0.28313607402752305 0.36602651564723776 0.512232799762985 0.5994514897288733 0.4709014499899092 0.6498294678574555 0.1790852976921664 0.286413119439924 0.1357683140566242 0.310093227879556 0.6076241724835657 0.3631116206484855 0.2305278351314506 0.15814019520212227 0.4492695802492068 0.6860321215441971 0.5543547968020652 0.358895191778759 
0.40216493110022894 0.24076331717815755 0.4856034580854744 0.04509875158992115 0.5280945015315025 0.46717942265165074 0.5776348119646401 0.5311995401994437 0.23930606018550535 0.551761534585246 0.41702512396924785 0.07102026416448257 0.3929916647556165 0.05924210055049243 0.15463994541953752 0.2759039201849203 0.6103710641144174 0.49266323903853715 0.6070166367478205 0.015132436635958523 
0.1403668139499156 0.501434116536547 0.35260405551062135 0.2810762143416283 0.5412996446913046 0.5913789572290518 0.5229754750759353 0.6472520234067908 0.17249280788094812 0.37283071337773455 0.15739000302520273 0.22195983488637183 0.5766823945866539 0.2759610521290771 0.13692831517473575 0.0788877819940984 0.5148963711891434 0.663423198902812 0.5950658320094316 0.2798367958625606 
0.4788353306432957 0.7958505477530403 0.1899521745944894 0.7089327209183582 0.3167593825518281 0.5417178760175072 0.17684312045778636 0.5479528737012405 0.43491689587890103 0.19060147241880782 0.5683958848117795 0.6793278418207324 0.6512489669042337 0.7165381734486886 0.6412358508826037 0.6158592339989658 0.08782173464706464 0.667817680497793 0.2720469637408711 0.6797082764140228 
0.273185696585325 0.3693151113873881 0.4087027886790871 0.14807537985554337 0.5232953486777462 0.5199222185039512 0.5404496623119572 0.5809667747679338 0.16672493743842806 0.45706474354997617 0.2869463865671434 0.09339296647921676 0.47773703666556405 0.1452676843843338 0.05627769116889135 0.1526192605469666 0.5545778906885179 0.5718569013448178 0.5917134320659182 0.14522218862424374 
0.42272920516208173 0.21589389179840918 0.49077586348127106 0.059434399252192516 0.5179786904591428 0.4472526584171801 0.5735945888595422 0.5114349902109536 0.2476255535101538 0.5607507128772602 0.44070745824308855 0.0973103755265548 0.3687424176704367 0.0764657161399509 0.18075950907264945 0.3012659288916981 0.6100520435717631 0.4687964873283366 0.5984353691591496 0.020721828651226588 
0.11525008409407066 0.5319465732035527 0.2548509957535456 0.3400281352816945 0.466295616628926 0.5487487976785004 0.43298482432126745 0.5993414187739408 0.1291172950566071 0.2755191575999439 0.18484941906650676 0.2883747742707852 0.558143942443986 0.3393286294840589 0.2192301213970244 0.17524583706438498 0.41878712001040536 0.63566339293461 0.5120636946930125 0.3282826380364232 
0.5915707844521744 0.12598975739299015 0.5440986004900192 0.27304699714393943 0.4418460047075646 0.28287962433437364 0.5450742891756737 0.3436214232402871 0.36008691629891487 0.6373780045690843 0.6312963119860213 0.31923237837269575 0.16267683465327654 0.2905697575310192 0.3957117897849878 0.5079121576165014 0.6095575867678991 0.2624031408290036 0.5287003983176055 0.24120322839898264 
0.10322822483633524 0.5478651867375633 0.24978158574934595 0.35565366256511466 0.4704851014281963 0.5589296693492938 0.4323773704414172 0.6086370265942471 0.14214398109773446 0.2650271775387323 0.17786147149984774 0.30352347062548 0.57117673263418 0.35474918410298784 0.23268515553129904 0.1817830498236843 0.4148677027325642 0.6476079943159457 0.5138562427637052 0.34421125660960605 
