20
0.3480426128634644 0.48554077066410456 0.11073543899586286 0.23552884052188885 0.20496405597561118 0.29739502761846476 0.13124855011369463 0.5240938098751176 0.47401803018806177 0.5187689360862104 0.2840529290249746 0.36516401495162737 0.3495151673813903 0.14706578821513344 0.47763230988214517 0.24546099458627105 0.49255826012644893 0.4420591339851555 0.46600260118823117 0.348144866154768 
0.07429108328178641 0.255298068889573 0.2873302035650127 0.48482701144652635 0.4663798828909014 0.1319810759115076 0.26157897749190956 0.4304035571898346 0.5854547102794472 0.2399216948620855 0.5465692381111678 0.3813811789014712 0.3324539884359814 0.36763251505579797 0.6708655804855196 0.03622831475167779 0.4436552057188011 0.5400592302019768 0.4078419065896647 0.0808932205782245 
0.5488660067215937 0.6654322031795392 0.22939307147787624 0.1262402546414262 0.13862873033812217 0.49198551123375095 0.2655554894923181 0.6415588570881547 0.46049871427313027 0.7193482190299602 0.12079314422485479 0.4500810856557349 0.4583977695958162 0.2100854666583024 0.38096927298049604 0.44589433671148165 0.5899066881276563 0.44695142567917034 0.5726876087307905 0.5443199378823641 
0.5117480518048195 0.29492109487217044 0.5051016625491904 0.6317814669306386 0.7937045459128212 0.616441414300926 0.47322746946437716 0.07737815305288628 0.43109187567527757 0.535479772655113 0.6986125504041375 0.27583297554610076 0.26061740864178273 0.7431559020316534 0.6208900264810762 0.5011942522885952 0.14372369259952864 0.3938033787217203 0.14878661173726768 0.4295664673879221 
0.5900985772090507 0.47999953725371963 0.375101595770836 0.40873205420093367 0.6359521754366716 0.6475173484624793 0.3604422698770959 0.2456664606769158 0.13096698981357968 0.6899724839387258 0.463469016619824 0.1488645177602274 0.19943908275795869 0.6272720110424875 0.3253757639956493 0.5258231880762242 0.16760239673675578 0.10021568334815094 0.18780863379056636 0.518796652015416 
0.589553121556645 0.4698747095730666 0.38861906609407304 0.42980663754194853 0.6536932032877671 0.6511968896457548 0.3722209998756367 0.22778522541797724 0.15325602627970525 0.6842528550066557 0.485474561465579 0.15206784600940867 0.19923446415566126 0.6420122259406886 0.3484358102675904 0.5287827977986951 0.15067256095269857 0.12378753634148806 0.17390504046159858 0.5165654277249049 
0.40726146747392966 0.37112640641496736 0.17997690586030834 0.2910897979270986 0.4630485158029679 0.4475916338168112 0.15824399270251754 0.266035801018805 0.24569058547769704 0.5346024757769798 0.3598340580677212 0.07779422966035113 0.085443712886712 0.43448232229090833 0.3613419637752464 0.32940406803707845 0.21471919445129406 0.20011946395386165 0.19621042497059432 0.3474396753936217 
0.6128464100416837 0.4903695753828093 0.40885587684833946 0.4424432176398376 0.6707082687183276 0.674524647609298 0.39336391055872855 0.2426480239843097 0.1500681987950758 0.7064846277367097 0.49618016875304755 0.17532428503847572 0.22261458816670393 0.6615205456609672 0.3466433509480531 0.5521509328973467 0.16717202168523526 0.12739129627061518 0.19278157921203687 0.5396562704843847 
0.6251514566631236 0.5030871333102998 0.41705605728694695 0.4453727987395909 0.6763762708904228 0.6860554153019743 0.40233369050776796 0.25413459079879197 0.14512913084055343 0.7192602922433396 0.49787769069184895 0.18677631572838188 0.23473488140265766 0.6690348967242897 0.3416341565691427 0.5638260410524119 0.17920421602143446 0.12637226506367435 0.2052948374394323 0.5521648149305537 
0.3043153120991113 0.22759677807478568 0.24738379239304428 0.41326287265357975 0.5306587417810253 0.3782117002533638 0.21235275282692803 0.2011993576003195 0.3690038844773476 0.40573978759179957 0.48350883695914 0.1449140012048595 0.0901753707579141 0.47276411177991556 0.503984748045479 0.2551101557556046 0.1955374447342285 0.3211897402311975 0.16080750166289623 0.23074018001851976 
0.4366146300742331 0.27123135697970446 0.37612549096317643 0.5034273290293729 0.664921999812916 0.5258413033366712 0.345145533787728 0.05294342189062367 0.3392459773238224 0.4996736551941686 0.5710863008329596 0.15015812144786037 0.13036192687548467 0.6185748618732063 0.5164764188020243 0.4045797250650946 0.05951296435057193 0.2957537556113816 0.03135068705017658 0.35591394567031265 
0.6613277731876696 0.7083177894240865 0.29991992146854907 0.10924859524233635 0.34425966404165625 0.6373980789932829 0.3278297475346451 0.5999388800182351 0.3125442772713233 0.8219737578644953 0.08726587843461725 0.40101459502620757 0.43309431047484465 0.4084297774950368 0.1807612984378875 0.5591346467784707 0.5314771640437511 0.31825846975872146 0.5266040307703101 0.6323768205455709 
0.6799976174810333 0.6980721546359939 0.32292446864703594 0.16330115467321774 0.4171276892985863 0.6704527247260456 0.3445066740629396 0.5601871974684262 0.24217899064594223 0.8334488872430373 0.164700673116571 0.36663981611231333 0.40643644656287486 0.4712155464917669 0.10260440153326253 0.5809822145226049 0.4874175677056209 0.25541753106320986 0.48743377664048515 0.641932338071703 
0.5373557036042119 0.3472413444062712 0.46931781756059626 0.5742825686458415 0.7569167638017241 0.6306090817986448 0.44077023403590265 0.07304746923662103 0.3484746167192086 0.5850940486308291 0.6386146905897839 0.2205205596369539 0.22150388868873128 0.7174837790849133 0.5411008752246513 0.5099877175264443 0.08076789460514777 0.31366561699511286 0.1048664564171146 0.4556469809985119 
0.7264428122810102 0.7334820229387085 0.3720267971449232 0.21494673418093357 0.4657158306638839 0.7203920877498614 0.3919868719256401 0.5794427106878608 0.23755473191531057 0.8772579564104414 0.21005047417183345 0.39197894519308774 0.4357464845712364 0.5226856011717538 0.06067033886119811 0.6285738130447898 0.5042711021696875 0.2600897588074705 0.5078219265605727 0.6856160039284457 
0.505151716595638 0.6395639455009725 0.21502961731353812 0.17059872216298397 0.09300705848517934 0.44020411830854916 0.24987616541662366 0.6406395910663683 0.4944029514400953 0.6763389735241958 0.17895066981409338 0.45676692346910075 0.45785694839496954 0.14998063983967824 0.432181025855932 0.40382993228342495 0.5949945400386756 0.4759297411003852 0.5746032560722698 0.5075841000697212 
0.35303667498185864 0.5418203733988967 0.23047035587539497 0.328645331076445 0.17774231963754095 0.2628109845038109 0.24639276934794568 0.6247019107713858 0.593934501546942 0.5206702388231593 0.36086022629291964 0.47967996361638904 0.4583564698483904 0.0679837347204645 0.584798681370096 0.26520804362744776 0.6010198349243243 0.5625403141578554 0.5720758152246315 0.3801895946892752 
0.40625107563109286 0.6218641753964763 0.34049670643482427 0.4179363896256214 0.20329441179114127 0.29314797404704057 0.356512748550512 0.7285851317544085 0.7013102640741211 0.5621906393401072 0.43792280437301456 0.589309941286819 0.566342979618741 0.11050365900754255 0.6795076741488059 0.3364674248753513 0.7084216172690478 0.6711893798678792 0.6786011644283968 0.4504544191952019 
0.5879935275834317 0.40945952833947663 0.48164765785670105 0.5644300872028943 0.7647430397244138 0.6746395253111632 0.4564533949586858 0.1337665320375906 0.30640073999530654 0.6452548650773525 0.625353138915665 0.22459729436955594 0.24104088009462604 0.7346365576014505 0.5024411762922293 0.5522557964835821 0.10246630911131058 0.27764538876578193 0.13735624662391804 0.5073148530237116 
0.5365663326464353 0.42127572287427956 0.3485741567099417 0.4110491735284214 0.6219774639081286 0.5994243514325027 0.32928823400407997 0.19433379813955373 0.17811138060447526 0.6323272059388761 0.47117194246261185 0.1014914601245549 0.14647460847552252 0.6032725387613802 0.3645875522929514 0.47673376894783304 0.11593716067933096 0.1378347015812175 0.13141599660584985 0.4635964736688526 
