20
0.20635845062715857 0.6690324774527318 0.435365271739629 0.3947090251306477 0.4840293822483137 0.07969305285306846 0.4594427355621336 0.38400498301893693 0.4631888895735277 0.41627945670720445 0.18574299917876236 0.5193892901668468 0.14108839394902406 0.538905746732735 0.22632075598429435 0.1894805699778084 0.12231170309037386 0.2962686324235597 0.2592170950645199 0.30872469865261626 
0.2805285505679021 0.7615957768368228 0.4055862626134132 0.4585279975058583 0.5803030840151966 0.09010379271358275 0.4364891241672549 0.5013824592896383 0.6013249597142373 0.4624313657795991 0.12188901589486925 0.635594004216646 0.17985675632864287 0.6730070082786362 0.304345023729649 0.3338882015964587 0.24403403234413545 0.37546428045323615 0.3917584295207289 0.3914115372664406 
0.34538234636614745 0.13736614469780714 0.46481426304748286 0.19742308749972562 0.04809600035039902 0.5390285099991126 0.4483260961131261 0.18196708348687698 0.3112060502080098 0.23801813008980027 0.7133243914550573 0.12950534763850194 0.4473319926231117 0.2819991482877666 0.3215087155289224 0.45220128703820966 0.5713575481142801 0.25146763464541233 0.31933915020063486 0.23486516999400875 
0.3229093325428989 0.5447516395134175 0.0462598881879095 0.27631680376178547 0.4364282456690553 0.4147664600396025 0.015696906802268 0.47964276198444133 0.6577961723743588 0.22187593688751842 0.5726250510150801 0.5536620976300183 0.3352329870931522 0.6797087624424681 0.32335176295210444 0.5655888576283797 0.5890107247476336 0.31587438809448715 0.4972239419296124 0.32602261737377675 
0.14287618216059034 0.35081267120479365 0.27869880677924624 0.04706126386120981 0.1838938764714623 0.3356947195609977 0.27425540903954704 0.19364465016037744 0.3720594528890521 0.09011173090164126 0.5168011118649861 0.28307106744839206 0.23731062802069267 0.3957501536539787 0.1219696055406967 0.34171398816467496 0.42207403512124086 0.056364762623627794 0.23566094616565345 0.053152037128328694 
0.11376598403690968 0.5538399004437934 0.2124455638035577 0.23744956218631996 0.38441047729228733 0.1731684554121419 0.23444027609013016 0.349056445014462 0.5004999481441041 0.23147938475016142 0.34886826318339054 0.46830945075667063 0.08513157517508646 0.5500093863167188 0.1306694584257916 0.33172430053252633 0.3391720553360829 0.18060721717493228 0.30032078082209596 0.1980940310313296 
0.25589949231028747 0.3275169488638337 0.23596555199239028 0.08936096992665458 0.21957930984205704 0.4327040225600918 0.21601099001115268 0.29437793575277205 0.47312022201063175 0.044170071393430446 0.6142548700294793 0.34048717045279236 0.3323317684251241 0.47836562893405404 0.23983021968810325 0.47123529285974697 0.545354547019823 0.18479980720866498 0.36325295597027546 0.1827634729190729 
0.16100276224886884 0.6414052590676003 0.35176000636900134 0.3453673207981035 0.4590412843786701 0.03432216734209613 0.37709200279404875 0.3799674981112703 0.4895802681544077 0.3571066763529851 0.21579948824296308 0.5137160652670582 0.06789285981524332 0.5571656338908865 0.18444154764088225 0.24662236965729722 0.20711923117103637 0.256371176924008 0.2776079152987573 0.2716726994024357 
0.30485161801152005 0.2952373801278661 0.5340908526021116 0.2672876090588307 0.15678212739473002 0.4679895257619665 0.5292374279368175 0.06536506216947334 0.12991578744214954 0.32553733717649797 0.6193848785139097 0.09580900117016308 0.39897587799785067 0.14068785579724802 0.28436904409010505 0.3025192105840679 0.4373731720437104 0.24192657592372563 0.17912624144156342 0.22645723586553182 
0.20271205065105485 0.2924057428812225 0.4020350660767207 0.1367242480710209 0.1075325221404838 0.39014033484917354 0.3967307909471957 0.07407865122108832 0.2540483798647449 0.19534381977327936 0.560393913525666 0.1684058520303979 0.304595375609795 0.27244193797950467 0.17923898224358215 0.30396528710072335 0.41702388847663885 0.11976094901272483 0.17375260325287423 0.10253254796701938 
0.38252995364931264 0.2786698361798606 0.6027617806851734 0.3299352424817498 0.1904328977196565 0.5440232761237784 0.5955648305034611 0.14197954225060236 0.1173506439479315 0.38661813480372 0.6912075864259386 0.0782156144592088 0.4766373687480931 0.07802267932284121 0.36185101031399625 0.36254153264017275 0.500640240823343 0.31668233374722493 0.24863822722594509 0.30057894239285965 
0.3497218792699813 0.7611417271669815 0.6029257394677949 0.5279973616989619 0.5798921805391996 0.24120225608636112 0.6260793006921015 0.4552756104030038 0.4703011564000933 0.560107508671714 0.21930856961660367 0.5822126190180763 0.3065168704772683 0.5563557154726516 0.36427713124879985 0.18546636263403832 0.05899603655539743 0.425081298501344 0.3131957658411587 0.43320948716051527 
0.1907690044798029 0.38916746206296127 0.458623804549199 0.2306569385690445 0.2122890299014476 0.33926434865361643 0.4613592425195529 0.08302267828422859 0.19633242649928231 0.2858952502511894 0.4905472740425482 0.21588463196250965 0.27604879889264816 0.2505170297497945 0.17452234849225037 0.19360535542438087 0.3185672329336669 0.15887773949212763 0.06068847850157889 0.14988882597183525 
0.3445869512719336 0.16961117449689397 0.504789653192456 0.22903742104049213 0.06376527775234643 0.5318867974677481 0.49179679821692607 0.13969832117464157 0.24562185281271945 0.2786281971934132 0.6994530205320777 0.06281772747130997 0.44671583490838046 0.21487000273867662 0.32092842891356754 0.4137702866522748 0.5405994298611779 0.2568535883292986 0.2819011298332925 0.23935685757369313 
0.33348518720778897 0.5018453796867032 0.09596471680794368 0.25460618191298523 0.4064302577831683 0.4470686164699436 0.0612162996829821 0.46374330833911587 0.6435707870554639 0.19686397047472853 0.61166690442188 0.5263377639541852 0.36087963552869085 0.6588640221329543 0.3300506100127484 0.5762002348670532 0.6115463426764521 0.31064068151548097 0.49671550864160474 0.31824865778234124 
0.23780770472546225 0.29067474328757753 0.45528694574616885 0.1902376315549084 0.1165046399470884 0.41484164828990494 0.45053332234698995 0.02422811110333553 0.20102043628610355 0.24880047777441885 0.5774526838315405 0.13114821146936684 0.33673195640501025 0.219285527203435 0.21566390476354336 0.2919020121698574 0.4160138901706218 0.16582197829108258 0.15905919653176376 0.14961528299096022 
0.26565010780941994 0.29074010202420125 0.2731702673039859 0.08230402811854715 0.18584287359637433 0.45002190639655276 0.25332769886866924 0.27174600788923525 0.44817572919860077 0.0633068172003388 0.6321231864796111 0.30753413610854907 0.34950678585109685 0.4486197784858192 0.24720050595585472 0.46777815637221526 0.5503765868359262 0.18488285916570843 0.35329532964816945 0.17935958431621912 
0.1873046323573916 0.2965520363828561 0.36955128153907785 0.1034693459561405 0.11329355073807676 0.3797260514716478 0.36364954344925865 0.10727574546657251 0.2873474263064019 0.16207581371956023 0.5540876432732003 0.1943917678101851 0.2897029631150093 0.3052331189710692 0.16340277198413158 0.3176108170624673 0.4230186823153521 0.0969833205817175 0.1916965692880156 0.07950248312576165 
0.38742489934464786 0.2258453575056949 0.5848014543567521 0.3085330312801055 0.15430109480733603 0.5602137589220888 0.574792429962884 0.14910778443016615 0.17002213738823135 0.36261844801068865 0.7153423919577571 0.03250789045798542 0.48574483743290736 0.12206693722559768 0.3652646969192379 0.39814624389088743 0.5339973160463268 0.31188868705503786 0.27610604678840955 0.2948419258564828 
0.18303007079472713 0.2980562186250846 0.3460145197404152 0.07750844354612581 0.12007411943750514 0.3777968305007931 0.3391621415655112 0.13321944412886338 0.3132715833458903 0.13612412392585224 0.5548590398752425 0.21343804034263855 0.28455523834680824 0.32968615149002933 0.1592864354083204 0.3336682149445243 0.43344994203819026 0.08851725115222327 0.21122975380749487 0.07213620467123713 
