20
0.3686976175301887 0.5469868206174416 0.5234552223696988 0.6632049585787779 0.6752577396184817 0.5074945132205081 0.20492646685248214 0.5283746673013198 0.4960236460341717 0.6270536714549565 0.6811420678779023 0.47942885055531886 0.5392624741984692 0.3346032732960925 0.7368540034491957 0.8170130115096342 0.5157850856281795 0.13694539036776338 0.4946963792102201 0.11293387371234269 
0.22208231544210155 0.35504067929426397 0.2762015106179315 0.39986349573859786 0.4531241883958422 0.28381257884044764 0.1063058605148772 0.2743220321016139 0.2356335411807437 0.3924636190153996 0.560921350038145 0.2570231467485988 0.3484807386305405 0.1066662711152019 0.5049700507829281 0.5982510805106422 0.4478669620892291 0.2676700371296644 0.22981136553273565 0.18316187819699323 
0.13436346293810164 0.22069403867402734 0.5461845768570109 0.5782555564499575 0.3647755753397483 0.2653697961115142 0.42272797950488455 0.3615506798700031 0.47655836154216136 0.6659549712896591 0.260797490932808 0.566124893274205 0.21445395642854334 0.4406580094958285 0.43533028396583245 0.4757682492917072 0.10492459509166374 0.2979812593306336 0.41951088999040026 0.31764329364013605 
0.20935414289381302 0.1331796711568659 0.5571620115905844 0.5402327741889198 0.2450370830295169 0.223707707456534 0.5226344388693859 0.3283722014114206 0.48338281257202137 0.6673698759999592 0.1348875362199389 0.5979765508120447 0.13219876833933186 0.5027553941007377 0.31156945474566067 0.3307403816417503 0.1361566319477325 0.44850748792732165 0.4154455002751041 0.4527275114127327 
0.5047250345678385 0.33352010108428315 0.5303139662430345 0.3900389729963677 0.1873378680337025 0.344234777844287 0.7153116354846135 0.3418836440526445 0.4793287431976975 0.5782214195276129 0.4427673826945511 0.6085406698506651 0.3407796732647522 0.6175732963853147 0.11780996614558173 0.11139992894472864 0.5537788755376619 0.7802607581152999 0.42476784158544495 0.741489553209208 
0.24013473652604309 0.08331218747503255 0.5151983900012711 0.47304096532318834 0.15213166286247257 0.17921556933371266 0.5368403678051272 0.274364470862017 0.44208082251475767 0.6170802616690572 0.17327115469343346 0.5665560595709187 0.08811976257442297 0.4932909607673469 0.21733707582273185 0.24111292164273346 0.23057818810559416 0.5069167045443641 0.37165138662719954 0.49575188110170354 
0.0804143195329022 0.24447736947813412 0.4769895348112785 0.534945297981592 0.3889896095602359 0.2508374900277989 0.3236515380553386 0.32814368188243315 0.41202248678553854 0.5985432739460803 0.35250436502439986 0.48658601045824545 0.23684772834700124 0.35164726603293434 0.4582583806238342 0.5176114210810034 0.2044518028471007 0.21908820893428613 0.36397579647143047 0.22246358329625712 
0.14231397725460654 0.2909465273133961 0.3243092042148311 0.41972658742856955 0.40474318864455217 0.23442780375212824 0.17347348071425014 0.2543599745209354 0.269479640057211 0.44513798112271624 0.4833750835591719 0.32120644570419954 0.28380787573705146 0.18064825770434964 0.4631029686326288 0.5490054239110205 0.36672112420579706 0.23739725675134696 0.24177051800576824 0.17197707642839177 
0.2521640044534038 0.1958008100448644 0.2486711000769904 0.21746551890243937 0.20351273791142743 0.10463931882986367 0.383063043668733 0.008308259592480284 0.17833056320253876 0.34642309748365974 0.44210703375573984 0.3103069289179177 0.1952859839956301 0.285758326075099 0.23629667043642139 0.3396872467913969 0.4293206626942375 0.49181231929125113 0.10886811274665704 0.433549891878128 
0.27928816036043913 0.3597145002149063 0.6912177540854827 0.7296861869163838 0.4960982147558323 0.41548531090581936 0.5248272372498515 0.5129734723049736 0.6234663485356647 0.8120993668656766 0.29817173662141716 0.704337348499874 0.3545999494292345 0.568612450323519 0.565180357250805 0.5875787442039055 0.12439157913909901 0.32803004013056236 0.5689965488937321 0.38393723969021226 
0.43068314882448616 0.2508687403920314 0.5457289997060909 0.4335094052756259 0.11965047385059197 0.2901692153741375 0.678761606185054 0.3227753646353303 0.484108290079574 0.6146959424729624 0.3281071415644872 0.617571743687363 0.25864018984057874 0.5977441404577707 0.08463482244974264 0.025515907709848223 0.447548086225347 0.7077220389281392 0.41997647339899885 0.6799551623676393 
0.20423150901031387 0.04004635593811513 0.4108098749114602 0.3719201467986453 0.11540282415190739 0.0796139497421177 0.46302385228532705 0.16930814469182315 0.3380476290251931 0.5120378761151588 0.2769485526349173 0.4645742823732783 0.04470057313050081 0.40276065785696674 0.1842319285718677 0.2529114975199734 0.29294464144123844 0.48136061968631744 0.2674478036215044 0.4518104553587157 
0.5320809274697661 0.5333404365201442 0.1241334197704407 0.17243163485881752 0.5165458290196234 0.4378553379727373 0.43229628763366973 0.335174356739421 0.18786211521098847 0.018705759439521893 0.7803864029348111 0.16020653544831454 0.5321626239424588 0.3045283793772124 0.5168282360715347 0.6210424291857106 0.748466342856387 0.6658764718000458 0.24809201076958565 0.578539802168448 
0.24878946196510685 0.3788571381106053 0.2663540149775161 0.3993724120893369 0.47286312935726016 0.30476013540836505 0.08729343972083434 0.287946358347482 0.23233318249561744 0.379601156076315 0.5872497437764651 0.2401758160659283 0.372441036114285 0.0870589298722592 0.5228019967982296 0.6178062847466671 0.47444971495589733 0.2798627480962963 0.2346096052467245 0.19190606537027638 
0.2956343304315263 0.12032115219838788 0.5224521966263105 0.458390115033566 0.10829692677380547 0.20014985313172223 0.5793819567262256 0.27914166973740595 0.4513494297159503 0.616022739565137 0.20000943416728323 0.5809526645819683 0.1275451679084586 0.5234038818432915 0.16366057418845686 0.1761592572673961 0.291401871388493 0.5674250095806438 0.3809031865685416 0.5512687102302215 
0.4044515724170482 0.4686070968531166 0.10284758018964145 0.2762712408769404 0.5074826732156574 0.3730451061240303 0.2367833131352123 0.29695798720741295 0.13483333799424493 0.1856249027316273 0.7093526937918088 0.037943578372670816 0.4646894458736891 0.11651866379905491 0.5340394359093946 0.6400712026213847 0.6349390312292092 0.48169084233188497 0.19629265178658076 0.39141878405258174 
0.5002675298667173 0.3229944908145712 0.5657833380966012 0.43375239728069065 0.1813977892110299 0.3489748117672027 0.7306725185769539 0.3623589102613422 0.5106487000393033 0.6207804905232849 0.4034063196552713 0.642094425154208 0.3306207815875431 0.6399007577008435 0.12084952419421716 0.06644537776456655 0.5268407023941991 0.7774285375255334 0.45200054186861677 0.7446501416955138 
0.3713880109023227 0.2153471080718775 0.40854485126481577 0.29657441843057575 0.08514142503000745 0.20424565248798748 0.5714547193255002 0.19960746668662382 0.349662351917278 0.47592979600653806 0.39277932243587976 0.4823670462543978 0.22141624308900412 0.47690455982700275 0.054397035867389365 0.16030534150862852 0.4604298341217104 0.643065847619354 0.28908441897614207 0.5999808754729068 
0.5012573324376195 0.49175336089222316 0.10999225931194863 0.1251756147993728 0.469916557533358 0.39749457650643516 0.4300027534324002 0.29345184734247826 0.15973769433776422 0.06337425028575004 0.7380109453423127 0.16889857940967937 0.4909396174762485 0.29864815687376695 0.46912664549279987 0.5732084653643139 0.7127316731365076 0.6522343838159861 0.2124491672102519 0.5673231988270384 
0.3440779898979011 0.19711207568994685 0.3788630270676207 0.2761118363698615 0.08738108206063189 0.17452880943202043 0.5374396638973792 0.165526575553578 0.3181796226929121 0.45097257499762344 0.39327322983435986 0.4513422787085889 0.20245091316718286 0.4429242578326725 0.0829736067996159 0.18971697585737962 0.44718129478164503 0.6133614008095581 0.2562747832482861 0.5683001326254976 
