20
0.5377387983848394 0.3532235144024492 0.5497020730323677 0.5197936767718685 0.37940186729066205 0.2308742461492502 0.08385520782037789 0.21196493469846378 0.32954907149258356 0.23274636744095437 0.402454160852953 0.1875361004209282 0.29126529513699634 0.0931423754352106 0.1623948513100129 0.35062562045348883 0.5371274488923098 0.49017513965515724 0.29119440908103716 0.3552986780214419 
0.11676233901839253 0.2383195442241714 0.4648473225602571 0.4370964633477007 0.16278052875629304 0.36634929995673327 0.5257835491525865 0.49095362927469577 0.2762993357753038 0.74978644766292 0.547973001290432 0.6802845566893455 0.3796021503311296 0.5967445378852196 0.46463039451535554 0.5081652393740329 0.5722505007047138 0.18380841263755482 0.2719714099477511 0.4104497818157151 
0.49820093818928823 0.1938294913709391 0.22697590443914303 0.19858100339346452 0.3413210679162612 0.3830126566060762 0.382625704361462 0.4638619395431402 0.15767021671972634 0.4237814257773082 0.13164915097508678 0.34569810400820083 0.45558100269482177 0.3084563467244015 0.4039965777471712 0.579915243151944 0.22957949138173367 0.5005701321918697 0.1933567640652051 0.5296698675557102 
0.6701824321697143 0.41669119455604653 0.5011425477131545 0.47902968952744485 0.5011809716202289 0.40290171790941504 0.2696294339968451 0.3991937588682628 0.3818579575087628 0.13325963869457597 0.3047738883205163 0.0565329305908008 0.47061859567694775 0.09663120039535714 0.34859185298233436 0.5378417448778525 0.4455082766136732 0.6378817058178764 0.37071646464754804 0.5386938142528256 
0.5078030757278574 0.21869239298803547 0.10621912080169227 0.07536157046790284 0.37588411392699006 0.4709094441795853 0.4984905767280502 0.5669437385118793 0.19660851637862956 0.5423763547154179 0.15722996835029363 0.4648575011529078 0.5384487582054804 0.43216049038020143 0.5088727335847223 0.6717821284868788 0.16029255464855155 0.529619322135078 0.2522374601455164 0.6092997900022071 
0.2714947910995023 0.2639968293849171 0.5647797566834484 0.530439199188055 0.16018001973043072 0.06059916605454636 0.24074489842040925 0.178200484352407 0.2743592873930138 0.5189981294276019 0.5217056029960178 0.46742391609666667 0.0769197323785889 0.37161077710323914 0.16117640869111616 0.21819663367530434 0.6164732082577425 0.20976511302917905 0.21667910372361343 0.1410853957335945 
0.5772621238669223 0.41120608114354124 0.6097565351768176 0.5801555107981498 0.4252522563582731 0.2558976958669342 0.0783636945319177 0.2043279599081893 0.3889018901022753 0.21827756314982583 0.4563811799497267 0.19356196448694737 0.3054250673342174 0.115119027699599 0.16869376041113993 0.33942825307562313 0.5931532964141344 0.5237820141612959 0.3482034476463857 0.36119394697324486 
0.2912871200105395 0.37275773023101644 0.6764361235663985 0.6421626412961785 0.24374245997532265 0.14017708985987937 0.2960344286998335 0.18560545157626615 0.3865965098833953 0.5902769847409259 0.6358383974732531 0.5488630464634946 0.07034740328052852 0.4532067357432019 0.20570463493192467 0.1419045035623695 0.7312098246320373 0.2118203434519656 0.3299578668497384 0.042643070513083824 
0.5784708329325341 0.2738925371973368 0.23013509874592492 0.21070324100717785 0.4211183862549677 0.44768247300285274 0.42047156196048874 0.5160972418937352 0.23795923440064715 0.4038707282468577 0.057807530559443425 0.32834688826650216 0.5217994651664356 0.3139883558539512 0.45560242303258286 0.6394940573667549 0.18685256935982283 0.5802826153056435 0.27199200434408405 0.5966362796148837 
0.6709881562237585 0.409219964318543 0.47924509011292094 0.4580380016704939 0.5013730863419845 0.41387044946489343 0.2888600813777376 0.4171804083117228 0.3734736209343769 0.1545680463810069 0.28003126251982474 0.08078951722266607 0.48324663932119294 0.1182107750654156 0.36484838517801127 0.5557834251975307 0.42036092504984185 0.6417940777927014 0.3664136033771477 0.5526984443947571 
0.5537655223386933 0.3631085400124096 0.5507042231729441 0.5213648940111534 0.3943507059526635 0.24840442620453151 0.09794968808409861 0.22752350867173313 0.3381734931495092 0.21535114991561197 0.3977813616697961 0.17024177780849284 0.3087566257924809 0.07657562339052285 0.1791846750503586 0.3661188524539994 0.5339397038527456 0.5069925073997079 0.3019403838022366 0.3724644867718549 
0.16186276747585862 0.1499760814146447 0.4414631178194906 0.408820028793912 0.027258409671485326 0.2340508178364958 0.3869265882797536 0.36065359064080793 0.18264713428115525 0.6159996946378419 0.46905213235026016 0.5489925257420901 0.261217583051028 0.4622385305723098 0.32906541558812663 0.3992583018921875 0.5251081505061959 0.1648412301498196 0.15470328366725777 0.30814712066725236 
0.019934077207684323 0.2850569077464509 0.5507046960917814 0.5206276990943042 0.1508794642324904 0.3185185366760659 0.49320625315008515 0.43450518373674035 0.3206101819937196 0.7462341943227666 0.6055810746052429 0.6827334605287413 0.3126515333774543 0.5925190359659026 0.4197456299330433 0.4281209775874446 0.6484898958999823 0.08259482857962748 0.2968271241563045 0.3287411855128835 
0.25060309858586927 0.32239936923738677 0.4461692559757453 0.4268607024526286 0.3047012018938666 0.511873881733087 0.6604578240764294 0.638036142747156 0.3571007162732512 0.857127658213714 0.5839484018657172 0.7831979611707129 0.5305874549104754 0.7081348605089162 0.6071302423170643 0.6604851429158968 0.5706511537278551 0.3284481638516553 0.37514065872866087 0.5627957565958337 
0.23293869643468487 0.16712126868977467 0.3437935439040451 0.316942461894462 0.1898480080462554 0.38900889918102777 0.5195061151448758 0.5153017971943894 0.201577556445151 0.7023587674506464 0.4440644708061425 0.6280009077733452 0.4236098289518632 0.5545249904176949 0.4764025514354392 0.5624527417895756 0.45481926732141353 0.2849041584241915 0.2225172133039001 0.4711494047903219 
0.14053033830212472 0.1901554338563508 0.4857678211499654 0.45293769884650886 0.03357380533279556 0.21365331465799503 0.37885366643691054 0.3380116247855698 0.2202276860930164 0.6241564419409945 0.5056378951712408 0.5603486346936878 0.22964658392702028 0.4703508772488579 0.3128864680149051 0.36406426739489833 0.5670104104857917 0.12572981852737944 0.18436693003738486 0.27012077545299085 
0.20725517970205717 0.26627989085029424 0.4244551164383673 0.40149790672936264 0.24325733676017283 0.45050249501112744 0.598620323504172 0.5768568136479415 0.30221059301881203 0.799131100490828 0.5438217183019798 0.7259626596513242 0.47110240926692526 0.6491474184262622 0.5453458422157216 0.6028983750177369 0.5435818813211112 0.28014180027351854 0.31621638909162414 0.5060446985632068 
0.1873641562952823 0.35461465300564315 0.6568848576457027 0.6235140092950046 0.20079424720288572 0.21218412871900122 0.3889538405714946 0.2933089439054263 0.37842713504728004 0.6755380794598201 0.6532608965392936 0.6257880952209088 0.16711054565140532 0.5298376033329212 0.3011947210530458 0.2504387147636611 0.7301284214976632 0.10551566494029951 0.32980734195313893 0.15298308141463873 
0.32458633836684714 0.11721563908431856 0.24409387057382753 0.2146432059623798 0.2280281497276019 0.39277843708952265 0.48975931587175975 0.5127598126195914 0.13647554121776378 0.6324308525725972 0.33864896522856464 0.5555896185195033 0.4433199996807806 0.4922477492640391 0.46474438316060507 0.5845670849574017 0.34884872614853013 0.36123441894753366 0.18183961803886642 0.5027374932525023 
0.7462518190744105 0.5213867469713949 0.6276851722382479 0.6052971502794433 0.5821727184737451 0.4447526470267454 0.2766072010186743 0.40340239918756654 0.4892894239623303 0.01892995024068178 0.42968389875410357 0.07011067786129653 0.5015420468244601 0.1373118603806336 0.36649013435955935 0.5363866525708335 0.5695683573070615 0.7028816309580289 0.4682778616998742 0.5601482160215405 
