20
0.26603077298272537 0.383848444298735 0.44084711504148405 0.4428812098302838 0.3030240300910995 0.45026862119508276 0.39871803650700216 0.3342875443157162 0.24134242701707437 0.06665015671851533 0.4244367518789234 0.3049157225138499 0.23680666643865247 0.10988610187572022 0.10720203117670554 0.4355240745312185 0.45341174837748643 0.4002617045404039 0.47254003172316916 0.14900171043816943 
0.4087690076049741 0.5304431640729753 0.5849542575702715 0.5581975204641593 0.37979801463797314 0.5989358412991772 0.5468834102626245 0.4616681507387938 0.38945455896177794 0.2092583553099284 0.566913864859697 0.4534767827173865 0.3108968429344482 0.1383233169862111 0.1557896606042744 0.5766799995633104 0.6008498600143835 0.5358306644135953 0.6184523841942585 0.21265310554336425 
0.14524571276064044 0.06922742699968688 0.13654361685753252 0.3467470570391652 0.3333286537099028 0.1310176592451852 0.07596247795708802 0.17621616848977048 0.08147188168273124 0.26303470791667016 0.19179106806026652 0.053229479879715186 0.32373935589164565 0.3769642379834315 0.3589347208038816 0.14984722649709814 0.16323133705108284 0.22623247926593923 0.15651009727739582 0.3668897338932737 
0.15601403126807062 0.34129380961004774 0.4078515042339184 0.291873005347017 0.40396855985929003 0.3776761184896998 0.3401268566970754 0.36300118577585355 0.2050686916529329 0.15612216372336213 0.3056227300352911 0.23237991040468373 0.34869505619545615 0.2609673290503805 0.2549874235617147 0.4153414242627648 0.3561679145383247 0.26636529851527313 0.4277906238847152 0.09753283033425125 
0.2273634561295112 0.061293782966871525 0.07951454189945432 0.3769254261369059 0.4060322858595158 0.03959187612137059 0.033776765348567044 0.22566923773935627 0.19105067201550405 0.3722078679069617 0.18871816149974185 0.14016688483621031 0.4106011366857272 0.4832893506803662 0.4647491965799259 0.11396405844041979 0.11555319593643604 0.24839157328270045 0.06594153049791661 0.46931555666517777 
0.20256587023865744 0.3888411411675955 0.45513448256061967 0.31331177756943573 0.42782592033926986 0.4254944894942164 0.3881408283873724 0.40287905102507887 0.25088726794762095 0.1726155381475645 0.34802174642167705 0.28041375667938023 0.3682401966430244 0.2585920412224664 0.2562313545021287 0.46177301292816914 0.4021633655846824 0.3039987341644216 0.47563251358186276 0.05036942022107557 
0.5392023860285567 0.599947287682504 0.639251711650519 0.7241304071091529 0.33191114651292397 0.6857794041071934 0.6272882900994503 0.48082768469162984 0.4797591105405144 0.3106918515034054 0.6945223382386593 0.5555642200451214 0.27968866222544675 0.18446964230388266 0.19962905213247348 0.6205130067769168 0.7083033705350291 0.6782048670050937 0.6794313226288813 0.3968604472782731 
0.39244209371271893 0.4295126320102415 0.4676412434316749 0.5996195905162625 0.18544282775052293 0.5175137361532112 0.4583137551992709 0.311088268961723 0.31635391169783655 0.16972516645598368 0.5409466685341275 0.3939761497065972 0.12041554719602539 0.07236910619474356 0.06795566293585213 0.4490715690691538 0.545555567046508 0.5341794469361544 0.5079562307879361 0.32174646496939513 
0.1124490365993891 0.2826761823913414 0.34471980993107515 0.11894910133886881 0.5178489121564205 0.2585725960545476 0.25585493153865213 0.39781857959028405 0.22923339652450928 0.3290484671557804 0.11868903916759863 0.17881723941185426 0.48348355738080784 0.4529928945377706 0.4418193571194449 0.369551124606754 0.19890272633311773 0.05735758115641756 0.34211107947775743 0.29577842657721326 
0.256308151172075 0.449041849890915 0.5156972837789081 0.32938172791024567 0.47866939197219543 0.48166012323797924 0.44675919569392175 0.46345800380342667 0.31228800050568567 0.22254364395333412 0.3927054304976193 0.3387277085925589 0.4162071670196258 0.2884993514794511 0.28997552060532106 0.5229918442353814 0.4531574923039749 0.34205093512034523 0.5351319006055484 0.036224583085742446 
0.4405928880103299 0.5746039488964005 0.6309376097513101 0.5726509747881258 0.43209968741495386 0.6392999540609922 0.5889876994266142 0.512250243739302 0.43181582763360443 0.2547445605610794 0.5972425934211727 0.49226087539881397 0.3633096348396296 0.19086013396769502 0.20834413850562677 0.6240806429127619 0.6365276931104972 0.5613955967673739 0.6632202732186356 0.2216733466662906 
0.14472856276218474 0.32996675059595093 0.3966182695360124 0.2870084403430958 0.3995065099983464 0.366087907540109 0.32857926425337064 0.35411779694303075 0.19443396317527784 0.154831460984602 0.2952984625469851 0.22080557124672273 0.34548698213533646 0.2635437931706651 0.2567366722095481 0.40440289874035323 0.3449442559717841 0.2573315767413247 0.4163357641340661 0.10910092688750506 
0.3397615634745973 0.2888495019767281 0.31004827438838317 0.5687693314146689 0.06585550883896743 0.3853581759801854 0.32557147706754663 0.13930393864620777 0.22682571792680836 0.2053311107733179 0.45544092668511826 0.29870905044932483 0.06726419086045841 0.22076047939657734 0.20233110534524218 0.2849938305930619 0.43347778610674176 0.4714860245660165 0.35306423226991296 0.39515352601190407 
0.21068789136222205 0.33160494992202016 0.3907953819913571 0.39805097131813105 0.2983543983668349 0.39487535726204087 0.3444453084877805 0.2983111904200019 0.187611544990003 0.04238899793200053 0.36878003999100456 0.24875762884738775 0.23800365551769675 0.15087217366627192 0.14186758070362585 0.38796769310446716 0.39682089655262337 0.34714887409648326 0.4207250713491972 0.1492137351559321 
0.3586866246818965 0.5266730978334432 0.5895522164689356 0.4567900470588799 0.46855516818992 0.5757044809715567 0.5326697777849201 0.5021672618853033 0.3823242146365298 0.23460803982333214 0.5073256160807971 0.4277153845484244 0.40005303206047454 0.2383948027351212 0.2483720967833029 0.5899242442139915 0.5589380017391161 0.462444900265532 0.6156697986283377 0.11077178716994374 
0.46471008014519016 0.5396558612565214 0.5837529166554307 0.6459561208602465 0.3078284092047458 0.6216055875927524 0.5643201720234823 0.4343858956238275 0.4126566304783384 0.23772167128082386 0.6213210914717453 0.4866697463937407 0.24584392142429323 0.11390490258786513 0.13168264665753462 0.5680294565912615 0.6393054583187833 0.6024902425724024 0.6223199562327976 0.31968633806074515 
0.5042837903892043 0.6369147369620363 0.6922692211718685 0.6304564147588648 0.47545695045300246 0.7028197941440198 0.6520693132025382 0.5685192004649864 0.49474785885513406 0.31615492866875144 0.6606219511730581 0.5559878157648115 0.4081126206160457 0.23933949664844248 0.2582498890117867 0.6843520539628201 0.7004321066408645 0.6236908995671403 0.725262135098528 0.2795392504677387 
0.26394952727481874 0.2500885029668757 0.28712216502788385 0.4918167799654601 0.1434161545975609 0.3412582122309766 0.281277511172508 0.14159769529577296 0.15750642105371268 0.1376946814695927 0.3897520954875071 0.23391685687097077 0.11088926019216817 0.19316084720172122 0.173296989774991 0.26996643417812644 0.37840175273744275 0.39949612061737555 0.32725935735643286 0.3238161519794024 
0.25757343973907426 0.30622040880440593 0.35359610607892655 0.4728515902751017 0.19494709724595266 0.3880850024062244 0.3304650468286725 0.2241506951959623 0.18148255496197602 0.06133833491031489 0.4041484063888556 0.25823974173399683 0.1358240066418547 0.12126966767660034 0.10239734221302631 0.3416372940425686 0.41059436271353295 0.3992682009665892 0.3904926827784685 0.2511779337477424 
0.2682684383795854 0.47671711635295283 0.5445450085344674 0.26600313002435977 0.5602622265955541 0.4903147716054706 0.46607716839067126 0.5210545249572177 0.3545057061041155 0.30557403054959664 0.37389207017799586 0.36044856656892416 0.5012031332591923 0.3837347140284964 0.38396003250469946 0.5577950249219465 0.4470023615784859 0.3126498286653014 0.5569233792483886 0.13249329149215144 
