20
0.3044341929622255 0.38601517860744206 0.5579190176053763 0.6860779627498212 0.36134259523248363 0.524620333620755 0.2697049128718351 0.343965802141729 0.26223218813199384 0.25112196858343033 0.5367008893739602 0.6685123214367734 0.5044611735375331 0.2009462825841987 0.21755174433973526 0.13995650368331392 0.28314762269993615 0.16089755363158287 0.1990469951526532 0.6258026594195839 
0.19138201909649508 0.2871177235764526 0.43106406311860135 0.7077621231412078 0.39711098614493745 0.5771653903105372 0.14534868773024223 0.27353649204605524 0.425256975140958 0.05469966001143195 0.6955826554079185 0.66963249873544 0.5071639437770034 0.07444859200222714 0.30958506681541703 0.3183427034081262 0.4667960076806679 0.27124544383481447 0.04977491447565455 0.631346282910677 
0.1323464434878877 0.15694684967591416 0.21990844393210388 0.6232001371543319 0.3863754011040027 0.5439193475464091 0.14227471777932685 0.19469659406670953 0.5414229236656969 0.1779615830578678 0.7763951629969494 0.5663666922248727 0.4299195540370155 0.20336843045248318 0.38885891546619467 0.4704780516869763 0.6028704174576092 0.38316544972238836 0.2104832123876113 0.5374338311307936 
0.4904188517879799 0.46096352107426475 0.5635398390470159 0.25596333473184574 0.22502065409402955 0.1077280067567445 0.5117829855474433 0.4158069299580523 0.2981456108976913 0.6068571224357567 0.25789645852795234 0.2930095891232109 0.23873331843670795 0.536929628420753 0.30622350241010154 0.3974094870985384 0.3476431305963608 0.359282526176762 0.5594242001978128 0.2600504420644376 
0.1669269024062562 0.2628418757439739 0.4145621900609103 0.6742151003753184 0.3621351406110596 0.542193658160903 0.12102794527264817 0.24457328166427938 0.395248449663532 0.06273173982011127 0.6637430509960993 0.6372633307442302 0.4740645463686946 0.04243885117764449 0.27548043631140695 0.2921179512730615 0.43963245432974524 0.23893608407918832 0.01959501083030166 0.5985559562849441 
0.26624092884246986 0.346507464360978 0.5188293919561845 0.6534386408985506 0.3277037311395649 0.49507927098681126 0.23309213768347672 0.3041398529959884 0.25630692715694997 0.2253928492965907 0.5317690424877695 0.633586789420672 0.46881038819730564 0.16870833684479178 0.18909548772241327 0.13890919834931797 0.2873087184190093 0.13362063008915565 0.1702269543985214 0.5911235767528857 
0.5438731397708297 0.5230426203935122 0.634054556681797 0.3170846349825962 0.2822908957802325 0.1820383077059914 0.5609240851660665 0.47488047136661 0.2895815486308269 0.6493220797785635 0.1880170556235408 0.36151970486002805 0.31270467382246486 0.5774256359932931 0.33470291035185556 0.4021099589288822 0.32518053718210704 0.38262682290577477 0.5986570801845756 0.33106158601046737 
0.5290892954835279 0.558581801899839 0.718004740892899 0.5709200852997828 0.35773554099025856 0.40000713736219407 0.5221909896856574 0.5017949212796258 0.11899220909768811 0.5673743376463913 0.1925537812317068 0.5941326297648605 0.4784819036912944 0.49665808613369955 0.2734863464128511 0.2218052651794314 0.07580071102836188 0.2801425106600829 0.5092353420537373 0.5544527915604389 
0.4836089845632268 0.40094092460597847 0.39000476706469384 0.11245819466551339 0.31862796890909934 0.2247733996938313 0.5255902616984854 0.39405128763446445 0.556540141306406 0.6385936103008388 0.58402164990806 0.03973270744082995 0.17141825412980174 0.5909415641780579 0.4704000996784366 0.6079271838681073 0.624330862297903 0.5236690652139903 0.6153601592598 0.06728314252680433 
0.26151342184288756 0.16917156766047092 0.06012448564295252 0.4274247481432798 0.33180882676799583 0.41488771744022623 0.30637527743756565 0.21182583807762465 0.5773234751827825 0.4028448205866687 0.738854367652444 0.35833819424217694 0.27768802232750917 0.3882339845542179 0.429084328526054 0.5589893749152498 0.6500797431639285 0.45680966712701093 0.40744058934690663 0.3425548372838033 
0.06270498957626201 0.04985855006556642 0.22432297680673052 0.47847807324867564 0.21930415181631985 0.38077922730406444 0.1061639748036684 0.029613691468636422 0.40027584261339355 0.2184637962018612 0.6160730903222903 0.4308079758018511 0.2780877182894064 0.18134458449013444 0.2441245861272153 0.3556360426006715 0.4682737945566639 0.2559897580899989 0.20390020812621779 0.3961430558703742 
0.20439136006243672 0.10846855623920246 0.12054338070124465 0.3957506626788133 0.2534399297518581 0.3543792298022181 0.2505217705502401 0.13841634640425557 0.4962249257403702 0.35654339662939655 0.66353200066694 0.3334910037195268 0.22096666145125898 0.33009278101498934 0.3483182647115415 0.47973511212187636 0.5689698718311798 0.37756005001366716 0.3514823588097211 0.3090619705249073 
0.31035344250342145 0.21436249295521262 0.13560041704651637 0.3567539815161834 0.3153451480932186 0.3655193814829738 0.35644795381783906 0.24274181263144587 0.5733626369789314 0.4605425134038264 0.7076831973682699 0.28564005748595406 0.2292524091562111 0.43640519523173066 0.4345505016182371 0.5716560158025085 0.6469672047175058 0.4703533355853756 0.4576186169678384 0.2740564486289715 
0.19875567409525122 0.11267732705476566 0.06277787344805236 0.4651979024174675 0.31642557799394566 0.42737547405015025 0.2423412137227304 0.16378872802174693 0.5454398354601805 0.33559113639260585 0.7285816750620854 0.40034561177560174 0.2942915073885237 0.32434578927416513 0.39231229195189254 0.5147827122688067 0.6166994608311825 0.41338725496921 0.34258598140681407 0.37867891729625325 
0.3526532106056336 0.2766880284608292 0.30944681634686744 0.19246715358844185 0.1931849436133497 0.17425077141633616 0.3930261106704768 0.2622069557473553 0.4478093246404158 0.5059021049939781 0.5299921168324603 0.14071422099384237 0.04972888581950437 0.45591242726071823 0.3434836468474001 0.48394093525597603 0.5192753419692628 0.3943780560085956 0.4804305878380397 0.10701910660346473 
0.13015184085617573 0.07827331447871233 0.1301694717138804 0.5220378023195457 0.31926148941635296 0.45850909058452766 0.16865635808590862 0.1336554091155106 0.5177922704775345 0.25338057302950623 0.7266749650101062 0.4623812408705648 0.33517668561894093 0.24936725529834025 0.36166047977480803 0.4698827225477705 0.585773094500321 0.37195476304537956 0.26542805231215216 0.43560111836027493 
0.18034121234786937 0.24458649633629023 0.419138989197788 0.5481062478267004 0.2228618126048202 0.3985414415592118 0.16261299899213258 0.19636961139999248 0.2444047477863783 0.2117868197548024 0.5046356047514438 0.5235770427806996 0.35790602425022394 0.13848131249114323 0.11324844659343074 0.16721711500049313 0.3002325293619784 0.0826531314795954 0.15600512188257468 0.48170832133455105 
0.2061143253222718 0.16334758568728008 0.2893575497391087 0.3414273089930247 0.08397031000534268 0.23032497775398797 0.2390011342958912 0.12127247670666666 0.3311855190097081 0.3488731573296235 0.4962078442046235 0.30538992746362237 0.14088130599218474 0.29201355643370364 0.19493874158535415 0.3354853644859767 0.4047147885350949 0.23766721819168168 0.31668795565172875 0.26568973133512575 
0.28432915255692626 0.18916903193082668 0.15194311236925162 0.3358835649273023 0.2720565638783761 0.32872009188512646 0.3303515602248386 0.2098846255180704 0.5303230221114759 0.4380209828696311 0.666141446929956 0.2679689033469767 0.19143715729077643 0.40837647662978904 0.39271624726752274 0.530712872975812 0.6039413655050149 0.42985156256577656 0.4304976478921165 0.2506124713904085 
0.6562592473496874 0.6650474062796654 0.8054427867840471 0.5404672950511799 0.4326901903723087 0.3965558765625527 0.6585515677698159 0.6099665913150513 0.2723064355293452 0.7200814022307692 0.03831239948799574 0.5839268787004304 0.5126696079987463 0.647191444806716 0.4035806239582103 0.39052075423021937 0.25145527588749966 0.4276668387257375 0.6629133740670893 0.5514605717194627 
