20
0.38362918423399567 0.384654888540396 0.06273480812552719 0.3844669085027806 0.5393835670655884 0.41049871207079613 0.5382894053103924 0.2871798210922263 0.5579681248441203 0.13069754110906273 0.28524890830223476 0.6194031263482814 0.11998026325888302 0.04949946922604181 0.4412115344391478 0.2717824445544795 0.258602596930103 0.5596043633292229 0.4926064371841686 0.4616229804204166 
0.6725746184969035 0.6294943835582898 0.5950436424664981 0.6738613167382039 0.14961777581940863 0.4086396626858527 0.12589193420345826 0.40998571396419103 0.797467036549471 0.610850939141539 0.5295723152930037 0.5401080110571426 0.6768200008095219 0.6114687368306894 0.3496274732571527 0.5305626578271939 0.4378358348685515 0.6092444797029125 0.25891075541717146 0.19959249243146562 
0.6237203339798337 0.5963190924146762 0.33856230387585357 0.625034271950666 0.23393363578534185 0.44982821741929774 0.26457685080638493 0.32689891136041915 0.7983613984427603 0.42453272389492486 0.456617685274284 0.6827280346864406 0.47236467834434215 0.3438610707533329 0.051284045461956335 0.44764387610327616 0.33132782097306324 0.6891768346682562 0.3969407783928185 0.21547725557275127 
0.4290568705872888 0.40515261038413225 0.16933260225730182 0.43033928252085746 0.3078485481127886 0.29901504957010827 0.3085317808949655 0.15478827484388596 0.606976949860927 0.2297908479541779 0.2653854579422495 0.5387095153297533 0.2841930635141687 0.1831902536951167 0.23801232366116104 0.2549607490808187 0.14742801122615387 0.5219143909350042 0.3123304450512025 0.23208741007893074 
0.5932530529654141 0.5548502179825691 0.4412183612682071 0.5946082165521619 0.038100983089346695 0.3520548959471461 0.046940588797246566 0.2954602470427837 0.7444005951488806 0.4772726291312032 0.43186080637536567 0.5477137547109047 0.5403812511485069 0.4556112943520952 0.19189346923719114 0.42889098061913233 0.3178785562838662 0.5868619720002445 0.23724853161121912 0.05117877846330096 
0.0780969251210694 0.11242421934441023 0.4463000600635592 0.07677995668771533 0.7030329318278876 0.3303121397554405 0.671730223689401 0.3841203439345315 0.10993005808516604 0.3261589728332206 0.2463165708225485 0.3338449987127279 0.33195689829598973 0.4606117657764339 0.7329250501833756 0.254382861830523 0.37272064119438836 0.22179719580639579 0.4810974124873315 0.6168087596972438 
0.09937622807589518 0.12164902340953022 0.29436430275617115 0.09978463195380124 0.6188129162955031 0.2944291012877391 0.5952887653769902 0.28570464007559493 0.2651411858385839 0.1742342438902917 0.15364489862547356 0.40376872419519494 0.17710085703067424 0.30741242785545325 0.6136540568870061 0.15365357062135268 0.2652210845764246 0.31138213433257295 0.4399252643476411 0.5300174560423158 
0.07753295706634944 0.11003760663098094 0.4479051429518621 0.07624525601101462 0.7004876258122856 0.32680740038600653 0.6689256262280904 0.3826001881993604 0.10775368787291825 0.327869731898021 0.24522373138047243 0.32814836074422316 0.33473851458295745 0.4624084980737836 0.7319028932399833 0.2535404647560101 0.3716157099400459 0.2160365113891112 0.477389264289942 0.614436715087538 
0.5093318050362663 0.4663780119471991 0.46631282314448236 0.5106209620928979 0.17096445993996479 0.24608443991994666 0.12502096602058968 0.25755373965777806 0.6381441054520203 0.46278146120781094 0.3683536530666082 0.40480945762222137 0.5294390453142607 0.48502057162256407 0.33418594868567353 0.37021513060881395 0.28694110825447416 0.4588866694747445 0.10038326614944816 0.13306258504724025 
0.5857981880505715 0.5406815057561151 0.6415559814719604 0.5868743109241726 0.3315281723931647 0.3340671782060947 0.28743153744980965 0.41406395830542075 0.6683171850681435 0.6142425145519186 0.4858480890091811 0.3653003196068698 0.6795753981114748 0.6616408883916249 0.5208770945302738 0.49246783716813114 0.4437446728774095 0.45907168352854816 0.20764509294298192 0.32455389611607893 
0.18677661476220286 0.17103758075747968 0.2023496281824895 0.18798912018489364 0.48483295362107404 0.2074605082816239 0.4640486013703636 0.15242502126880417 0.3676212424026456 0.10091775563424571 0.059145391323091025 0.3925287632065755 0.1545597326893449 0.2211237932764455 0.47771709135153834 0.047016125912791674 0.12918144384948232 0.3322733233815247 0.33239343750980294 0.39602969064371446 
0.2132368211880919 0.17039329724504326 0.3346112167099193 0.21452027598312978 0.42458014874808314 0.05548091468567269 0.3912468141676434 0.14183232524276634 0.3544582120698649 0.2574643794229486 0.10306171111485166 0.2512990774706357 0.31460593901928 0.35565651511291846 0.48464629619754207 0.11334411193459695 0.15060916537078062 0.22699634292649176 0.2052089367337781 0.3407882969547028 
0.20351497231452048 0.17168706192174718 0.5068770173356744 0.2038413938004639 0.5913723846318599 0.2143145070700673 0.551339086682706 0.3402086114014726 0.22391815128708473 0.4045086427050275 0.25303921676709396 0.11751355106853018 0.44302252124434477 0.5265039303661984 0.6782436273878062 0.26670292227696957 0.34656107181203066 0.028538875608535665 0.33527712618448635 0.5160207124032693 
0.3381543796026622 0.31414178090375633 0.15277815492912705 0.33944359497848586 0.3537381073777327 0.22980146978080843 0.3428163993424098 0.08551659567641909 0.5158992961705536 0.16147636673394597 0.17456802541301616 0.4650448847275069 0.22472532628918415 0.17300102715406776 0.3223137257582109 0.16393121092789564 0.06568468681030862 0.43798486235866246 0.28306612402868336 0.2679966333830885 
0.6260686665254375 0.5818720646318376 0.7295016629306049 0.6269945220774664 0.4375530193715216 0.3961615280992497 0.39400729315335437 0.49799034541568454 0.6814418043403656 0.6903487815098234 0.5500044437033398 0.3595770115873295 0.7537931361822992 0.7501387397119732 0.6278810938122388 0.5584844187715358 0.5267441831826795 0.46706294534166043 0.29474012365264957 0.4310276119192877 
0.6996664708661271 0.6615689596969087 0.5221798900490723 0.7010234138418899 0.07383758639989725 0.4581126784272989 0.11681983391269313 0.39927690747670236 0.8511705012448167 0.571759960753516 0.537078041889794 0.6452603626197144 0.6325655691137041 0.5341207571609324 0.19221844912861138 0.5335472029099324 0.4200228073173926 0.6904686598310148 0.3354588614232355 0.1571988038321838 
0.11416251204534801 0.06916605150433128 0.3633548408567592 0.11531606430756737 0.5291042624248341 0.15345583818872194 0.4961790710074608 0.2260625607809056 0.25175857969907267 0.25936994044642064 0.11146936019773898 0.24132809458111978 0.3000112055799056 0.3825737131329362 0.5777960272324987 0.1247631058076776 0.22342618777662634 0.17053078508252226 0.30484764901496414 0.44446592527780354 
0.5473470680829573 0.5057994504445599 0.4619898154781072 0.5486690654344631 0.11153996417625178 0.28981909816450135 0.06592087267991115 0.27340615512537253 0.6847949677185139 0.47376363680070466 0.39715309901331397 0.4627022782718846 0.5397931929301166 0.4792678828637861 0.28277552043171955 0.39714209917699567 0.30093207331074767 0.5123769950878534 0.15417593101100044 0.08680130868709915 
0.24385641619629797 0.20476623021105195 0.5006453097413759 0.24447539348055172 0.5358956987494294 0.17186780594406006 0.4944556219835744 0.3109327319269025 0.2885709042209577 0.408430811588471 0.24978489690456745 0.08510127185198697 0.4547320378162708 0.5211731876858461 0.6351031323356744 0.26322802273792895 0.3224534883951259 0.08380620489855102 0.2762496015928968 0.4640403289832614 
0.09482094590292017 0.10294788265529961 0.28254440594494823 0.09567827134556875 0.5843071341446602 0.25817575362983314 0.5600052364221771 0.2516493551939153 0.27288958213136216 0.16287250706123002 0.11741140468205268 0.37854344097655424 0.17960258543634525 0.29750297387841784 0.58523280890465 0.11821682853280821 0.23249415246596336 0.2921963037605178 0.4032174346346291 0.4955997315197986 
