20
0.486447910915841 0.5578377246715497 0.6827833189261052 0.34695571008777315 0.4447707446244281 0.24904092244113604 0.32558596908607323 0.34154623406021994 0.6488206585031887 0.608436914062566 0.28795721122680673 0.15341676939256105 0.1606956708939676 0.47516055709901756 0.16763158002191297 0.2298380783050435 0.33649773352761164 0.4072865124738304 0.4788418334686697 0.5882596625812748 
0.5441814437094012 0.6187021692863142 0.75514023824957 0.39239658716286385 0.46574061019066443 0.32223286130636725 0.3812905023250543 0.41549004200837886 0.7130538802698783 0.669120060613668 0.35710123753830375 0.22830208308848618 0.23175530302873537 0.5263133962581908 0.20657736669177498 0.25522227830107824 0.4009987471781625 0.4821723067240819 0.553727415734397 0.6112031315623202 
0.1459224738728888 0.22748928069770386 0.46426905813623914 0.04101369751718 0.16734924599040082 0.264676555161522 0.08896852973959156 0.29055289263262024 0.33369649011228647 0.2709620535679201 0.44853858282389614 0.3296354800146554 0.27031252587623517 0.09970278632917227 0.226901954623145 0.19537796857012035 0.513771809009085 0.37778006420468485 0.4194186146281293 0.25578054109038806 
0.19246760865626025 0.2576097950798676 0.40866776217259093 0.13703932244506228 0.30933632247826676 0.1104328344824973 0.06887798939073767 0.14095420807966053 0.34766432114157175 0.3081487385152409 0.29334692165900617 0.19583364786770682 0.14821009984260933 0.20242141019824578 0.1894600461487345 0.2114431080857365 0.357850499537876 0.2335344462386859 0.287314939076647 0.4126225023647914 
0.29958405521453935 0.3653353657439367 0.6285649690570722 0.20711229653112675 0.048000477280688694 0.44404309110831486 0.27551552300432564 0.48230279221943745 0.4628023555411653 0.3922554464828697 0.6248767770248481 0.48527323120578925 0.4234283178639623 0.23301904777775018 0.32803263961102536 0.2628681086838803 0.691186966590399 0.5709757095795275 0.6125955263427633 0.09805258067085547 
0.26501088672216466 0.3361138239278515 0.48814723088678336 0.1517998547055948 0.30515443978589696 0.10785381963404124 0.10821075985434316 0.18439654887934745 0.4294128623379028 0.3866909235949171 0.2790559249456275 0.143356654169173 0.08359670603258748 0.2602186278439691 0.1122193352417339 0.15170928452792043 0.3454234908448355 0.2760551116224272 0.3395800227338458 0.42913483939770897 
0.29728495975006725 0.36695033292730156 0.5079923035323535 0.18282929516244037 0.3295256848178082 0.10184399951634915 0.1415829010581321 0.18936696849244142 0.45828312406853544 0.4175547517821611 0.2581371040019102 0.11331221251869934 0.05192388226976362 0.29358609100460237 0.10440824021585386 0.15751601324274944 0.3241409715771749 0.27727772092072134 0.3439878861432702 0.4574545372565374 
0.4206414693452982 0.4429613019433522 0.40804791315110356 0.4222420440406278 0.5932621795846716 0.19283895747935362 0.35426370642563254 0.15452637380274228 0.48099839864068744 0.48246917194743233 0.10287905908226802 0.22525547257917458 0.26054450699026377 0.461197052532389 0.38965921190552705 0.44748604269539094 0.12187394567724019 0.10382992073372724 0.15071888272495532 0.6963155256961234 
0.1881699767979937 0.16390687237377102 0.1765889438945454 0.31343876587898806 0.46511565916297226 0.26881056357870037 0.26040037976501884 0.18997283707430224 0.17904587438678668 0.19058265980614714 0.3771324599299899 0.37541917728290697 0.3537139287803777 0.25294443213894463 0.4216273148377789 0.4379436987815724 0.4203476039923305 0.1985920805961047 0.18518155098814004 0.5112069399742909 
0.19536824711942555 0.27620750298127544 0.5146978387821204 0.04730877378771822 0.12593876665320758 0.28480943856740637 0.11636397891858562 0.3237803647285387 0.38235371617932234 0.3180719037788713 0.46700466434417337 0.3351554233797277 0.2737292744870027 0.14332289662077008 0.20607155672324845 0.16172505680615168 0.5331153131478911 0.41409824190740674 0.46016692913507223 0.23642806512676215 
0.28722879623042513 0.21367528153024107 0.08312167574388941 0.45440258280796636 0.5758911009229251 0.44912793834714354 0.41627585415491447 0.3679092352383091 0.12538225975219316 0.19289186041406314 0.5442730218179426 0.5556773305961065 0.5330594225493336 0.35001224005327264 0.5909814718670929 0.597184162984287 0.5787279408375242 0.3552315632120299 0.31347703877175914 0.5798951813056361 
0.5052502799153974 0.5823019886099617 0.7360156169234633 0.34591290586735524 0.4090187029875795 0.3095090838504588 0.3423474046087256 0.4040870226340587 0.67996281564655 0.632266404911068 0.3748529200939592 0.22895340216569338 0.21654396504255063 0.4822726973688178 0.16114192860997936 0.20156574537269686 0.4253091752469414 0.47879094378231746 0.5499276088698339 0.5545490123807743 
0.35545160716751106 0.4303880091628065 0.5853429840418465 0.21073560875953848 0.3229513378833024 0.1736651887746428 0.19265224636137138 0.26537282577096355 0.5264486744092597 0.4807001707222673 0.29919304824471704 0.13744731047543224 0.08920797262064636 0.33984231700757206 0.0466866191641032 0.11688422735990812 0.36208865148334674 0.35013526454223864 0.41859051183785906 0.46219965103136623 
0.3926947352384181 0.3205006963487053 0.09052197037878833 0.5560799967320215 0.6822676535150005 0.5235423860753079 0.5134269235880954 0.43488750048273683 0.22934410084191179 0.2986194669740372 0.5912210900893765 0.6272059465304891 0.6122713688877057 0.45630989283306483 0.6822902130866911 0.6940156609074635 0.6156332385015771 0.4010886078876852 0.344729248093229 0.6858361403382519 
0.35321667631532133 0.34558453178230053 0.24631121084227894 0.4235943329002539 0.5936163477190178 0.2591342571073847 0.3563751168563666 0.1683468065117194 0.35288963675427193 0.3733291633548317 0.2643144209336088 0.3405758813638616 0.35044098074852054 0.41041624637076884 0.46129962209508263 0.5023513819616224 0.2840305060250813 0.08672697459531489 0.015384777538982848 0.666983297334279 
0.15134101439485426 0.07022023449425098 0.23985784719699438 0.32749253474042833 0.4200003857145669 0.4070039470712097 0.3105701908630636 0.3535691506078032 0.0465888814640303 0.024981854761513093 0.5506565779007216 0.5112683965433864 0.4718991046875474 0.20042515926416968 0.4937475380948544 0.48244853704749635 0.6003759675745701 0.38440999348735644 0.3733440961408388 0.4103681580068789 
0.371712220812072 0.29279818364566934 0.1376099520512969 0.5438464762432457 0.6545017242133007 0.5453181048926672 0.5095446340711897 0.4625922811616017 0.19020348856212205 0.26067250295127986 0.633501640573314 0.6516142726516336 0.6296833811616922 0.4307214949260226 0.6862422077451534 0.6900749410170713 0.6639859546150758 0.4430598439845572 0.39437288457635444 0.6430207106269195 
0.1683492897048253 0.1325670495130996 0.36114820746294996 0.3130718680139537 0.3535418919171754 0.4602748238879831 0.3226404306109693 0.42813092569818073 0.16343689479722173 0.10812680565621066 0.624445916229649 0.5559275616759051 0.5068444077926229 0.1754988329769505 0.4967094141071234 0.46841592762968576 0.6803601045048498 0.4772839759487432 0.4781603210767021 0.310087161278187 
0.5175621022614794 0.5448415134203844 0.5057697384290945 0.4977703113906266 0.663627871963918 0.2591695726361326 0.43285939571422055 0.24876679786961883 0.5852181752193101 0.5854955339290143 0.08589807143131711 0.24821183122049414 0.3001424981613089 0.5531849072154541 0.4297094174325618 0.4948349321841245 0.03598715038641695 0.20796717243098642 0.2473528561319493 0.7769345771052608 
0.1955202049480112 0.15739933503128306 0.14996043168180825 0.3342014016403805 0.479892038908177 0.3007664325368357 0.2847124372444431 0.22165217410425497 0.15466945904593796 0.17611186641504792 0.40683440216575256 0.4074300318805017 0.38518775480416956 0.2618698110413666 0.45021214548757144 0.4639443752720869 0.44833878218006906 0.22501961883084506 0.2039493873285391 0.5174378311389694 
