20
0.29739105660642573 0.3956946337772094 0.45897200453073705 0.13153693877651265 0.44045474762092124 0.2336504891401937 0.43430039278566235 0.2650725232801471 0.6463646698450205 0.5104429298548114 0.1342243696693248 0.3223214512312541 0.2778481005910022 0.6517998205560687 0.5810543589523676 0.2024617412641072 0.5916510244202278 0.41964091455990665 0.17956453087722427 0.22841120886842112 
0.42101211738030503 0.24059171404997726 0.6239552911157267 0.4450716277805817 0.5188073892152898 0.41608839529861946 0.1265199523108054 0.569108700723124 0.22991350557332446 0.23561277495947858 0.4245540551160556 0.22962407114574884 0.2995368013422193 0.13571839264327043 0.03690953234915367 0.4088764559199288 0.11015927054378528 0.25433731286235006 0.557161702187168 0.3690949255748556 
0.49964355347053835 0.17632628672012568 0.210974131173543 0.240090672348471 0.11856240682084455 0.44103697453727025 0.37072359138899963 0.19195333031230072 0.6189588025754723 0.5400820447637975 0.2597698731811108 0.29428781371369844 0.3597396702278177 0.442444004373767 0.4249006028137637 0.4030013940459121 0.3832363845420444 0.16527191772356725 0.23422238567873155 0.38642831246107423 
0.5242495714686501 0.16794067290553533 0.22079822010740616 0.2779411453637296 0.11616099540010844 0.46820787742266856 0.37060517945100635 0.2316361227258033 0.6141771520500559 0.54452746157995 0.29510201311456186 0.30572348491012613 0.3791412688451443 0.41707207513036476 0.4082021217885061 0.4313061471840579 0.3598403088038082 0.14912307477386655 0.2769767894702874 0.4118313096587363 
0.23854216730088773 0.4162799692338677 0.771805355692404 0.4577050084297476 0.6848294517480487 0.2802513601872428 0.2170819549194931 0.647192099387234 0.17879656604277602 0.05110800297020897 0.42368436685391836 0.2734207199685926 0.24094102154585956 0.4166621040055005 0.31891258171753206 0.30256247518167934 0.3946873149903532 0.4469110707095443 0.5975250810743673 0.27491633102940505 
0.08366132717715863 0.4555420977818967 0.6709500470790994 0.29531529265161927 0.6221822503762582 0.08578899418005113 0.3698754385372615 0.49180297494924585 0.49486517657363804 0.35005462950403843 0.26459974965274546 0.30313378318091405 0.20806381801397797 0.6241558763235028 0.5310272357532206 0.11548325770189714 0.5758661430973498 0.4890901658501917 0.41379269488771564 0.14509324636230958 
0.5517180067321029 0.31968948263597724 0.6784162853833833 0.5584770222988023 0.5693678128713195 0.5473856521026007 0.2575439888116843 0.6570107592098164 0.2869090080600841 0.34457192252319496 0.5418437643132273 0.35407656265316034 0.429819464300676 0.05019906803167984 0.09579203004507442 0.539285711269707 0.10113008981993081 0.3202977465615363 0.6579294200526485 0.4995558568870712 
0.5745529564358107 0.1621195556236926 0.3642921336637907 0.40161955363995727 0.25589330821702383 0.5326753553587971 0.3352087670185247 0.4005336188533363 0.541030928931575 0.5111488287843513 0.40665565983592694 0.32549258782095014 0.4192016749087945 0.2777606330318013 0.3022078956776474 0.5029576821580956 0.23194953625127201 0.12824379038181385 0.4369559648670688 0.47284789331722277 
0.5985529970224626 0.22940307801212217 0.18868891971033938 0.34550398859822956 0.08112900408854255 0.5422853737972088 0.43454953210896263 0.26260978032239046 0.6720184115174982 0.6109221410306538 0.36529517410268586 0.37734673139641073 0.45301722850817555 0.44732735823068065 0.4531942356855821 0.505147552595357 0.3949882443700017 0.20401407615057557 0.32360266327110365 0.48608933977387137 
0.3908453162373834 0.3091780840752391 0.30897698795502404 0.09108263626605477 0.2900104659586173 0.3230760715460855 0.41808437894855205 0.12044453908673738 0.6599427552192245 0.5413397559273846 0.1262418859896562 0.30493168980912183 0.30737958438978463 0.5893580592489269 0.5374281280037974 0.28341156459372757 0.5269653629589703 0.32346500630484765 0.04925520109813226 0.28990621020530694 
0.27119271202351153 0.397638653723481 0.48227891555044977 0.1396425394641126 0.4594716520316947 0.2085922542458187 0.42263163496909617 0.2896313526195155 0.6283077360017745 0.49061774111924633 0.13503235745946662 0.31280730541721063 0.2612574465449711 0.646578590231318 0.5727892804565579 0.1792867008156413 0.5872401074119167 0.42323328241896463 0.20478099543618364 0.20773841969216855 
0.7841515379339673 0.401128483725147 0.5854044840751204 0.6611862642105094 0.4880531520932612 0.7558172363403337 0.49693102057998195 0.6604305279240246 0.6093748768802152 0.6415055141771133 0.6619795052201944 0.538375645721757 0.6339037335842648 0.28493210656298584 0.3747210664785628 0.7328535204044039 0.29631778015803567 0.37371671942936063 0.7015544581055791 0.6975901735201164 
0.3016158638604796 0.25420787500663233 0.6320439514798506 0.38147826885627556 0.5355693289460153 0.30389504275199747 0.0507469635472277 0.5397785769448131 0.20150141819417108 0.13470799661095573 0.35427604530347984 0.1584498814007477 0.1973984038913257 0.2578478599948438 0.1591388002745638 0.30293658384568484 0.22391589587703215 0.28089805032889265 0.5100130401973559 0.263701507268151 
0.20039637946318717 0.2311994764734793 0.5644222915908814 0.2627203598646208 0.4808961348689789 0.18346690072489244 0.10727725596688595 0.44163068899598923 0.31243165356147035 0.1925748909297607 0.23200567354111182 0.06882759464444298 0.06682487591724155 0.35936586182937524 0.26889842508056266 0.1753268076916592 0.3105304440675666 0.2652039341136123 0.3987946757787621 0.13555031411451654 
0.6250940199083671 0.2905976776908751 0.589072578123686 0.5558220904407221 0.4806442066682914 0.6055259215235886 0.328775659018169 0.6080837405267159 0.42897112567386 0.4618407647557143 0.5481439883399698 0.3912507022046752 0.48254182280139946 0.10428955730714588 0.19378309903399468 0.588128586575631 0.11956683222617076 0.27514816598760145 0.6281166454124607 0.5502593439850084 
0.6192464478874794 0.2160011215900366 0.42929934205560216 0.4700480843438745 0.32299540639278973 0.5829270583811289 0.3561163058192797 0.47527502028212515 0.533930308156744 0.5244138401118257 0.47240798970332526 0.3688121668889714 0.46471014826704143 0.2393056987676595 0.2871474426133396 0.5560858359809712 0.2073315892792748 0.18557203696946295 0.511281849673448 0.5234096125551 
0.23522933504594196 0.22515801264928084 0.440268723222759 0.09712765121544714 0.3778725186641402 0.17422039943487755 0.2480739923598395 0.2885484143539345 0.47800625848309164 0.35519616467480886 0.06667346323977504 0.13371172572614767 0.12161260587073079 0.4628217594619336 0.3909024485904217 0.13606295266719481 0.40354355276966375 0.2552044235555832 0.23561095470194524 0.1222653761681733 
0.49648094961094563 0.10137200901861965 0.4206571830927993 0.3670003009498257 0.31182016221462444 0.46088914387485347 0.24169178767127564 0.4139968199810583 0.4483512003519839 0.4165705937081299 0.3640342154519761 0.2460664940113343 0.34202600641565867 0.21349549616478905 0.2159240978624738 0.4350837694723923 0.1572100262007376 0.07971694928082841 0.4320506668819737 0.4015744771483072 
0.739652930544113 0.33798398893014353 0.48987523964825197 0.5874064680834582 0.39350598177800694 0.7046577377868392 0.4675386250773425 0.5709330573437703 0.6174390864587982 0.6275915820320721 0.5917663930000578 0.4896068207842516 0.5856914936961404 0.297948304075379 0.37176938566440154 0.6781473569834449 0.2889009912103644 0.306956038005986 0.616596247236893 0.6452380071404122 
0.27735031826911993 0.17730409560603055 0.5422948352231558 0.29035425922184127 0.4495777130442125 0.2586567945668758 0.0486073716066556 0.4444481885569586 0.29653420298488364 0.2077327171713875 0.26553253842726854 0.06675936121610597 0.13706470894252257 0.2850519098974304 0.19906139346994126 0.24611042293638238 0.23419319873663783 0.20877697461605876 0.41567967134311945 0.20669540691786512 
