20
0.2230677493191385 0.13348099733778998 0.1681346809798713 0.3477061471512781 0.3101525480060374 0.28892579893537107 0.38323007898851214 0.4319845916955988 0.2993377476194656 0.4338654968384589 0.4844875036972362 0.34644193090537523 0.30970251034755664 0.26671460910485695 0.370176969714883 0.355956444613067 0.45951289065297385 0.3970499787628368 0.18370927535038964 0.2922036415236409 
0.6422607876838906 0.3482879375375071 0.2935671609686315 0.46317107200785684 0.297016259948026 0.33918432655888 0.7054766845476481 0.2222008558204443 0.5240636663348949 0.07950627499230084 0.10003111243303689 0.31310500634793403 0.3341050956129927 0.33425063263623594 0.4380013588051589 0.4802830084455708 0.22469730004420713 0.15873924944433881 0.38984110278743916 0.2619179685601663 
0.24579397320477614 0.16918166382696806 0.16923971001528118 0.3100446848110836 0.3472294136569057 0.329096973131095 0.42028796970196924 0.42040617164551236 0.34428828458861277 0.4372148621328818 0.5038623681862349 0.32425734025117925 0.2849936160408305 0.30649028242454346 0.3354273398182867 0.31717351160586715 0.44820298091363003 0.392480588987717 0.15294886458436135 0.3258423049638057 
0.5591481251407406 0.2970033816521075 0.3380603907008039 0.5935050563033664 0.1412993192698247 0.18536337016849425 0.5572407703741387 0.42035470553533283 0.3668866911420877 0.2912092913100492 0.1512147991554404 0.4680377592977534 0.47113265332105897 0.19564342430917775 0.5817845787385367 0.6099271324287482 0.4310298517891116 0.34880523781902256 0.46381000845549303 0.13994983533515687 
0.12288374738723534 0.21388795215667344 0.27598821933326045 0.4262821349291801 0.37344098288570005 0.3417409477277693 0.31415639586012245 0.5389825205523991 0.28681897362414416 0.540349334589301 0.5787104336631105 0.4475793533361828 0.4085860509419108 0.32249255762500945 0.4549959263608081 0.43146778324699075 0.5666135606511261 0.5049889900251736 0.27614458324542346 0.3658537941464353 
0.5588935198416656 0.29735598084777454 0.33911688567049747 0.5948966917496039 0.14087790736897385 0.18478695025927405 0.5563178875794883 0.4221378447651896 0.36596710730163146 0.2930513577580456 0.15288725382026935 0.46961680607145645 0.4726165799094835 0.19526082820423846 0.5832597188190133 0.6113087795881289 0.43283959236397096 0.35058136751427865 0.464917808572274 0.14009849256953802 
0.3542580761935604 0.34027318826540043 0.2853719180836085 0.2323740754535376 0.5163440198695453 0.5027129864903757 0.5591466591582124 0.45638419262887725 0.5149905195345346 0.5226633332275958 0.6315174711338106 0.32983975958991013 0.28708562359621154 0.479780503518897 0.27299821187415824 0.22963303986440525 0.4826233617842533 0.4561674316803944 0.17872553064942825 0.48973685694170765 
0.2742381331553322 0.05993779909474917 0.19690240570745868 0.4615362879368187 0.15486601094669347 0.12599914198483583 0.33549356312050455 0.44568421540533537 0.18104139264557992 0.3933797509305569 0.381529026338583 0.4057888453157714 0.38170728856013414 0.10508409333927765 0.4717104870658123 0.47373910536148806 0.4699308041442613 0.38912438717312103 0.2930733866093166 0.15066815554620636 
0.649886132307558 0.41147772780331543 0.4637276413596586 0.7184999535594201 0.2385379228427868 0.27300919857424244 0.6113896087616936 0.5294949488090371 0.4263985165597414 0.39169229686217805 0.22025856181226186 0.589158623021741 0.5947148808172559 0.29020276093835495 0.7054377078997247 0.7350375408188785 0.5365049964429319 0.45942942516539914 0.5897208338865835 0.25301874681368963 
0.38506248240354046 0.2709469466543306 0.3970452398203624 0.6719727115159154 0.16832320176158921 0.13587578840597161 0.3078612125126573 0.6034876175056358 0.13186288307893368 0.5091182662114246 0.4154310395073105 0.5959244049520266 0.5793558354489293 0.15275990569595976 0.6778386402761046 0.6851215590029989 0.6229379328206576 0.5360193984762437 0.5062230955900237 0.20968261388508364 
0.27613691326175466 0.2107441200270988 0.34754824303300974 0.6096931822592135 0.19426554393764625 0.14835094923604564 0.23002757565226284 0.5869079648716992 0.04058769628136199 0.5154541107360788 0.4583349143321219 0.5558564221090264 0.5324964698067204 0.1496793491431128 0.6216298839917863 0.6212055052067971 0.6095881903683731 0.5253774914701759 0.4400366481438656 0.22258507487467802 
0.6100463160745871 0.38150982012898094 0.24529299328987098 0.17779685216558153 0.46881173392439046 0.489452401480951 0.7569171201662886 0.10477367207398751 0.6209899951747172 0.23287766871373503 0.4050367467665719 0.042498723262293085 0.08499131279717448 0.4712572768583701 0.14125763638264766 0.1932780057112326 0.12454596823112354 0.15004483900382456 0.21895342719455166 0.42570040918323315 
0.1479655867490169 0.25169596451893655 0.37921102219041547 0.6028870194138904 0.3155418496239056 0.2702900341221079 0.13425761700317848 0.6433667764038348 0.11331163948605802 0.5987787100817656 0.5732970505445475 0.5845409697576034 0.5529742444072792 0.26305773499307256 0.6239693735821786 0.6112293566858356 0.6688308988665272 0.591105520725006 0.43655702803277974 0.3329234197341008 
0.505243374365844 0.29877888884328163 0.38676553028164745 0.6611263394423704 0.12326256112858111 0.1399430824253664 0.4604489381842493 0.528886337727894 0.275004350551289 0.41066577906137103 0.28144138844834116 0.5544690853964905 0.5489736190589921 0.16156239876884837 0.6569127371732005 0.67643534877289 0.5431666833503681 0.4574385954666777 0.5112134071384095 0.1581903554843122 
0.4997489413025186 0.3273608616278467 0.19874199805900813 0.08023343233006112 0.4623029209011723 0.4696309491156583 0.6700712403597378 0.23763235817264008 0.5618702800467738 0.3325850417908065 0.4793190134056164 0.10647449173237677 0.06691991120535562 0.4480168051678972 0.08540536799753592 0.09594304783929593 0.26212788959945227 0.25434326849061706 0.10359698482186248 0.42311272882942963 
0.6335156747190308 0.37308554945072336 0.406562837370609 0.6514925663908542 0.2147976133275623 0.2568690172615979 0.6207376105153388 0.4537712813542813 0.43114357177770984 0.3152643503625183 0.1446135400038206 0.5178622709907179 0.5257759543409146 0.26925318961825223 0.6362978883015774 0.6682474942146501 0.4602721529892753 0.3841675937775891 0.5307619780197084 0.21624377974649409 
0.2659866021174799 0.08092769564073984 0.21809961066412964 0.4813411209099794 0.15578946029609755 0.12175921617117624 0.31646096743218 0.46637336176143074 0.15974162396605276 0.4115334243200881 0.3929002733200575 0.42706258204262776 0.4028033387174443 0.10301110676399147 0.49213272025612365 0.4933383073575448 0.4904616450363359 0.40918607969764736 0.31241408300840595 0.15746811242243586 
0.2453423293679953 0.29057331976464357 0.42710227652391186 0.6736832449453779 0.29444866183498797 0.24875826469193987 0.1340080005341074 0.6781828621836002 0.060102794839815774 0.6135910496631063 0.558502733850896 0.6364516109387308 0.6093112840101683 0.2501937780366195 0.6904234076147421 0.6835752562748418 0.7018525331132375 0.6192092767815665 0.5042070146286944 0.323173155781889 
0.609910185476452 0.318667564484567 0.24481186415215975 0.4013197054945081 0.3007993164250847 0.338531490220162 0.6904178018188551 0.16942595423568418 0.5157335588899912 0.04004899846814754 0.1563031459258472 0.25168952726495436 0.2722532206041052 0.3295429060994104 0.37643756056678473 0.418433225902681 0.1769126690932519 0.10110066320704497 0.3324600882933225 0.2609364367758285 
0.17324126065885295 0.1450557943306759 0.27111573175488146 0.5041691136612343 0.24549162484993656 0.2057137298542711 0.24243729271556322 0.5354730260364006 0.14007294674437185 0.4959713150883915 0.48726516423174543 0.4773661276625179 0.4468573318948898 0.19109778517150483 0.5224194744566013 0.5137098643116559 0.5611045694691971 0.48435643609663515 0.33535763012315495 0.25152223695475756 
