20
0.0880411394875506 0.04102280693599241 0.14230320691372633 0.45765458339428233 0.5601702313573179 0.6365014079242368 0.5558717218269236 0.40862320504680233 0.5670823063730379 0.24138174247308353 0.179477840930723 0.16035347962848498 0.1476792487573288 0.7121124725145027 0.5962857954077165 0.6236314296183734 0.5232574108165329 0.3733035250201946 0.554460692518239 0.290176977229342 
0.21737630423981397 0.13971573978763685 0.29137599242796525 0.4358198574243386 0.5942837254832224 0.6380839076924738 0.5077745032516995 0.31842895005655947 0.4610588095756703 0.09971562871970824 0.13186990493105136 0.14145359879629316 0.007354886427144992 0.7115921873115354 0.5880483755961579 0.6245487206807919 0.4996339264963152 0.5133685126750421 0.5752328859914616 0.28052430274733364 
0.5414018703150567 0.4634792781354375 0.5873544295197847 0.39511007085954547 0.6229281738429171 0.5890713675443137 0.37914143736921435 0.18055127504964522 0.19272602538795625 0.2945318251381595 0.30912110680164046 0.3391194425197202 0.33334697790970563 0.6448139844437953 0.528516039485331 0.5768567546547642 0.4308070655112865 0.7682344756992278 0.5806082995981438 0.35385188560035497 
0.5952381006923364 0.5289204735020986 0.5825618749000678 0.16816059628305077 0.39173625183100547 0.3285754459780674 0.1115460076344221 0.12085823253965863 0.13893863773443585 0.4621905132017442 0.3297930597877547 0.3469450358200771 0.4409395100765151 0.3788629413755847 0.26837097957756534 0.3173765393563985 0.17723451461473239 0.6874429742682872 0.3423645135892547 0.24871508123987843 
0.09020847795231993 0.012331627300201792 0.17618528857766366 0.4803225578535361 0.5940629872886541 0.6651160527763379 0.573260134815124 0.4132984817159196 0.5679319514409384 0.21040129089810455 0.18790585478839833 0.17446036801029788 0.12356090229799048 0.7406195165355053 0.622792281566242 0.6520630576353679 0.546081688973662 0.41077406237791736 0.5861528763415307 0.3129536989346287 
0.7021140117299414 0.6500345040289309 0.6523633058338373 0.16162032952193886 0.25763835953873593 0.14023652922718563 0.09741709368201755 0.31461511904869893 0.326099342396349 0.6383950997464896 0.4625780528721734 0.4680480078540859 0.59460127731062 0.17337968690691408 0.09294953576231565 0.1335351647840412 0.09704639596066562 0.6854257646920934 0.20561528554091313 0.3287801958420673 
0.7538551580144996 0.708857054402471 0.6897257073055161 0.22505179107842058 0.21842270496346408 0.07386700315009709 0.1946581996834564 0.40702876540897814 0.424158355277979 0.7194257899473282 0.5316042163071956 0.5326983139402692 0.6674946416630085 0.07569134108585614 0.07981243024215279 0.07737172134576659 0.1621779477006213 0.6891910484194671 0.17544693640005551 0.38848318043239594 
0.5193650669918215 0.4563515351664415 0.500343004895561 0.11601178953407527 0.345922707740957 0.313975850065825 0.13509209289094593 0.10057909976259505 0.20560994156881546 0.41638730999991347 0.25846180679243674 0.27199686813403434 0.3805766747409996 0.3762886471577906 0.2542699698622237 0.3011605941365601 0.15509914210616624 0.6041981214873636 0.3016195779703471 0.16470083329312374 
0.6658663461949562 0.5985844607618769 0.6541206684013389 0.21880045037771467 0.42647830979393053 0.34058624823909556 0.12178125006279546 0.18080199883414352 0.12157593031189382 0.5199682920461104 0.399612415454629 0.41766573631537574 0.5060622109042543 0.378597196154155 0.28359187216067744 0.3312789779220031 0.20780856554402072 0.7544320733892157 0.37463694872409253 0.3193105859105595 
0.06871972183482818 0.03439824895957112 0.13625033492510927 0.47640433401245247 0.5753646207437768 0.6538342655334428 0.5751654230267533 0.4276500309905091 0.5857212801837365 0.24906065128304955 0.19864134274111528 0.17978787640068555 0.15856677948460882 0.7294514029938716 0.6142160976320443 0.641025241793454 0.5419556652219145 0.3710606396210444 0.5707196426939002 0.30902580293372334 
0.6156814725240737 0.5552933742649807 0.5865912333183615 0.11726436548830595 0.3230991036373495 0.25057831726856405 0.035897794908098406 0.18349717697958878 0.21029669124880734 0.5162712197660915 0.35891146160849874 0.3704679200848084 0.48260711351680435 0.3007410985570914 0.1906578643641363 0.23962815210633473 0.10455213773517934 0.6643444240990299 0.27193459080805643 0.2480999442224314 
0.3274597949790437 0.24993549515928673 0.3756812331208558 0.35848306111402545 0.5492612740799611 0.5676058121551026 0.41006708149667365 0.20519913698555667 0.34112842117722786 0.141009548068672 0.11425209245237244 0.14312371197939824 0.1273161566584181 0.6376042278462097 0.512594325950279 0.5540598436816234 0.41751816959496213 0.572978292156167 0.5209497635786248 0.23121741401743875 
0.18349442019324555 0.1056219272190879 0.24928434747581107 0.42499528370236866 0.5699562938954102 0.6223197639954605 0.505660880520998 0.3290299057900571 0.4790945361556664 0.14153985436066008 0.11843094588713507 0.11889725811457952 0.04242903731032064 0.6967615729888486 0.5746739226244635 0.6088877653354486 0.4899811522613792 0.47050147131291503 0.5540751231847278 0.2633337693922878 
0.6893871399757167 0.621451830045481 0.6791175507812095 0.24250647600183053 0.4457972357736433 0.35416852663804665 0.1396466955807469 0.20083228894676988 0.11864608588787348 0.537288175135246 0.4227071833442035 0.44135323044450137 0.526604330019924 0.3880172689847043 0.29867284866762867 0.34549929561601256 0.22778940171752496 0.7799160610021866 0.3935571240710669 0.34475956670596114 
0.5338447565731615 0.4631817254315693 0.5371966353631422 0.2107097617819293 0.44093993537837034 0.4000961094598652 0.19464921870677876 0.03833900952412826 0.13088437723077764 0.3769656011256273 0.26667873490489086 0.2886750354204114 0.3638805093282008 0.45686979571203046 0.33955038987709923 0.38788144038912187 0.2419426697245051 0.6696434034354593 0.3959127125081863 0.22447666972575897 
0.2571233683719229 0.18641654507257685 0.28080392599348136 0.32556233419484343 0.4838004968953508 0.526006507837235 0.40547427223835164 0.2392444458785757 0.39711932465076943 0.19397960557822957 0.01956502288567715 0.04013129983635066 0.11839966509700085 0.5997706059642054 0.47666633168139655 0.5124884354616756 0.39018171766393894 0.4690933108278804 0.463337486320777 0.1682093397329376 
0.2549909228181028 0.21083302487713496 0.2207853108713014 0.28582137082253384 0.3936253371280062 0.4618312916842702 0.3918098247390409 0.28771648605621636 0.4504844520094195 0.30595474926420785 0.10583136783198364 0.0789504503697928 0.21558881271095046 0.5374121377224773 0.4213323059426129 0.4488810315009325 0.3508490732907793 0.3652917924123814 0.38293411419633044 0.1211881020908024 
0.22011394089562844 0.20752818151934418 0.1417900217005533 0.35246529011944355 0.40594067689419117 0.5003037982082363 0.46801534254696575 0.3854167301604859 0.5475450725053457 0.36621662328262666 0.19448416042796096 0.16438247856372384 0.26800841061829483 0.5751170076105887 0.469197463361954 0.4883757897833706 0.4139013492575206 0.2685267817734788 0.4081438292983009 0.2036002848429047 
0.15101221817911278 0.07733440896009171 0.24356735896205237 0.4816744855204051 0.6192155828053768 0.6769336844163342 0.5634679186725493 0.38450762304128094 0.5312754632844764 0.14280042802444384 0.1757746721121983 0.17343953527854972 0.06575581601702016 0.7517062786237639 0.6303416516364194 0.6635674480409697 0.5468691625014446 0.4762114673307686 0.6057699166747973 0.3183651336080067 
0.6646629944160656 0.6022979795305433 0.6391691068541859 0.16923305507418732 0.36004215141370427 0.2689345185533624 0.05401041398807265 0.2092800206844115 0.19177380575444605 0.5495303384958875 0.40429233469075804 0.417831622370508 0.5230743075434288 0.30767281442725075 0.2124467571523167 0.259791039347533 0.14352675428172998 0.7181566059058003 0.30756627438661716 0.30045540276777455 
