20
0.2658188355637558 0.38819440662121335 0.03567492283625469 0.23183393615451126 0.21084393269744514 0.2133403445151517 0.2297016805828161 0.27531494916029403 0.16729939421639353 0.11846643133686256 0.43921760556930545 0.1838061955805684 0.5229729440050129 0.47494539499279426 0.3234352987933154 0.39784316435008277 0.1498441547142032 0.18931472069865452 0.38940899003085855 0.46316379724556744 
0.1450998315045529 0.5635511302234933 0.30417456778518953 0.4690944031199523 0.20367042847916653 0.24269876128154694 0.18480230669317702 0.44641670076603474 0.2064599097123593 0.3749648957512983 0.15348333402198758 0.17838554869936626 0.3983951225571778 0.5689589568640571 0.025709533673083988 0.45139960220383935 0.19499316506721673 0.4104908436698524 0.5797154383344965 0.5235121070997732 
0.4054512592378791 0.34069591106900154 0.38132631258417315 0.597055045240675 0.17120190339423225 0.15689197030042887 0.16457012584786435 0.26226281573544524 0.39219662235514713 0.3185477982292025 0.4466914472940113 0.37563300075179124 0.15361007715230976 0.2908888212584567 0.2770127091247075 0.1727715257605281 0.3600236229933897 0.2948389666476886 0.3654026816822079 0.2356686750352241 
0.42194661816200274 0.3558062484526108 0.18713030966418154 0.24488180362770415 0.341020311258079 0.3282807468746424 0.3637832708944228 0.2796910182433842 0.3203036157932029 0.15216543162930807 0.5991310644117892 0.3405146288925043 0.6216735755077389 0.4797426131188029 0.4809547168960914 0.43951792140436785 0.3080295854963582 0.19582375417920017 0.34537591396855094 0.48877733783868355 
0.48745040013018964 0.1345435924498748 0.35046485884110057 0.5460444062862827 0.23708156829040827 0.197570174980131 0.25306563874608123 0.07313538874628575 0.42941924626071476 0.21634599946279479 0.5908042484697156 0.4260408997693732 0.32231938602620736 0.15460075470719586 0.41837006612786615 0.09273088508662404 0.3966811094689168 0.1537337192800156 0.15751172740288424 0.1434792753318178 
0.6573050629658854 0.4418248740486527 0.6368344495012035 0.8519915178593479 0.43187755305814446 0.4134835897975852 0.4252987071998265 0.43280845347375735 0.6525975960362451 0.5478320335647154 0.659942573472717 0.6350116275821036 0.13897605967335194 0.31167621807235574 0.5093658746071165 0.2686232998090635 0.6207226543833264 0.5021173722057731 0.4695870752317363 0.25787978397149014 
0.1621752935546686 0.697318587170514 0.38918361362958453 0.50580102646605 0.3374139555542228 0.3769199850300768 0.32015313662185596 0.5783190081527408 0.26226461478376745 0.49015300745752477 0.023379091325097388 0.2378894815126606 0.5147755899596361 0.7058941718547914 0.15917630493482557 0.5881596052249085 0.2683299158784232 0.5344345557064095 0.7123198696619577 0.6599841020620985 
0.297849652639353 0.33987000670326056 0.2559327248174377 0.4712480271317353 0.04498407469053965 0.0379536553814793 0.047169037312343565 0.22894997997041638 0.26944370430303277 0.21908442235455428 0.38079421228013677 0.255668503539995 0.27729725750625733 0.3442812343299047 0.20785099867368434 0.23001128545136465 0.23644144940425252 0.2203429039240112 0.3582950089520703 0.30378086072174215 
0.21605592777462848 0.4402926443257835 0.020970169764235658 0.2122392565014857 0.2177029584950279 0.23004916788764748 0.2321420707981521 0.3243653698026127 0.1147589261578205 0.1721560502608533 0.39502076940620867 0.13477974682778118 0.536593401841584 0.5195879300738179 0.29557941616226596 0.4349865189938416 0.10344386681576603 0.24156676992698545 0.44284931813492684 0.503212220061098 
0.09730996039160364 0.6214480591871645 0.31084910695250395 0.4434241331945562 0.2632495336650591 0.302831285786227 0.2481414663878798 0.501306511580778 0.1889849291532599 0.4093013953870273 0.10339795414578401 0.1627497299425422 0.4765931596346966 0.6379114047492155 0.1041888402399843 0.5220781190438414 0.19076683399793962 0.4545420205634013 0.635488122804446 0.5950880939766882 
0.35371420710676216 0.3269101094269279 0.3170815434429331 0.5328016428700729 0.10849557850294464 0.09277775813911655 0.10532394871942512 0.23064545346858317 0.33208362473790926 0.26120442424998275 0.41632305908691636 0.3171476805166397 0.2169867394739639 0.305773159801086 0.24250541945208098 0.18688956067158996 0.29935040012171854 0.2463365374653287 0.3488529284276078 0.258349130467913 
0.471299545526776 0.1365779642864281 0.28544824914661526 0.45534325243440005 0.2572790202054098 0.22172322340727793 0.27970779559466097 0.04666916368048826 0.39325955561349657 0.13330002940143204 0.60625495621584 0.39776672145730085 0.43264722771624087 0.24336614864744696 0.4440872508390192 0.21234409346941027 0.364123754626201 0.06261418265880275 0.13917842729124846 0.25325824970427313 
0.5633821066965107 0.12744646152688513 0.3553221884819907 0.48789384049428264 0.3640197772355126 0.329364541439026 0.38688466675659794 0.1397656451258287 0.4772663993162154 0.2076582821744797 0.7081264988646261 0.48587532822755164 0.5240307342957317 0.2711111917865507 0.5495608667649834 0.28513599056861233 0.45114312011190494 0.15274671921185837 0.1080233666230745 0.3030547196276388 
0.4332834525638188 0.20834595189215419 0.22471522774441707 0.3790319817759978 0.2565504405069517 0.22852349085412002 0.2806733750916853 0.12076776278454335 0.3455888687462577 0.07615157660274348 0.5846821038761714 0.354808132871829 0.4848855599344364 0.3220657283221914 0.43389848758474886 0.2830186102464439 0.3199427784723775 0.046796562387826174 0.20462345239939164 0.32986232843755964 
0.7375469465047103 0.17039991341312413 0.5348426432459095 0.6583314680003206 0.5188205677915888 0.4807491493648399 0.5395278833889438 0.2760420777854868 0.6548461573786016 0.38566997276355863 0.8722890172900183 0.6619627949507392 0.5992583917122731 0.2734086514729915 0.7065331105228223 0.3527858543227555 0.6275896067789687 0.32442730100036743 0.14721293223188894 0.33032681917890194 
0.3870010998625058 0.24293616419993214 0.29034404251952806 0.5020154554426485 0.1303931303528529 0.0924333323367528 0.14364209787299742 0.14131438073843233 0.34162829415969237 0.19617116514601482 0.48028707605603005 0.3335317737560914 0.27504466882197404 0.248549108678949 0.30733576763809356 0.14130471566272804 0.308025579626599 0.16540984404898237 0.2631234829024054 0.21455271368331819 
0.3419852134889808 0.39678170399651225 0.35435155773061916 0.5671357711477434 0.13894939955095484 0.14294591331769937 0.12300391706979871 0.30318144922640017 0.3419253572808063 0.32275759474554977 0.3723078099807175 0.32214414789911894 0.18863205829109791 0.3618430388135089 0.2041511321531646 0.24244240109310813 0.31173118863876825 0.31544926361253833 0.4195373392246426 0.3086135502098259 
0.04213847861535831 0.6386340111123693 0.2728463855764222 0.3656315738632148 0.2971525191556468 0.33456612813102066 0.288826013848836 0.5163432802420869 0.13830928394539263 0.398875423986508 0.1625237735610751 0.1215001746895633 0.5536071727382599 0.6753930492682364 0.18539491675035352 0.5651011208001762 0.15644455887719946 0.45521212388862564 0.6489473687122378 0.6390469880034412 
0.4189160035837693 0.19578177377266298 0.22637288351479054 0.39941098318325546 0.22375276718385098 0.1930212933560837 0.24753835083741696 0.09048192060701393 0.33716408602628656 0.07410388169338158 0.561971077160554 0.343254474407217 0.4437740349901805 0.2953365680251768 0.4057800402763537 0.2463559569422846 0.3090560023748993 0.006937224676382062 0.19760223915950312 0.2974635534366406 
0.7060182902903387 0.10943357342979042 0.5260468713440257 0.6787719873908394 0.46804991557632947 0.42858697661301026 0.486125210258661 0.23169227985158475 0.633256712747112 0.37327214840216627 0.8238772401013911 0.6359733134778834 0.5045663044104183 0.1710133273135312 0.652866930687802 0.26375009178375847 0.6031515135530043 0.30385181571385916 0.1022989299281595 0.23051819768358447 
