20
0.27572626956123214 0.1438574579575146 0.2085069582065063 0.5187784876969636 0.13573533282313527 0.14824869278539185 0.20263119250268088 0.23416863255377793 0.23024955929054197 0.42895903309598277 0.07876139524181629 0.3737216985675912 0.25439531507833585 0.31450446433585494 0.36649014375727645 0.1034061805998694 0.20373520558045913 0.444587894279088 0.34458959487216334 0.42874619703217093 
0.4054081327016148 0.06826156881826313 0.12236103390410082 0.5119647285345121 0.25989298731286553 0.09630501159934368 0.20589017181857708 0.32506615950497997 0.3770846618137908 0.4050192220158985 0.07033675394311903 0.2265185535555737 0.10627303700125687 0.333439749354158 0.39098701812772585 0.24131806015913165 0.05574324895915251 0.316804471567362 0.2065946439450954 0.28144673607401427 
0.2403558167171779 0.1249601744660054 0.2663311750565893 0.43059116002838355 0.09767553455157942 0.11148677830130159 0.2864519111597343 0.16115019513901066 0.23700110189187054 0.3440687213913158 0.10900539955311954 0.38691270468715744 0.26178352154376494 0.22555303897493123 0.27748071317994527 0.17243610198183573 0.21991419775530793 0.4092515139235003 0.32522092495893146 0.4405866746910829 
0.5031525052701796 0.20977687648269372 0.3503578859700694 0.3458942772171767 0.3852053780281007 0.20120164354074907 0.4537110239731087 0.37398198900440877 0.5320322598943202 0.2344695853989792 0.28567096559236504 0.2659907356762481 0.20722932768380917 0.26340027068640554 0.3060576131564382 0.45265001538564387 0.23179624366002444 0.12780158857753485 0.12821221632911503 0.29435963802507736 
0.441806460273209 0.3943281928840313 0.583040615042763 0.05096152822457689 0.40777491070235655 0.36795180303197805 0.649888130344738 0.31690409740421166 0.5320649579984887 0.06624201445837655 0.4515978530995419 0.5623017416099607 0.4760863176745044 0.16189867704703345 0.12989262816388403 0.5494279609616126 0.47610620592632186 0.4027428419214235 0.42742618921276865 0.594579999782961 
0.31483995928325426 0.1775257433442546 0.36776771612383374 0.2733014184636279 0.22063252734427108 0.14971591561299855 0.4270960657746194 0.1807608883912857 0.36536080605719334 0.17854590740126206 0.22884179075884203 0.3973785093394661 0.2867929278673742 0.09065089798592571 0.1475356142453834 0.33847824943797755 0.2719384850076135 0.32375903785526355 0.2851632381966674 0.442021116238331 
0.6452691176329239 0.2858241861074005 0.20978441463343897 0.6496739708669484 0.4999516852712759 0.30893299262858104 0.3260457920918964 0.5551969017262623 0.6138418761497396 0.5365641662874608 0.30937795734839935 0.04306425818428684 0.14829950621326232 0.5197489813349713 0.5742778838325242 0.462312350491037 0.1862052768097429 0.2685077999208522 0.18059983246927175 0.06382052543600872 
0.741948006673456 0.377193179574749 0.335924488052215 0.6680938701311879 0.599059330872316 0.39514423088703415 0.453526364812575 0.6383513237959184 0.7234326827970193 0.5586750248191156 0.4167196117037837 0.12153160078251672 0.2419219646541363 0.5735716970457015 0.6232168630082652 0.5803447008042686 0.290701792389899 0.23657405768589335 0.20588319231369986 0.06745353906045094 
0.5927677688572777 0.23291752948940078 0.17291184637530427 0.6076525916990165 0.44757719522377737 0.25620108010540865 0.2939461239779119 0.5023473955648398 0.5636013391684241 0.49439718745357597 0.25799080243309674 0.04629253662238156 0.09588374291798933 0.47037742970562413 0.5255698755321857 0.41544795670401946 0.1337109903602487 0.252565742979458 0.1494974017362508 0.0984785858940454 
0.34137010224392506 0.3068638151952259 0.4971356288328723 0.15397925209436733 0.2989046589736477 0.27908723625404364 0.553052928037632 0.21122005101963712 0.42543086361682697 0.09907893457170967 0.35564724007171583 0.510276441221717 0.4086765528546863 0.05326668357232681 0.04056865302804524 0.4417802131711291 0.39899167237985 0.39070259077173103 0.38481897977965607 0.5498761710690107 
0.6248420721175942 0.2634119569999098 0.27916684677176157 0.5449188511743289 0.4852819100523696 0.27724248632849596 0.4015730592374669 0.5148711292069303 0.6178525662747034 0.4337893032296444 0.31569089813341794 0.08726028211541846 0.14346034496303772 0.4442885560148673 0.4939643273640703 0.48931290114192205 0.19598445001243353 0.13956947330926567 0.07656526374944418 0.09682426633867132 
0.15275594780361879 0.47795611679934447 0.6218329209473769 0.4395549184820646 0.28013973094315836 0.4558164819190274 0.6067320528510334 0.20977856850785506 0.2659228289234623 0.4425694797838795 0.46862803631184763 0.7403073587801805 0.6163021789425611 0.3214079494599354 0.3072730289528326 0.4100222582596896 0.5794557298380788 0.6993266796551739 0.6512637880143965 0.7916640042690122 
0.4336800718599271 0.07175158329151485 0.14773188937379633 0.49165620537835497 0.28955636913232224 0.09649018415467646 0.24696680126121096 0.34134088095247594 0.4152768238138417 0.38162498764260183 0.11159015528565483 0.19355966888599951 0.06849391487606592 0.3261078025522027 0.3833139129543848 0.2869934070688168 0.036141877779468 0.2689427124799346 0.15887344406232767 0.24742597590299956 
0.5593014538479059 0.25626994546316806 0.07559875661807301 0.693125789537995 0.41786438121348557 0.2844333484258476 0.15715531829302154 0.502353993415381 0.4997939148932228 0.5828355147889331 0.23227883295580803 0.20041162072837548 0.1814297366234902 0.5215476190483278 0.5791082915455079 0.3322773416407092 0.16666895836913945 0.40198612341268075 0.2886035939604723 0.2406444108324061 
0.5231502423358289 0.16746344072034064 0.1217683303246925 0.5710603705408722 0.3777448734611601 0.19270940294565306 0.24372774561182112 0.43668205936303256 0.4929559236484274 0.4586198426399838 0.18733728131161348 0.11213558378960434 0.04584248484664647 0.4180247756840293 0.47460067689770347 0.34670728112813193 0.06458574592750428 0.26827848519532593 0.15251453340581114 0.16690842991845012 
0.3958908201796306 0.04584441650937141 0.21169300332538146 0.4237069883971787 0.2576080243361061 0.04897410486444393 0.2975771019188382 0.2900106175089091 0.3957505792119424 0.3146375620011322 0.12097400039406779 0.2416809984526569 0.12181046745428024 0.2584696822858217 0.31539704616393116 0.29257183442760537 0.10483773033449788 0.2558432770094372 0.16478117963425562 0.29199421520132235 
0.03294070877131533 0.33355538178997757 0.45874787698076186 0.4512532099102681 0.11726579680712303 0.31599544418538333 0.4386067198878834 0.10625330544545614 0.12684103306982067 0.41127622152334387 0.3105212924488896 0.5965459639639079 0.4713874701502753 0.2693432538448884 0.2871469674835593 0.2433932368437602 0.4291916260985478 0.59365013072722 0.5255431073282304 0.6500153240304665 
0.3848798021916514 0.1684238270001561 0.3522981143395824 0.2836427890997687 0.27899865548716035 0.1454696208322908 0.4303466603508423 0.2526168627391538 0.426259833476025 0.17388111900994108 0.23640697964763085 0.3439154502040812 0.24531536817192237 0.14646568704044396 0.19653377538040445 0.3759846538495864 0.2431189695918633 0.25113981517021206 0.22147400192680589 0.38435636396765105 
0.11884212639362067 0.39795781144233144 0.5496675750053739 0.38264071864929533 0.21301154170263298 0.3749419513162389 0.5449368692834979 0.1284425697809453 0.23873663565256423 0.37107584016460426 0.3939842795963781 0.659103647995685 0.5357085754722164 0.2426832905965609 0.23589908994780165 0.3572763996259306 0.5005362208422314 0.6162956297184967 0.5680374815523442 0.709952717893478 
0.16214952046387748 0.2874247551656211 0.4546451884435762 0.31812773210069717 0.15231348323838906 0.26235542320759364 0.47067343629424435 0.040254265707460345 0.2520023850421816 0.27696220978517666 0.2969481206943048 0.5440200968018737 0.42248254287427245 0.1365628989657965 0.1523578829674516 0.3097253184949421 0.39145634965865767 0.4960590573971969 0.4482423116858064 0.5936416103152444 
