20
0.689953426315513 0.4166019371967405 0.40420020372692245 0.607414148982482 0.5963920328859456 0.02943646707158865 0.34049238182568053 0.3512275180409618 0.6139396119893336 0.1888381902161664 0.253489271021741 0.49487850911159653 0.24951556757581786 0.45510601768658493 0.6446102231195249 0.28504415659046456 0.41127730352732544 0.49875543094204655 0.29022996232104725 0.09382340347755495 
0.28085354514493244 0.1885333589793013 0.06523719426141035 0.26224128824730913 0.18914873585759648 0.4540873188040162 0.241544246790178 0.21956925845451972 0.240148095794144 0.485549808485709 0.22644884130817794 0.46978289190702677 0.2429325161922076 0.09877525785800453 0.351959444961728 0.2731660270063226 0.056568240732991174 0.3771957863228425 0.176368445455469 0.48974407978335943 
0.24271964479052066 0.3637205004160986 0.214290037628431 0.46123524658116033 0.16452873954213884 0.4604812817167405 0.12422390163535744 0.1090689796345677 0.16011612410330583 0.3988360560077223 0.2173783567010849 0.6352401602192193 0.32775153670948143 0.10090913653947196 0.551510282617494 0.18120274765719563 0.17891734728499792 0.5559652094057553 0.21947526700808567 0.5181511328925885 
0.5844661378638063 0.14592516803166486 0.24571016181548425 0.31890899574372106 0.4905297738618921 0.2872855534179694 0.3776589089635784 0.368842179914512 0.5353413196692175 0.44921103598706785 0.2610860488137415 0.21971935431509268 0.12288378352392708 0.36323217439833777 0.33707567067390043 0.35683123759773644 0.27725610680002716 0.18899487809532367 0.22319435030783388 0.2774004886814883 
0.5823515936062156 0.1524197955439983 0.24281676092096502 0.3298175465279215 0.48777058727631456 0.2723711529518195 0.3665834101561485 0.35840703738902013 0.5313673564339516 0.43369391054610573 0.24882782777555407 0.23331424612624568 0.11031657109006593 0.3581862395134253 0.3506765339854556 0.3442658509008393 0.2733119332211845 0.2045994987119653 0.2132005506685377 0.26415267320027835 
0.18760140727880512 0.3026337365418343 0.2175454174536111 0.27422408573123797 0.13898785859867135 0.6068315784597179 0.3558417711985182 0.33358126845133806 0.19735942494578593 0.6223063321741572 0.3724605409272227 0.5694198420221804 0.3941091508080147 0.18855984672183423 0.3701935050045949 0.4002360411459421 0.20640384694633848 0.4651853419306314 0.3275210463627435 0.6426407085409644 
0.12549920076490367 0.38884617800293114 0.24676092347088624 0.4357207788637785 0.05466095894680613 0.5649909574731071 0.24066254757150773 0.22320682896253288 0.04787341997592376 0.5166783761221289 0.31617275138643697 0.6699574225243903 0.40160438441823015 0.12877287175905147 0.5315313997634207 0.2967544674637595 0.2135106427517241 0.5780898784191439 0.30050499812007947 0.6176872620551482 
0.869793427910173 0.4330585128629281 0.5303146966302186 0.5769965262833611 0.7740569881343837 0.32306728808086843 0.6035531009112759 0.6030013666046483 0.8138258942853877 0.5376720675413631 0.4825294290015429 0.281160111745708 0.3663438507795026 0.6384365403539136 0.5587215730660364 0.5626054933793527 0.5582597202455077 0.3599817441427215 0.47274351792006836 0.25625466742861663 
0.5822109685271774 0.28963924190575796 0.39743119119362935 0.13099298653427063 0.5274841327527112 0.669799577588088 0.6172227435285992 0.5976102692184618 0.5875880135190631 0.7984120624840907 0.5487418686196391 0.32973177169847345 0.45609712045678125 0.4910410020825736 0.05010975720109803 0.6307052994657815 0.4258821081667099 0.23844396188937966 0.48788199148447076 0.6630383349878894 
0.7181126086963994 0.2540300811884019 0.38915201785449854 0.3588117446706494 0.6284044289019812 0.3907134612099096 0.537305653809003 0.5283477454999702 0.6780832095101429 0.5830500304506273 0.41998052616763626 0.07513113378064615 0.2814571997107739 0.51175996659925 0.3314616658057407 0.5152357696490991 0.42350740366919304 0.1321684790366254 0.38256886395466616 0.35348925420755617 
0.5178897353985843 0.11987613223792204 0.17818719294250668 0.31008658128527733 0.4226505958666016 0.27557302011004364 0.3057552629883433 0.29594583189599205 0.46511543477537703 0.40645736018641104 0.19283068505523132 0.2880750853887461 0.061500709606390445 0.2914198556961814 0.349090157113789 0.2888963976583504 0.2073723929158967 0.23842388709490384 0.15010656593468616 0.28452926085963415 
0.6046776279026604 0.14106577046789834 0.28607226899412985 0.2477348734037443 0.5175008905555594 0.3992924948469566 0.46212356749720357 0.4495370621116316 0.5696379799756509 0.5619388589418508 0.355174032192869 0.1408133052014903 0.224085494436737 0.41000847328046636 0.24008249714812752 0.450792784368382 0.3216589236152496 0.0758130085985831 0.3063853534304277 0.38238760326611654 
0.33931197868765284 0.26306107471346646 0.2646228612793206 0.14098543422193907 0.2961918235421971 0.6389633627800329 0.4629283847820709 0.44067272383757145 0.3551775296353445 0.7028607140783645 0.4400414369822426 0.47836273964874937 0.40944585505810366 0.3044968447654686 0.22839390416474184 0.4953226836371439 0.2754669223378326 0.3694713546916659 0.38268371155547704 0.6586578638148531 
0.2679465984528846 0.19654150493086267 0.09635894464649303 0.2411915000230061 0.1820903658604162 0.4875364666011941 0.2743829482181633 0.252153519919525 0.2377267671297219 0.5214685724578582 0.2623511051413223 0.47552586643567557 0.27207222636198536 0.12143617474684025 0.3341207833222972 0.3080415824496256 0.0925004407991154 0.37841424661397144 0.21141372926467883 0.5212227084741947 
0.1898346213696383 0.34470948370279253 0.2719087026687147 0.2861918435055507 0.16974710053575162 0.6623036051147626 0.40978199727045483 0.38768790751817217 0.2220410967460917 0.6780927193157097 0.4288841757953812 0.6015855827144787 0.4471298136111675 0.2430419625901831 0.37886094432574347 0.4554181016632735 0.26237726617436363 0.49495651288133063 0.38352081663704574 0.6968745925793686 
0.5103162160458089 0.07316550158868239 0.21771476618919633 0.15194206155608914 0.4279774837036013 0.44456609690028076 0.42295194548761167 0.4065104375195749 0.4833143121324099 0.5745859732939448 0.335028795269671 0.2337852776887557 0.22999925404039584 0.3371943487678721 0.17677893448014395 0.42471779441190816 0.2528937039912404 0.13252905731677578 0.2768918326211515 0.4432786681984818 
0.14136082492533147 0.3827733791736672 0.23863012698080727 0.43670840464883126 0.06759129145074316 0.550255618327111 0.22475336662619588 0.20740573339939497 0.06210221506846013 0.5007249407363193 0.30169543019028294 0.6634987836609715 0.3898621224643035 0.11814709455889351 0.5320568003839338 0.28091114234566217 0.20464085819358557 0.5730629626059482 0.2876264978414449 0.6035029252884498 
0.06883901057428417 0.4607590206495131 0.3235439989762837 0.4857931466628104 0.08699477423064586 0.6436234019011333 0.3118812466628699 0.29652315181684225 0.033592681047066836 0.5834571861240408 0.39553186152932474 0.7418526831079535 0.48221245657672657 0.20906042135774214 0.582400576333298 0.36894384281834663 0.291588400888631 0.6465880869736603 0.38136436196492407 0.697524180072819 
0.5157707936730228 0.20368290339184494 0.3084416606283408 0.054141197664100055 0.4529242495557808 0.5917270124251138 0.5280852576719324 0.5086086912466041 0.5127850968790322 0.7119153979102797 0.4600836143492343 0.30566431935817456 0.3723245208377665 0.40540659199957274 0.0453947275949504 0.5414087613978709 0.33750600268792785 0.20034888320540561 0.3990739913964825 0.5903942619572705 
0.3427812940148552 0.22497826238466406 0.23019386677772402 0.121723383004423 0.2894289584336829 0.600902132264181 0.4342916166999892 0.41227241932421793 0.34936556626559057 0.6685575847039239 0.40546340881894033 0.44851273401930997 0.37119836992966015 0.28052030678819306 0.2156970533967047 0.46417202925975076 0.24364792681751968 0.33995009426702594 0.34726352428997426 0.6201601507018385 
