20
0.5537243435113255 0.5437512788129729 0.5794420472919585 0.6147930043899734 0.4422627810270024 0.21987348121096975 0.3454070175602911 0.5752918386353809 0.454177504962118 0.40047065962142564 0.4427791939780173 0.41557909492625716 0.3460592189577338 0.47532246469689776 0.7351878032536494 0.31207483199304903 0.6966418601725933 0.09702042396502615 0.5995943598109507 0.3862850269478363 
0.055357128831427745 0.3747173900570814 0.2078768744120762 0.39512616459929906 0.5825436729262894 0.4092466385016188 0.4379200865410217 0.31156264009450946 0.5884586737129894 0.535782142430231 0.38246656433196363 0.14547989511045883 0.20310220625110342 0.05765883790617599 0.20366946201710523 0.48416981910519546 0.1682613710915604 0.4363105725792466 0.06746556415608009 0.31714577654827214 
0.48211529343209564 0.5222044233579102 0.5273980306684816 0.5903455485612158 0.47309202201826084 0.21762376869084815 0.26307093005016635 0.5401392823422289 0.4847967881512354 0.42573378472043066 0.42994980152164997 0.35144821869061416 0.26091144738464805 0.3980910182038654 0.6553490421490423 0.33309163795592783 0.6155989354420016 0.04263893016695476 0.5211994405518994 0.293756999311317 
0.242418756161237 0.19182285892129688 0.09822850426767535 0.15488561402534365 0.47981333321314595 0.4586237781416487 0.696333316256222 0.10847438918779119 0.47968636449599367 0.4528462712598314 0.2807713001746604 0.2834507727023105 0.435904255339875 0.3174944246056332 0.3482678902133066 0.4553268441775438 0.35020535992426705 0.5799459608361096 0.3013967127557758 0.5898872945363434 
0.3269936427654378 0.12924180559408044 0.23923724092783122 0.2008761056240043 0.23279475383624776 0.1958498895086797 0.5681294148588015 0.17805902875434038 0.23757610950424873 0.19076264925392872 0.039001663836801134 0.22106017410184314 0.3393708247766467 0.32286307735635916 0.5198061387957726 0.17335768613556446 0.4987482227633294 0.3550679454843321 0.4050822725424472 0.5017918826254036 
0.4965316360461134 0.392128138659384 0.47464311978388674 0.4642672061425913 0.26344787175401163 0.08714933716195923 0.4678163405374338 0.4411114317743388 0.2753441189146374 0.2205542341837165 0.2855012118786239 0.35245046959773285 0.3565897247642301 0.4414562571161102 0.6941884296429821 0.1331604837298437 0.6615667270540232 0.17772715873349001 0.560097146755335 0.4636278112971659 
0.36224385004258125 0.40904221271405006 0.4013841880473186 0.47428868058727985 0.41627754059759864 0.15057965718707816 0.2931290959086044 0.4187134448244416 0.4270645341353733 0.3646408015579865 0.3262840623986362 0.22681455122844357 0.166191755432817 0.28421653927470003 0.5445326794534113 0.27495041207773896 0.5067240814924182 0.09674844886647982 0.40858301619272686 0.2668102547136383 
0.06836876057664673 0.26590695733812425 0.10323545767869967 0.28484746541304024 0.4935188793380527 0.3610132254313163 0.501669984020058 0.20127625317461378 0.49815794250192125 0.4502869337132339 0.285624202707754 0.10887613767908083 0.24386156950728147 0.11833931878710607 0.26036339490846694 0.4120084278742551 0.23802682583383583 0.4320775685090597 0.14729877421075446 0.3913664481742075 
0.3633201039990394 0.07992366013248199 0.2478408034232568 0.1494528639352805 0.2166936906226157 0.25806076224392954 0.6397893146548491 0.1567012414276634 0.21791815716154642 0.1878908062875648 0.035754625632385933 0.27747186345859576 0.4068009861796681 0.3746366973888989 0.5459815365201566 0.2050855797723168 0.5297988879909872 0.4237097018920208 0.4422971464438098 0.5707894627158757 
0.28408319157298323 0.08591499079709622 0.17792241005921752 0.1505027326545213 0.2853710688772779 0.252555903564108 0.5869053720903088 0.11357668217927899 0.28839281983718684 0.24850989186568165 0.07347384572633217 0.20318392541931768 0.34239885469846737 0.29708250919229134 0.46929168290136863 0.23899583927638124 0.45171385796533453 0.3998524268217904 0.3630652166503546 0.5082268668982568 
0.2582526488795078 0.42954093329155985 0.3502996382727601 0.48100514778344805 0.5229284583813261 0.2770420978046196 0.24988916044353007 0.4078244004006977 0.5323094228941301 0.47057582761519867 0.3782167838274218 0.1657493129246933 0.018948101246787842 0.1658447452986111 0.4152524488542327 0.3907383906186323 0.37468138823850566 0.23148089400479657 0.2836691866893525 0.16286348871567088 
0.17844475753418287 0.16234078618965686 0.03502654644764189 0.16873762511791174 0.4272813719526112 0.36323224151710587 0.5971976721498731 0.08572606003547724 0.4295379369666118 0.3918636854603484 0.21624152021099058 0.18194019928783198 0.3367391187035521 0.23270510990536258 0.33781316546538226 0.37713639993870174 0.3268460117901485 0.4764287957908673 0.25239117677840295 0.4954819066969423 
0.2924094282452953 0.06832113766494322 0.14233649794480474 0.0557169314249693 0.356836376047985 0.3691599112728805 0.6780331475368624 0.028414778701314272 0.3563962340156191 0.33210657468452504 0.16592000923467273 0.26844602758650304 0.4221995154099705 0.3390487772699043 0.4442939319177547 0.3441838326997709 0.4371824968194806 0.5133031016794546 0.3663918841288044 0.5866805211888683 
0.4368433000139996 0.14135809519126533 0.2825153013533217 0.091263920763001 0.3471661994956702 0.4558376224633585 0.8127632839960995 0.17450244703811738 0.3418994400492705 0.34393784284975054 0.232982783823464 0.4114826080125896 0.5621435817926541 0.48593960151493376 0.572307282793907 0.39179474038116174 0.5708596327752853 0.6189066933895794 0.5082681427365495 0.7278740911835324 
0.34757784782827605 0.5406525945858032 0.4570642391880733 0.5927589515810652 0.6123297214240163 0.3518309827927587 0.14133971058628203 0.5192894095836984 0.62250175770825 0.5599654736555475 0.4845553336660678 0.2758681708286537 0.12024009229939973 0.2534051774211149 0.4724782937417671 0.47391110133099856 0.42982610908529756 0.24796208504976855 0.35343401156367865 0.06332730080279253 
0.2541502590385451 0.17280378959096776 0.19904831338963916 0.23496248048900573 0.3086335871733206 0.19186416716158336 0.5005309550679409 0.18176711390397804 0.3147167954186248 0.2621484348481702 0.11992951616819067 0.13801691692011625 0.26073239534346626 0.2407308227224668 0.45185371399831364 0.2206729065143878 0.4272881680576773 0.32025505591112796 0.3302689387004263 0.42545337454096677 
0.33483028696740136 0.3163901900223906 0.3372503351960637 0.3839713189419353 0.33128265606433355 0.08455233474710576 0.3864498957923032 0.33543706026286707 0.3413645810481873 0.2788699089288311 0.22955964310080434 0.19028035427929432 0.2056004246254095 0.2765151243428189 0.5306040950043002 0.1951773648416031 0.49718032119355426 0.16684422533457666 0.3957886384875885 0.34326093894723697 
0.44469532628366726 0.43231578050983127 0.462488654561113 0.5023502965056192 0.3742122977520866 0.11769968384348647 0.34409008496516447 0.4593814462358928 0.3858136254241756 0.3260106563031206 0.335344722076181 0.3032368856598663 0.25936889334852536 0.372484637049984 0.6326961259114772 0.2332160362057015 0.5959531117309534 0.05858854474918538 0.49647305874974473 0.3445347607043913 
0.45859065744832783 0.565122493748902 0.5336624328377148 0.628382978092907 0.5591908868786257 0.294014643000588 0.15960435656316344 0.5675925518148357 0.5705715174691194 0.5094279175486013 0.4845236505132506 0.34774191902212453 0.21908981569755784 0.3668069600451921 0.6111394967175872 0.4169417513705469 0.5694097384066111 0.13327322952308082 0.48290978378676713 0.20030514917589262 
0.3605270807649588 0.06729599004063454 0.20941553097431861 0.017272716030618817 0.32994585221367023 0.3920467069125549 0.7325253110858992 0.0965096021197133 0.3273616259037071 0.31457960521810624 0.1719664840210972 0.32961754006832905 0.48061441367545654 0.40532232635106324 0.5084353521518619 0.3449519797329919 0.5031232063835753 0.5484219596768338 0.4342754985068554 0.6462209759671952 
