20
0.2128717892688336 0.3154968787956644 0.43251247639544144 0.31402888171830345 0.3810708388573721 0.6646335941644013 0.7520317747734258 0.516818273681347 0.22978854790748596 0.32166206457742613 0.773719193490883 0.08608778843243894 0.681185007572637 0.156372097196227 0.5329479869185015 0.46674797046125727 0.06687813376915124 0.440572894357204 0.7341422687951052 0.7163731993572997 
0.21402607991976424 0.1874680212672745 0.3126720093322759 0.24468894033031216 0.256418056920241 0.5482351947486602 0.631700869355835 0.454535308058905 0.12102635484347674 0.328039674396967 0.6560902905970654 0.2070879020754112 0.5677379292803315 0.060228647017801104 0.45087237321089063 0.3401774267103984 0.06815148743563501 0.3933293320793263 0.6088809708391152 0.6164760196947444 
0.5772272926539246 0.24602869505100294 0.2828454829743822 0.4764479314864612 0.2579214158271422 0.38047396829549596 0.39841917771035396 0.5904525208677253 0.38801419928007846 0.658389717003636 0.44175213966047927 0.636985120581144 0.41629140389557334 0.4017407910441719 0.5191580665266602 0.09297962882096568 0.4885722692140704 0.5964331779246517 0.3219433838625925 0.5363330753622351 
0.2034756168691313 0.1425699911147727 0.23818629304660546 0.18549442130754268 0.18572835946134894 0.4728447139486392 0.5577881111648255 0.3916267102862965 0.04764462050922357 0.3075826384841344 0.5811255171357951 0.2636951120375975 0.49177927361545337 0.11244708111106011 0.38012749504996174 0.295195652770604 0.14253142323932383 0.3391220843930051 0.5387107417822113 0.5407043029062473 
0.2840385708624198 0.16408602673003475 0.07268745001120959 0.1539037626400144 0.06920917912265506 0.29904644878123837 0.38747761293267585 0.28630759039328885 0.13585401257581442 0.34192129063982324 0.4080843125572042 0.4225354941606675 0.3169160122458649 0.27510426508854563 0.24118778238582136 0.24279557430952978 0.3172601453315488 0.27386327546800376 0.3795511740261142 0.37106868693185413 
0.3927132952897501 0.3670880616988107 0.1894318470231322 0.24061166346053173 0.2520794970055907 0.18719541459759564 0.2849001348593894 0.17002216247253651 0.32437621131783234 0.38879249409376865 0.2826643558103234 0.5806124998579631 0.1800348619484593 0.47856108051196156 0.08008086151114568 0.3941653115734469 0.5062220937223292 0.2281331668425342 0.3274118497867351 0.17400672861655994 
0.2241769074391397 0.31625694150113964 0.4375261594759856 0.3233813887645429 0.384953593529109 0.6704402736755863 0.7571616436527949 0.5269531899942596 0.23565338408881548 0.33312321230067615 0.779368935994715 0.09138025640045674 0.6874524997808371 0.15390338402238968 0.5420344968248938 0.46656177565648393 0.06575054141343097 0.4511986353410826 0.7380090641083589 0.7242335243379749 
0.22928355670323083 0.11175706465502577 0.20933712499268817 0.18857794290158134 0.15377337321861692 0.4452422642383048 0.5282561055851035 0.388046319862041 0.04791356642903163 0.3282734896437058 0.5528086336162102 0.29733056591497703 0.46550794038655513 0.12603452690667613 0.36878910266304515 0.26271827960534805 0.17139720360251623 0.3426061289487448 0.506818160217996 0.520163655542196 
0.16255676250729917 0.2638754770984254 0.3643700509749611 0.24425893943167265 0.3162657669248097 0.5946051413685902 0.6832489915930682 0.44991349282041665 0.16044821091654274 0.2772380707941707 0.703914071311003 0.13248582971650807 0.6104437606056182 0.13126249639428533 0.46240766224399027 0.41778375476577256 0.06161577316117941 0.37711064522843046 0.6685129831986553 0.6445839434242363 
0.24064093369268022 0.2976729318321579 0.18214932105024179 0.08934350803284102 0.21049844184021693 0.32017066946143935 0.419167673891053 0.14912499305157567 0.20177714135410893 0.2490311995664102 0.42508197691173616 0.43134524753984926 0.3224815697472505 0.36174172716109637 0.13383878139070335 0.3831299162961691 0.371870979132488 0.13424941938177667 0.4412692836184877 0.32340010737379654 
0.15747830067509364 0.36103775147749423 0.29183866760066673 0.08859720834225053 0.3029375236159413 0.4374432224649659 0.5367019480593695 0.1643442750494095 0.2251975610687207 0.13060105140517939 0.5396187736857966 0.3657350513403528 0.43656327183890975 0.36925563386993165 0.2100488250323756 0.47502603410338634 0.3497037906793321 0.08299026737356725 0.561633859157357 0.417372659420253 
0.2298228242328397 0.3636549626375537 0.25564470980674137 0.11094499788253531 0.2832446871160378 0.3689567377736204 0.46798384251142006 0.09970956971346011 0.24948522538384743 0.20424299688332406 0.46805290362322055 0.43502263362239374 0.36518050133784896 0.40576488909324543 0.1329940398201268 0.45639947742201703 0.4009593277098053 0.0604067231537149 0.49973179199061335 0.34043827542617183 
0.2456002465356578 0.1967315374937794 0.3386376353891331 0.2818328659214126 0.27900612530508456 0.5749338472566098 0.6558884935478668 0.4916009941018969 0.15503114803340226 0.3605509055961608 0.6818488232043485 0.20783763685174964 0.5957587221720646 0.035071713999444025 0.48658137456238876 0.3449625346381622 0.056533271436506966 0.4304943099630009 0.6289106286708878 0.6487381022787011 
0.45899992370799675 0.6288707322618372 0.4860001471443624 0.3815818496545507 0.5330178094631355 0.47542112287518906 0.5558200913010782 0.18279669166263177 0.5218063060753156 0.37246666402627565 0.5333542510226157 0.6651519820349585 0.45126995309661855 0.6766390472282814 0.24543507941316442 0.6976684845272876 0.6629515139738643 0.23127513467920321 0.6231455137933807 0.34793601230772514 
0.33854048418041366 0.4958777751046503 0.36345445364075774 0.2470959477058909 0.40467472979144087 0.40156322205373063 0.49366417028864307 0.055431771620853616 0.38677976494458344 0.27012555084454826 0.4810407539096047 0.5473483486331707 0.3854993789378878 0.5423357420951445 0.14162815035717435 0.5735304975223929 0.5323037601227203 0.10203259202823206 0.5466866058920032 0.3139196981438343 
0.3505554441410696 0.030439250533505977 0.21583388647679305 0.2945817878622844 0.14812163357236371 0.43868301974896245 0.505421450212415 0.4736463880872141 0.16579955580283326 0.449004908297143 0.5378322662676698 0.38789910047112514 0.4661493970606522 0.1568759703560952 0.4347057488322436 0.16033241106839421 0.24048660952463705 0.4437148469573137 0.4639958372606617 0.5473572848578097 
0.22876956545551813 0.4955319154458784 0.41993802583629514 0.2237483015872805 0.436965802243977 0.5299970058159085 0.6276664649372965 0.18865968447701637 0.35478296096759904 0.12575788834265017 0.6225255159361635 0.42436869034138575 0.5214821936502024 0.4862282277980559 0.2721545305773031 0.6097827121083716 0.450021597672317 0.11527161504893214 0.6660226922428238 0.4709165252098271 
0.31838640281433744 0.37746013074943274 0.22800561525509272 0.1782778163266536 0.2755898185699634 0.28473647092161675 0.38242062344841604 0.08279416686719986 0.29540074080440054 0.29790630975141125 0.37880493800518716 0.5182988153382946 0.2768276428782137 0.4553522901169752 0.041452410756675065 0.43950112452704015 0.46602885380368747 0.13069502108557293 0.4231062698539953 0.24655217461782647 
0.13863897941718709 0.291519990401576 0.37940512009107713 0.23994086446669924 0.33544086905714876 0.6056543256811006 0.6963669813081963 0.4403128363628084 0.17593517411895362 0.25116458209167997 0.7152230234137315 0.11349251214247215 0.619763697891539 0.16481606251318917 0.459325846891926 0.4456077534320473 0.09125969790808426 0.3635739066688843 0.6855910731725369 0.6473287484669165 
0.3039181743316276 0.5366319485835631 0.43432098536835123 0.26627739615429014 0.46294832738995806 0.50644060536994 0.6007293508938958 0.15265361117907103 0.4060192192941672 0.20705971028655984 0.5900316415797029 0.5043725086190307 0.4927172098577666 0.5484316908651161 0.24351195689229027 0.6362991163421561 0.5202842272601126 0.11997730793774689 0.6490600454314236 0.4246076967784032 
