20
0.15771541521725777 0.5524385052766203 0.5252293778454696 0.21810779808401776 0.2543907354423635 0.5684088179250308 0.3769744414850549 0.07950709831054695 0.5762647563072021 0.34043804594547117 0.2180793380947928 0.4451789109776414 0.5357030732811163 0.39500152390310833 0.3515709671089382 0.34540096642781315 0.06812802072341742 0.5506913172076076 0.3421829977365588 0.23773539416225925 
0.6756550984598506 0.19528842560704965 0.6287226192488655 0.49900177351249725 0.5510352589563001 0.5907483647056224 0.6956720895413928 0.5440193391200814 0.22171865373208702 0.2359394149899257 0.7095916770839907 0.7909153488017461 0.3947868636670153 0.7258768783628438 0.28351155945548057 0.22891596903293163 0.6253676069271884 0.4527699542931207 0.45695088918026316 0.4208409275800616 
0.6342315725207288 0.34621227261155624 0.7118812349342283 0.501603345417036 0.5628993668636123 0.6925580332750633 0.7223836392160097 0.49752297849419586 0.3782009465814753 0.18794495069078515 0.6806194965126432 0.8171325355035078 0.5165568338775768 0.7516790301022191 0.15365540689054424 0.21482559521604497 0.5642408576747233 0.5711221766584985 0.5063810618797191 0.2950732265878838 
0.3052326088729071 0.7081963942869008 0.7207282269346565 0.41426995498198865 0.44948215704352545 0.764788694623358 0.5575229766767268 0.27589330732785405 0.7358914484424793 0.45257143224690816 0.3639280859700228 0.6121805738759973 0.721850102683907 0.57101491035964 0.4149270003223831 0.4731128564605241 0.22487109055331866 0.7416191054480824 0.5365238916509129 0.27110020144454283 
0.5165964482314269 0.44557786701482127 0.0658051567236217 0.36551776800957025 0.32927606162594525 0.03984908633459586 0.2913198906590352 0.5017652163572232 0.4320068804993402 0.5684263175338803 0.4877610388806591 0.3351277545787748 0.24151254596178645 0.3052536375544855 0.6724183113408866 0.5287593876049911 0.5629909258585654 0.18556797097488492 0.26027556634605803 0.6866822518854656 
0.2932552941535778 0.6747116794226714 0.3039760855055048 0.32455198820244224 0.26305438634353917 0.3858899085570465 0.11153577256171318 0.3802323460046321 0.6779407304551217 0.6380029586140948 0.23429179115148965 0.031011700951456264 0.5185096886797308 0.08185063013589183 0.7087142516766971 0.6137176974179215 0.38122099413406135 0.48578764325526386 0.35317661123155053 0.6466068377817408 
0.3565177771732706 0.3009229365180341 0.45613814224311955 0.20526503011310238 0.2672612055874178 0.4610912436558431 0.4282424913265497 0.22374343020870144 0.3283202007908022 0.1086694442785035 0.3946520677761374 0.5220904245728389 0.3448146951889543 0.4570258647480721 0.19025884958362713 0.09339214021815186 0.3062037323668606 0.38155619610678687 0.23554849036027742 0.20924037689323807 
0.1220461168628116 0.5137743878176818 0.33663436943728975 0.10665981638201727 0.08093164042517266 0.3938107810670017 0.17186313940408132 0.13704696474863873 0.5274295958832135 0.40686470432976296 0.11813156046260886 0.2486168128814204 0.4222379456532103 0.1922740421210586 0.46660998156402866 0.38955468154444167 0.16918405917918486 0.4172753979802873 0.21153996180249326 0.3997475534160622 
0.14097816754269413 0.5794557410237225 0.5340349096310877 0.2326242008751962 0.2628309131228176 0.5806586670187469 0.37491921107107656 0.09423308839410234 0.6027721104347517 0.3699627476216525 0.20258373685608483 0.43814484474931625 0.5565986286949954 0.39104314166055115 0.3797451817244206 0.3747321422139713 0.04849405956449086 0.5693532530908415 0.35897781576395754 0.26229975514315584 
0.6693206429501575 0.06858519291899991 0.46855474456988294 0.46297284019961865 0.49364620492948197 0.4104426085431186 0.6010137542108 0.5610679201418778 0.04103954011526821 0.3486055414369465 0.6841319218556668 0.6890153662050981 0.21080728172158322 0.6296235624642226 0.4428129637620073 0.3146419947651905 0.6492123275979684 0.2647076390439563 0.3674931944221791 0.5483754235855223 
0.4692514779628838 0.42482647003794183 0.03467646420526693 0.31605253422113827 0.2800382095350407 0.05073011296318155 0.2524832916055221 0.4522378286978046 0.4145761024041035 0.5276957095385978 0.4424074699113658 0.3063010737722873 0.2258820336398278 0.26944193418846385 0.6301592423507312 0.4888381997954835 0.5139540813072445 0.17506794542841136 0.21320327144559612 0.6398216995915593 
0.42476091638938923 0.2692095065496649 0.19788395294220623 0.22375210435477236 0.22521454431240998 0.1799767854890525 0.30360137588847763 0.35832761865049506 0.2676974794583787 0.35627355866426547 0.4214498278043348 0.39008507314539986 0.11712274228891965 0.33156441201482717 0.4616194615952195 0.31617776954446497 0.43802564256536775 0.11690463078413603 0.09647865957279604 0.4898268329753259 
0.05527706399026989 0.5597470243160918 0.4057190568187256 0.15429985103748525 0.14765791521700347 0.4635657097415749 0.22585293410420582 0.10930041462733543 0.5762061220770827 0.4191755138017097 0.07977797086808332 0.2879673336777826 0.48447833742252144 0.24064319088252184 0.46380774892963533 0.40849332203131544 0.10701719320782757 0.4830461645782793 0.27359640394992313 0.3773208572376699 
0.2272800229400323 0.394331223275236 0.39726171348153827 0.0928987246135099 0.15488119370567474 0.42521563467593965 0.31510492273700813 0.10459887564073043 0.41555485604059567 0.23936126889564205 0.2621486957550464 0.404740585131885 0.369609856398192 0.34180924156071224 0.30017430889119745 0.22577191143401426 0.1927067016670073 0.3882799778748835 0.18859160288466867 0.2554758057121885 
0.08368387675253262 0.5392191587587892 0.37562568675265656 0.1312576536855898 0.11824205002102708 0.4332294264787801 0.20110690575460283 0.11726244498998199 0.5545302955299856 0.412541621986136 0.0919267817984349 0.2692421413382826 0.4571982877530058 0.21810047031601432 0.46386565097595084 0.39899013828607766 0.13319008928112175 0.45433658839679675 0.24615653863405887 0.3858054412715882 
0.36170644972171834 0.3202576633638454 0.48613742917701136 0.22579522861064297 0.2887717954990638 0.4921112280743898 0.45056014163977137 0.22614751291602045 0.34898665725822203 0.09537321173067621 0.40361378389487507 0.5434435873284137 0.3746385825343916 0.4788647141305483 0.1634323275096911 0.09288632340735595 0.3043241351910285 0.4122474924476592 0.26519904475210854 0.179096806328834 
0.3496256372738661 0.5532477416497946 0.6653131572484842 0.355070591125745 0.4093803824805428 0.6913652311782936 0.5541698723259673 0.2463884025711221 0.583522007933914 0.28123291915858467 0.41029651341825735 0.6304064730859292 0.6052664694777661 0.5756259267486133 0.2316262101578962 0.30868718269761986 0.2579827337125359 0.6363660835554585 0.4536568739464643 0.08773660075619946 
0.38152516449862117 0.5226582855021566 0.6672198161577314 0.36244919682768756 0.42029246777267515 0.687778003716365 0.5712197972713969 0.26776637603895803 0.5537908558784218 0.245494751892914 0.4409074544378732 0.6514207222928826 0.5887976854874061 0.5942329737202603 0.18661290639585154 0.27650750765936677 0.29174107997487825 0.6234012587388363 0.4508299540970041 0.04470591182163076 
0.375144614213307 0.6482558296181374 0.2299389825618537 0.3525348599383442 0.2893418162122952 0.3112400340309526 0.13083869190479833 0.4385486060292243 0.6464433476820555 0.6561295307043375 0.3210826353523529 0.07633477907892629 0.4717706358772448 0.10983697771309563 0.7382443903774443 0.6266177888683294 0.45642277274816356 0.43053385535008204 0.34260910067057815 0.6946827559649085 
0.33432288358223344 0.6025370230660024 0.6853351851195049 0.3723900505272534 0.4217003936127886 0.7170242012403961 0.5572698620628566 0.2498280757031147 0.6321663505937404 0.3342978781959945 0.39603560980647884 0.627753594407549 0.643513738592475 0.5765447072067226 0.2869593063336929 0.35985196323636187 0.2419416060647947 0.6713561581239325 0.48026616675586686 0.1431249441045265 
