20
0.16030426647555707 0.40532203381798254 0.4532149770022777 0.08574634322858757 0.5446263969669061 0.5105299514970029 0.4798086240335096 0.6810540309367444 0.6735487840483514 0.06293041300891716 0.3865259657976308 0.46949781394332846 0.4027032742882144 0.32704891746447173 0.753961768818575 0.4088982029116937 0.25011349470654315 0.6676733241452338 0.4332457855412045 0.06261230033700822 
0.24862306795257308 0.5090618438466757 0.48443194372130527 0.05706912960908822 0.5231116879729135 0.4247589288665662 0.41509316440465477 0.7206058970660403 0.6808265349861757 0.11979349867155045 0.42797821370097594 0.5355542994960202 0.31479400896109494 0.2138791070365972 0.7862241223909278 0.5118155115984141 0.1407183297228602 0.663586147536257 0.461043718037522 0.13182855725734036 
0.25133156609260016 0.19874797566701852 0.4329476703892856 0.4075969744312252 0.6111938013813104 0.7037618295328031 0.6416090153714576 0.5827115065551894 0.6526292359927438 0.3786189488127929 0.37116295308654024 0.3548923175021881 0.6178324301091221 0.5915637721907364 0.6622250894405936 0.20366008760623305 0.5746276144133367 0.6732091529919354 0.42848164255138615 0.3334913076587368 
0.4049740142408297 0.5535328191681622 0.33361698162866066 0.41834453023708645 0.21206908490020207 0.06280325191215483 0.03523149367408103 0.5149773924158978 0.4005643735211726 0.48672952879063175 0.3376856132062054 0.45814375233676174 0.08527179507448909 0.20331709754992766 0.5498426029744675 0.5527373283944174 0.48392205720832954 0.35980341538458394 0.31388756675734986 0.40417507349340076 
0.2536132866752791 0.5138178584362953 0.4976857220503803 0.05160122093053861 0.5401227115733365 0.44302446762526787 0.4333898789508833 0.7336751695332216 0.696391683369582 0.10651791371794132 0.4400514028241 0.5454830373190324 0.33309572132453624 0.23136781773288162 0.8000281358078876 0.5167125959004846 0.13173626699450514 0.6798510962948372 0.47450879545083124 0.1338826935556829 
0.4556558136860057 0.5534914873201752 0.3003134672420141 0.5080743035551591 0.1276524687784968 0.13196943846593787 0.07772218448496115 0.43893778878580036 0.3069506018466986 0.5732652353434979 0.32736864433203966 0.4308383133964295 0.19571259444074754 0.3127673561955241 0.4624502988727856 0.5517320707185656 0.5899079117298571 0.26064956364599023 0.2868120115312067 0.4802285016320911 
0.48112247777819267 0.52259625496954 0.2532996827059551 0.5734761023055674 0.05898216475116447 0.24479233674604114 0.18239625247108784 0.339574282614018 0.19707572629085027 0.6332223481086449 0.3016951238400212 0.3785412568179227 0.2977990671352865 0.4100347279539813 0.35458620327295814 0.5199399090349789 0.6766712784684507 0.14845012470500127 0.2485804037660496 0.5310454872065111 
0.36255596593178263 0.5861096665225067 0.44319818453408344 0.278247687823924 0.38952249638031483 0.20860335423604767 0.23026834518209074 0.6625529923832285 0.5743246069145767 0.34871461291061867 0.41568093303868975 0.5431712171155985 0.1121453454069715 0.022266585252424597 0.7111168292825958 0.587007675376528 0.2953332656587605 0.5410226371005253 0.41903459792091335 0.30276529288930004 
0.41639930720261364 0.6768435923109816 0.6349244348346197 0.2139254968495737 0.639484955704777 0.48054876781612693 0.49839858051549796 0.8702711855702399 0.812587047966281 0.24455372711678558 0.5843012299086039 0.6978788550796166 0.3821029510681281 0.26389391236077336 0.9311831783394968 0.6796124359175979 0.05403366928876688 0.787879761436823 0.6106930230957471 0.2978414469469267 
0.1433047611301215 0.13025386067596384 0.29627313809438555 0.34246479684261516 0.46869206759043924 0.5670034067504122 0.5016982369771618 0.4730683784242766 0.5224628358335376 0.33856554414249285 0.23111096152280508 0.24107895333053475 0.48737542145128027 0.4768878882440716 0.5522586410357486 0.1342230343778748 0.5192715276669819 0.5383340549564632 0.28922408338896083 0.25721964769584266 
0.5359842205706168 0.5828774044935077 0.31332267240934664 0.6165090088037097 0.11919837692951854 0.24488860046704697 0.1993908469821236 0.3804597626882993 0.2275056557604741 0.6786354260057376 0.36198175047190195 0.4374191378976696 0.317498013838823 0.4341444007183704 0.38492811249371656 0.5801923834337109 0.708894622689227 0.17371561866278698 0.3089497407927505 0.5793346207653889 
0.06457091112957652 0.3219229078778344 0.32368607415321227 0.15534661186414794 0.4185483421807021 0.4205357125186253 0.37556079717819063 0.5544938774176711 0.5427774714753287 0.18520336157850734 0.2585671218728866 0.3526304333694858 0.32136282793056226 0.2810389467994922 0.6258638752947625 0.3244193965810073 0.32774714329217464 0.5375288460564513 0.3031315686376401 0.07505503120235031 
0.31624273958281174 0.18741517410397115 0.11059319522607002 0.5109501591288367 0.3014748211781948 0.5015227612704591 0.42049857992608536 0.21603739639792324 0.28172009777320883 0.5369159288322436 0.11845696930408829 0.02385172499652508 0.4691047648175632 0.5199371785879774 0.2948573821689767 0.18339296358396515 0.67698304423416 0.31097449811514427 0.12787565360720113 0.4302134324423201 
0.14492831054987762 0.12635286235736803 0.21678436009410798 0.35279233957433215 0.3907291435848688 0.5056498454412207 0.43591769933862234 0.40421377716155776 0.44423005542325145 0.36460240653647824 0.15150362708010207 0.17578964061696203 0.43505661355816805 0.44162787011315624 0.4824333714909208 0.12783344482050335 0.5281525702464203 0.4589213723320633 0.20954570902029884 0.26689304391114943 
0.3018401200600771 0.3564967445596129 0.113016478151529 0.424498792694566 0.12573594186558967 0.27976265748816936 0.198653658729195 0.319147045876893 0.25427040512722965 0.47581656666249605 0.13018232197266405 0.23965101358900023 0.2589244624236169 0.33520153744762327 0.37200466168631224 0.35464289720517955 0.5571899852943216 0.2403030568340814 0.09403865902925965 0.3677099204299651 
0.4887607861933866 0.5460352194343002 0.2788217564831304 0.5683964950967415 0.08270557192913437 0.21480533982413355 0.15891114788532892 0.3748563264912002 0.23153450354265584 0.6302679302430001 0.3222992777435945 0.4063763667495462 0.27654930406674993 0.3915599156313651 0.3893493196340308 0.5435891605791786 0.6635099150565852 0.1816529292701253 0.2717785286884806 0.5308599260974202 
0.2677591638974375 0.1798254740674295 0.09098912918312987 0.4599072388381301 0.2870537755370101 0.4672449535319072 0.38756788910267864 0.25809036330272933 0.3004916605784285 0.4872729982039073 0.07172943068999257 0.05641396591538709 0.4271265115581323 0.4722423362485342 0.3351003538469662 0.17677132789384434 0.6254503670383961 0.32185913563196505 0.09934336373640561 0.37981527629137857 
0.24203095293029425 0.10644405305224118 0.16377840245495673 0.4467270876450899 0.35831711583351833 0.5217061620741995 0.444510601597724 0.3093816712575379 0.3710359013360004 0.46369393982883234 0.12385931886802631 0.07735790681566229 0.4697339673906415 0.49916042780953496 0.3886727651037427 0.10371302987119754 0.6193338957639465 0.3949079947053714 0.16827114036989435 0.36220493795244685 
0.1586238682126031 0.10206316260799982 0.24770079346133902 0.36607884001813834 0.42625102319306923 0.5424146664058785 0.47312045328179714 0.4214022046944558 0.4718537435141621 0.370912794488709 0.18516407609513297 0.18961789497090634 0.4701441640001432 0.4722316696138201 0.5005076858025821 0.10467997542641178 0.5427990731766773 0.48919029077437903 0.24247591901144125 0.279730090619396 
0.37766915716782284 0.18861499929995032 0.1878474683534509 0.5796009430845704 0.36766735954739754 0.5803246934764497 0.49882781338217813 0.19932216874632863 0.30899345363471037 0.599614533706024 0.2000770717386082 0.07444290721409431 0.5510247831748024 0.6016476237827663 0.2775607852538737 0.18373043024962674 0.749407312861567 0.3485168388430587 0.20766585022662584 0.49634676893351454 
