20
0.0742381041991663 0.2650934499791665 0.11268724409424212 0.5506037060655343 0.6058583814197215 0.4007805612740819 0.2889450336098663 0.25263466710880494 0.31792302217459995 0.578708735211263 0.25991968144512995 0.2935151756655607 0.4444516917928743 0.6007630191785627 0.2618868227281813 0.41390076073335247 0.19417630808978986 0.16237879715548728 0.24987849715528856 0.2566741352544854 
0.5568839256617073 0.4425303242643456 0.6178398623615062 0.08407876842682623 0.2594555213517339 0.10785419224753011 0.6054141548713297 0.6012680290397444 0.46536307775782865 0.13477425990471473 0.3092290402330236 0.5976024118574712 0.06287542829066464 0.331977806136873 0.43376810003388544 0.25563592160605 0.5737140221855852 0.3447361297046556 0.3505144463164178 0.6821833919031275 
0.31823711135255367 0.24640300132071444 0.36932278850395334 0.6877286436937788 0.633707391995137 0.5885376083753624 0.09718693923021546 0.12804944705811233 0.2289903004806739 0.6877347930481699 0.585323334738982 0.09889481180815346 0.6295783031561952 0.5756671869483857 0.2553456804912543 0.4613371453129395 0.5653542992647488 0.45796756377187464 0.3418546088180584 0.17421301745145867 
0.2609471471789143 0.47199449809883254 0.21999099301183414 0.6578026623083666 0.7560140404394848 0.5050277096655225 0.4931471603852096 0.4541857490369782 0.5261610041082416 0.696827765427118 0.28499948833754035 0.49929415071956573 0.5410828686535795 0.7692827762637722 0.46772810475645843 0.5807284800513546 0.02019308374501466 0.28078932273949636 0.43757609458256685 0.42845226859786995 
0.2520636441996089 0.4429637324973545 0.22671288444357207 0.6079820947092114 0.7094181715944813 0.45556471287693984 0.47995209900873415 0.44259617795819944 0.49785280680658667 0.6475087701788823 0.23438867375357197 0.4849157924294671 0.4911067008816711 0.7254034704016522 0.4379718515796371 0.5375339192200076 0.0343899185184507 0.23627904137617814 0.40071513489207866 0.42891517789281935 
0.5403525847550352 0.3791288484700367 0.6105569087485817 0.06951833863781108 0.1547509008972974 0.12590762075898979 0.5445843381025061 0.5475532124554481 0.39049702330149333 0.07786542734543415 0.35903687503456483 0.5351031196566799 0.10797007268261465 0.21891648440038142 0.3713096840107411 0.1619602367276686 0.6061433200437081 0.35353540546012086 0.29914393235832665 0.6390581331634618 
0.22411632862102537 0.3573006469527945 0.2369260968881635 0.499679909629682 0.5980572700719909 0.3463654419233587 0.42598403989151046 0.39349227992549696 0.4124230410590599 0.5378934223230959 0.13878972805257983 0.42826209304808255 0.383529296564401 0.6153348739902221 0.3510047260140884 0.42829090758362376 0.13968872120721731 0.12716544473329316 0.3012588309258262 0.40680062022316554 
0.4328232940707566 0.19751953110309467 0.5098350941490858 0.5032716648935851 0.4028910743086747 0.4538823552472204 0.24903016989862287 0.2830901303386943 0.14264472746752 0.48816934759552744 0.5539485161246884 0.23604025659718283 0.48404025122017513 0.3309370976753354 0.20288607502288972 0.27610123633981126 0.6504397922673688 0.4425434167547917 0.2632750151270142 0.3861287713416254 
0.5562895869043567 0.3777459813381785 0.6291136443075155 0.09483756352271554 0.11189407932678047 0.16482800449182347 0.5420946678175584 0.5483443101494339 0.38289874927292766 0.07649013132844071 0.39603431672411943 0.531908688861342 0.15116569935363053 0.17594726437605562 0.37055748659789867 0.15042471593665138 0.6369288792412591 0.3805043980489831 0.30559717797806796 0.6436702519633715 
0.32862632110599227 0.42622784415810766 0.34222003649355875 0.4636471432736047 0.5897133273857158 0.31864824794532104 0.517817340432597 0.4883182330361432 0.4796693860283352 0.507783734203773 0.08558820307510533 0.5185911807033408 0.34695890901073667 0.6221845082504321 0.41865566920017155 0.4445050099614362 0.20192099570318295 0.17261786838336216 0.35253315370851546 0.5101069270426396 
0.37848996104908716 0.22622854731978742 0.45132635852354297 0.22579664281816164 0.26313229905153307 0.12163531318441594 0.39018599865600834 0.3887920818342457 0.2501762713787729 0.24165112385374052 0.26848512641508326 0.3819204278028228 0.15868331200817984 0.27646302541999335 0.21756899169196034 0.09550390744239937 0.4751158450708094 0.2144902846828294 0.13748650970947046 0.47653431727686346 
0.38114046976133664 0.3701905845977452 0.4257536175866468 0.297603901165749 0.4302106965244159 0.15516294637324587 0.5046750472416488 0.48621035450561617 0.4150040879477932 0.34191914675685975 0.08361915032827753 0.5012202284895083 0.18094453280471173 0.47192990196134216 0.3611448173428276 0.30940633310064536 0.3498973863581512 0.15888973369628615 0.2764934677385126 0.540596553952818 
0.06260105453064706 0.2942584019114879 0.05508974898885131 0.6569386163575869 0.6885143831562698 0.512610973150621 0.24155595567826083 0.20040338837825122 0.3361124026944149 0.6798292346135817 0.3867375066602893 0.25099220231271474 0.5572906410729349 0.6691804280478223 0.2950998157752975 0.49134313065279184 0.26296612045618384 0.28414025165193113 0.3193798435763444 0.1555280763417514 
0.43362026657873054 0.4124745830818088 0.4775575639870794 0.27364813110527 0.4227076548396739 0.14932397078105847 0.5523778035252799 0.535355096152419 0.45457929181073786 0.32126380987134606 0.12492387276980788 0.5483860250985491 0.162317350092361 0.47348271614525866 0.4033006873041466 0.3252773767176003 0.3918911203885296 0.21123013846587277 0.31666640243434074 0.5921487959100717 
0.5306545229965925 0.4743914472977415 0.5791674369765828 0.2076746005153154 0.38049805662961295 0.14690333086917287 0.6264398291222185 0.6142148603625881 0.5089611034473273 0.258454600104518 0.230136045320611 0.6208687140785848 0.1280796760689327 0.4471258172746293 0.46515546788437384 0.3356277626550965 0.4962708630768494 0.30750182310425533 0.37705678325499353 0.6802804310670898 
0.3075798012088017 0.0893967116502157 0.38436325768347357 0.5001462622869913 0.4438753460740416 0.4142096402063833 0.14103377064712577 0.16738547544481688 0.043656026079693565 0.4976646243691957 0.46419838605134633 0.1282029690813963 0.4521309966813978 0.3909544699202421 0.09766979480278493 0.2711968746450296 0.5306609325928651 0.34331807015828625 0.18064277682752683 0.273997602815231 
0.5579480204502502 0.3090477560972144 0.6378394185964965 0.45644507322490246 0.31321815565866046 0.45498757492819875 0.39589629636768997 0.42755339290091654 0.26190010184960216 0.42773360816781775 0.6104001902196532 0.3827912763695294 0.47305441304530804 0.22648566104596018 0.3109768490035973 0.26581497411317034 0.7537566553768545 0.5181003916844868 0.3391420315339694 0.5326035642463971 
0.36929674617485764 0.3857561050091874 0.4071283423091208 0.3381618504562831 0.47124610207506484 0.19649296485102094 0.5109060334371452 0.4894688784410308 0.433408075342791 0.3829650489950463 0.04800939095858549 0.5084828432071987 0.22188827863314087 0.5114461426413456 0.37695805837647617 0.3450170945838077 0.3152008498060925 0.15370141510433966 0.2957064396976161 0.5362538536670416 
0.6168233752133285 0.3695180406847034 0.6978177467030411 0.38439028569469097 0.21900571006845004 0.418785637635855 0.4852959761661051 0.5122450087334068 0.3328455234235434 0.3474868942535909 0.6082799917029458 0.47224803061650134 0.426484339963508 0.12863158128397995 0.36877646065297415 0.24457443642711518 0.7868921135722738 0.5354314927899265 0.3706076574367507 0.6190509514687224 
0.31380822522238755 0.2766659340519983 0.3566250949070452 0.7214495984412206 0.673259431595688 0.6169295465416658 0.11562115166660897 0.13520866823738742 0.2650638599292756 0.7233285027755207 0.5990249521923259 0.1217456035013041 0.6588728766780961 0.6169530152961031 0.2852676686582307 0.49740597878927983 0.5591688272128857 0.4721788269480572 0.36953439640139024 0.15169542124091767 
