20
0.28936713794635355 0.5842481334815356 0.5546536357797585 0.3424777761268207 0.09369624127712028 0.5009772280992264 0.23780350608132608 0.12296512827396182 0.02850298094102102 0.1960551741258633 0.5726551853019018 0.4048285802087232 0.34712375772866455 0.6874838765069553 0.5728159814813454 0.5831591728771295 0.14862535234584381 0.3975399450366423 0.4632710991867561 0.5219232457021858 
0.4704108241313786 0.3590844523369919 0.3479674947893257 0.4022617760275705 0.3434486027142327 0.25378728647689264 0.3172182183981457 0.30540921545175664 0.2888683950845503 0.1833159977219937 0.4578846867117765 0.4365245227871892 0.3970129323699595 0.4809374124247613 0.2937356438184308 0.4644481687455677 0.1470065627596385 0.3677536629303849 0.3548983796522467 0.2886831647415213 
0.7520554194561161 0.21252498276533646 0.25446562429707853 0.7379615185023669 0.6893088161920347 0.19218799043434748 0.5858791524776543 0.6812284023001799 0.660524566091303 0.49308892323924663 0.4454962295693155 0.6091190644501647 0.7292919358405008 0.2898017855367607 0.08759869904413226 0.4425203442761165 0.5107569780664317 0.5153637098677196 0.41889544005055657 0.2058162990115168 
0.4125992185838858 0.21620749548086896 0.18639421031574407 0.5812595004937574 0.37142984917950694 0.1506527695992972 0.24666142774973102 0.4361342477268339 0.38022042230265257 0.17546897178618656 0.2646794454433806 0.2933571301082715 0.5777726668420814 0.3209500364290045 0.2551620645514452 0.27135563304427474 0.2385503639087798 0.2059219532826264 0.1638556103789177 0.1588889578304436 
0.5499004595022405 0.35210153409247663 0.35163864411372103 0.4207146360227494 0.42264538717940775 0.2425151945515898 0.3939047800312936 0.3629664820421093 0.3600525795248653 0.26182700608454307 0.4897665805398535 0.5023485807173445 0.4133245636201951 0.47663126058520183 0.2498772741303063 0.49475393558246306 0.22523970417554853 0.4265463442482759 0.39563184556920095 0.2829917022089091 
0.7651830134590902 0.4288651822234595 0.4512552077149633 0.5206535284000259 0.6349034397193074 0.3379270556825837 0.6065270791370768 0.5408469342474463 0.5596617070570931 0.476765897597373 0.6293639740297988 0.6991228075015549 0.5096571201950403 0.5409833701617739 0.2618147247889932 0.631025328425755 0.4375768307638072 0.6147916591683967 0.557465075605366 0.3778603718403966 
0.6379805340116097 0.5370621889609095 0.5382953232543958 0.27525334290590686 0.4677448836623933 0.42764418012849376 0.5072677803299307 0.3195551074270942 0.3651901998584412 0.37435336927730417 0.6709850061367137 0.6457548623510847 0.2647646254991344 0.6615050490551594 0.4146894593120078 0.6767519721334182 0.29331378718012974 0.5830207045398322 0.5710841317259342 0.4688296838154688 
0.11274893860086432 0.5537141667890391 0.5140639716727736 0.5228836678938975 0.09320047637502021 0.4988364455902584 0.11538388137882999 0.303125674095233 0.20892581046659386 0.19609740921046925 0.47185098046121976 0.2531636756039313 0.5273792803038027 0.6329861486085981 0.5960119105355886 0.4833513619364134 0.23772255984855636 0.27965949282726954 0.37582923763862863 0.5055604324158329 
0.2390279797025896 0.36289831668546924 0.3180196611036281 0.6488080767762597 0.2928920570885346 0.34104608544275083 0.11216932203189187 0.45188372988385345 0.3659696238129506 0.18817619910960112 0.24822348810733344 0.09556585438974435 0.6493023126694994 0.42165039215767297 0.45335092148149364 0.25972943197258264 0.28647590003789314 0.05713519280303959 0.15729954537631538 0.3322951602469427 
0.0502068316574675 0.5496141319017127 0.5056624116601847 0.6302012464492807 0.20087635738744267 0.515150362053194 0.1251142948988179 0.4109654914240254 0.3165588261795434 0.2546300667230416 0.4237712914978094 0.17657225443871047 0.6343911638084073 0.6100244145187802 0.622085914103532 0.4354057310488868 0.32256501609106353 0.23480134883984982 0.34497872295703547 0.5129157496444422 
0.370064374626825 0.3532856558742161 0.32925280575165466 0.4410189840769904 0.26464464140534677 0.2643510276545513 0.21371639883312177 0.2913215777964339 0.2434911368170825 0.08162863007797826 0.3964930102903567 0.3375072873863616 0.43855290167392524 0.46487124888326353 0.3387797728639751 0.40480794030137845 0.09491608821130391 0.276524886356346 0.2865482889960319 0.2877736987169144 
0.36700019745195317 0.3055927776601927 0.25924034226671644 0.7876487142205907 0.4490813086440973 0.3336570338135436 0.2681261396595494 0.60125978635106 0.5188828106178823 0.3245498665833813 0.10861455787916403 0.14733604993374705 0.786835060616754 0.31886017491299773 0.4458226432989778 0.11988440315176117 0.4217850725782093 0.09940063265485692 0.0963816973939693 0.3068008403815623 
0.6726310455883444 0.4814906553567412 0.48949969448562003 0.3655661923620519 0.5179762706524542 0.3744714667766177 0.5279940156134312 0.39495230705248374 0.4271434606053342 0.3927958876274703 0.6403089963986166 0.6502004796510783 0.3549003313523349 0.6043467305416845 0.3427631861161891 0.6447235603731385 0.3283197134626888 0.5778892376113914 0.5485525746661016 0.41678046432429117 
0.3765539422754784 0.22406569117548597 0.17913089463503176 0.674687950818641 0.3937288071622728 0.2146523980457663 0.2287836778102101 0.5065510726983902 0.43521820082975277 0.22550867616067458 0.1629667151134325 0.20567363389705492 0.6725407018279692 0.28934126235287255 0.3292056171404109 0.17194182784331508 0.3139739817273722 0.11191192206577419 0.05234300804047449 0.19856165420306027 
0.6191519102315205 0.5863550050933763 0.5832218772115252 0.20531926673069328 0.43800598811013464 0.47686421563056114 0.5021845982942422 0.26778168780417094 0.32665886951431117 0.3749970520974235 0.7021300102369196 0.6512340956253719 0.19508035965833673 0.7107901015819592 0.4749980409173743 0.7087933492732472 0.283850839498178 0.5967246798963245 0.5976922421692659 0.5167298239714372 
0.4659819061639297 0.33661725772359075 0.32493775431288535 0.4251052991364483 0.34790409741798756 0.23207621034829465 0.3091671714819326 0.32276040385292487 0.30079187489142606 0.17759210999369834 0.43568565685138155 0.42182436857764377 0.4199601744743523 0.4581432289424611 0.27702238898190557 0.4421103950725033 0.15450230155336195 0.3504033951571881 0.3335963786113097 0.26630006849052745 
0.08030250457287469 0.5401324220206283 0.49494664351355816 0.6708198813547714 0.24412948770270804 0.5144422694245334 0.14197702237937648 0.45246334786119674 0.35792849854024916 0.2767689227103262 0.39793664663954464 0.14432084385475136 0.6746690173803643 0.5923448615911391 0.6242680679898488 0.40947362957423167 0.3527572815525521 0.2153206004303467 0.32782201732783534 0.5085601259291502 
0.4279194398827477 0.17967766566186807 0.14426569208010256 0.6307278772720074 0.4069501657258806 0.138091332842753 0.2663415557248749 0.48356876977601215 0.4244780827086626 0.21588322276980665 0.2185358385286165 0.2832162164583714 0.6272048102255575 0.27611389970314615 0.251079816920308 0.22453218565143968 0.2859588567594403 0.1907894867914702 0.1249264999524776 0.13301471569258705 
0.1090318699011773 0.5002757893576288 0.45526223155022105 0.657425937445737 0.24056537252119867 0.4742369243289496 0.1103294285741915 0.44180747954144883 0.34761963723044004 0.24529846265708533 0.36401986036869505 0.11574811097560471 0.6605747064769193 0.5545425157630736 0.5842848691849858 0.3756302109399042 0.32690525222617356 0.17767434356379594 0.28958886247518206 0.46828133900115615 
0.19803718242056165 0.4358325726309911 0.3893511092051942 0.708959616084698 0.3143992846648659 0.42639819254303435 0.14701265030618385 0.5008752577553279 0.4091813043106358 0.2627081096761525 0.2778626512405677 0.02575412555138765 0.7107388019497051 0.47714852205654895 0.5400374805149402 0.289353310069643 0.3569893990926376 0.10475557294685377 0.21599602746254135 0.41354528753192993 
