20
0.5133839292912141 0.2722626710415005 0.14931344834482382 0.4770943420730492 0.533382197097291 0.4178248245040735 0.09066553792940028 0.1372677398119344 0.27120030129255934 0.3235347887727139 0.21260368276692881 0.2722373480788996 0.2310783547141165 0.5808841884089754 0.23832655871526956 0.6049542407494112 0.36808115088064025 0.1753009794341213 0.6219456674581709 0.46179145357596535 
0.45903114370537595 0.5137896335412383 0.4193115570692097 0.09036805934578061 0.27683556004012283 0.49234149196596133 0.47481047479501204 0.5050599413228435 0.41234495571883156 0.43459781372798717 0.34705685046290535 0.30164056926858535 0.4071397547059342 0.14290362746854965 0.4815825585500676 0.22640287093596478 0.3225530365102984 0.5166885498361077 0.39439325541474796 0.329439768660908 
0.46547383203284837 0.5361672465161766 0.45243534724002255 0.11732278855052994 0.27783156307367435 0.5062050270851395 0.5059915618177352 0.5390173601826028 0.44645425421775103 0.4542114086291664 0.3794933470589263 0.33550678864401895 0.4414096965047928 0.1579923254310455 0.5056841516629483 0.21583937415030857 0.3554500820604108 0.5509020722741719 0.38929214326361655 0.33862704095695745 
0.390077767908651 0.15914735663659632 0.15052221674495575 0.39831512834818966 0.41893112219182344 0.29699687040362965 0.06193948154599217 0.21198084097412975 0.3039625709366424 0.20029843227115213 0.1670822087763146 0.24098465635571464 0.25765231984099995 0.5358249750754293 0.11904533472267613 0.4976718013665496 0.37124599143277126 0.2542889092197061 0.5008846458299953 0.3423489153811148 
0.21421481999350137 0.1446872053357977 0.2640238557856068 0.28243746529222863 0.22905743223267458 0.16014007917607523 0.2312937924260136 0.3629282087804703 0.39156517815963854 0.06690002513296128 0.2121536248034766 0.26312989891331734 0.3502020440329033 0.4660396652364317 0.12229575245960579 0.31717079730901226 0.40478226016010627 0.4004686333563721 0.30693465077497034 0.14797682976654708 
0.10089994343278263 0.3616826156865559 0.5726173543259753 0.43855787354817366 0.21672227336019975 0.21121745497527958 0.5369820044825429 0.6725243925605114 0.6882973123651177 0.29049323787344633 0.5134502208493616 0.5479188711243916 0.6509031085345933 0.6313050928984413 0.38075654133265907 0.28995408492282676 0.6748860345189345 0.7097382197130261 0.1180437344529811 0.19640224177740329 
0.13264261280517656 0.27647465532070237 0.4031192787033701 0.2582178347516263 0.08214647045051053 0.18392005437580183 0.38762865816788306 0.5067687146081039 0.5046650800997969 0.1824528876710785 0.3360736147093946 0.36179870934982705 0.47012253900868467 0.455759306757062 0.2717785181610911 0.18312425581471742 0.48485784408916366 0.5405055006554831 0.15037512269144235 0.012592701168301483 
0.5498866874720778 0.5396374574170716 0.3636855595087769 0.16340156964037736 0.38885354077925127 0.5571377157698739 0.44054169247385916 0.4284042913332754 0.3098456114249852 0.4778681245700437 0.3068860745888819 0.24044959099825464 0.31811732445905483 0.06824354023294281 0.4993599600605244 0.3593074208718349 0.20326546113351052 0.4296971192268484 0.5148282496545369 0.4177145883241553 
0.6039798118946411 0.5611839102620102 0.3449659657481253 0.23077835227482596 0.45536481306559234 0.5983580422884857 0.4314295332412627 0.3922549369983141 0.25994961808164724 0.5104123872126418 0.30254657280572156 0.22927109125153658 0.27840570998106656 0.12146253114459633 0.5178231489444017 0.43467460595099106 0.14570326830792615 0.38632135208369345 0.5832704938055826 0.47346919965879625 
0.02576460433540122 0.2397888290973766 0.4525445036049654 0.37421498337330816 0.18769510652062388 0.09773649223360764 0.4122814161657149 0.5504514477929534 0.5762008870251678 0.1648967492087519 0.39816358381335126 0.44038590948274137 0.5365094235058111 0.5722662872737043 0.2557842043034324 0.2862015795014198 0.5750086871343513 0.5886344599558004 0.17184995193756733 0.11648087938186269 
0.5932445387073131 0.5723939965144659 0.3768209010435153 0.2084504556386095 0.43405070931499534 0.597008504641929 0.45905007342477633 0.4320035206696318 0.3042386340750608 0.5146582359619373 0.32695048840648216 0.25633908099412894 0.319014896971499 0.07234492881059248 0.5307548866967675 0.40389922405153 0.19162688694311292 0.4288319041149842 0.5601281954221621 0.461286207814629 
0.3534279062236616 0.4694586505628185 0.45966053737461426 0.13405633615980014 0.1603494838249786 0.4107298763583448 0.4910210929887665 0.5579853499670654 0.49395480889803056 0.37905087383243274 0.3821155263704054 0.3607980083073009 0.47746228560929055 0.27777333790274833 0.447565368701376 0.09157445614685776 0.4240413150180459 0.5785016114940064 0.2646999361158176 0.2358386383232792 
0.20297844447640295 0.08835021580534713 0.289988842802613 0.34522809265814575 0.2686670362292607 0.11843430092592307 0.23700075715337773 0.38104650142220564 0.4296280576271641 0.01330269877905884 0.2515112572385856 0.3111705153663073 0.38585198951550637 0.5288143063670034 0.08253311838218329 0.3636185718349601 0.4549187209795487 0.4211547216882718 0.3245996902096888 0.17860361460677593 
0.5924829642421648 0.5435374304237279 0.32470304217859286 0.22546614532936687 0.44825863153993756 0.5838628383727543 0.41136721300219076 0.3724501154602911 0.24130178216075535 0.4944891684283839 0.2829067153073715 0.2094235598261965 0.25869922195784734 0.13574948992231062 0.49985767809118103 0.43200456315600433 0.12780616894473534 0.3671214067422339 0.5766522925778672 0.4627427394339719 
0.14397108024250607 0.40595716395508574 0.6026906196175438 0.44033133268823427 0.21463925378972687 0.25750248000773607 0.5727879444540745 0.7042644028663754 0.7115820619849604 0.3303413015270564 0.5400259468060242 0.5691482368339978 0.6760010184939885 0.6279537565782898 0.4223373564636666 0.2727153848906778 0.6907125623307698 0.7403235269211801 0.09506350646000572 0.21563968944117215 
0.4087813010788553 0.20896857724256812 0.08778738536059362 0.35132252657053004 0.40562587712974535 0.32901681036047864 0.04047521406914937 0.16935756905128407 0.24093936974230742 0.22481479597652737 0.1021990588276379 0.17508432653252415 0.19452669627583416 0.4753725591301415 0.16346584407849535 0.4743225455098563 0.304062585434227 0.20980358455571538 0.501289899346199 0.3395965016473688 
0.09383090632021733 0.27968363493115755 0.4353344848008143 0.29958056643799913 0.10305821909965668 0.16583973894766632 0.4127262040461005 0.5379987043700575 0.5426021337908356 0.18903933784702318 0.3710950647200234 0.40073369646723894 0.5068317484312909 0.49659226400090595 0.2820876143978253 0.2027723059518372 0.5261157718532039 0.5730316089040847 0.1260686782227796 0.04763594564109835 
0.33712052447563845 0.07697823478709971 0.2882236992570845 0.47715287565425557 0.4297307977109395 0.2249176690627782 0.1983810921140562 0.34361732788787624 0.4418248004271521 0.1692256746455696 0.29285571081352396 0.36654077249593003 0.3954629707377778 0.6405698457992121 0.0877166926667066 0.5236663062687776 0.5038494878976607 0.3858427317120385 0.4782120813519374 0.3394035366604884 
0.5399573784216977 0.3833154143932479 0.09300651083988189 0.3293759922120833 0.475516089300014 0.4828598105408679 0.1875806821392139 0.12034222983858286 0.06439154071431187 0.37723974176685193 0.11677066323861511 0.09778436685297927 0.02209380735287147 0.37496758459317103 0.3365997552847479 0.5128152953359452 0.1413952300734487 0.12524857836674086 0.593788449507968 0.43877265286724887 
0.6221771202910876 0.6730675796327145 0.5343461601730282 0.25074337597354823 0.43458977244407276 0.6581389265840981 0.6053808209179812 0.6027296157815065 0.4825316905475216 0.5976626920892946 0.47191760446526004 0.41065170164549925 0.49251323030295613 0.10991158013587389 0.6379668483923467 0.3657295607888838 0.3719713995200536 0.6039784985617381 0.5424098331593044 0.4941724931818402 
