20
0.0788325975847236 0.1927443620329312 0.22751289119944074 0.4571634168235165 0.43579002686140156 0.27324679763419163 0.3193381938720399 0.4238869702232877 0.31398686653803365 0.33469871225141756 0.3380573613241978 0.16687632508274822 0.5085903963700915 0.3831876160125559 0.21158365216267766 0.033835830995744005 0.3912738755950203 0.2850036192964209 0.30424963362965574 0.16445893218354615 
0.17147355503197917 0.052949753519544396 0.16421292846004798 0.5915973552833687 0.6567862943665331 0.44119834722777823 0.3496201880631704 0.5673974823658519 0.38110834256463255 0.5198603745735741 0.11544649985479723 0.06938604526516995 0.5834512441650288 0.16917727496585536 0.3850810971850969 0.2576322496668943 0.4608403943894499 0.33740332406336593 0.09828369186245547 0.3634375773031074 
0.25821403315157676 0.17802911360572982 0.16424696233485078 0.6120430526973132 0.7424714655279088 0.49202486023219727 0.3374757815761145 0.5947202312205455 0.5039935446925042 0.5762304397777631 0.11109062849169778 0.19330201399354874 0.5699186424697638 0.05997007152950982 0.5068149264005023 0.35834640964831926 0.5825558049328787 0.45986447208450604 0.026949477112322547 0.47986070932782476 
0.43510865873440724 0.4079997213381006 0.5675525026527386 0.7952277663193886 0.596017122464354 0.6045376858067402 0.6925028631507092 0.7575555395212867 0.08077531356189224 0.6326444347831404 0.5190123568348606 0.39869103455486327 0.8743761305230331 0.6162210003037806 0.2070158146000434 0.37708335391988596 0.03591319117564033 0.12526464516643512 0.5573918657339686 0.26997703710857707 
0.4184147682846719 0.5480762512936502 0.370620266554658 0.15826623834683715 0.5222223772490882 0.25228019495205134 0.18396736027611116 0.17571593499291485 0.7702040339951487 0.29202740132732874 0.6154910459722331 0.5322552642169355 0.053492148817916224 0.5696624217194234 0.6330616284897612 0.44809800420516993 0.8454174769885374 0.7418010364938804 0.5205031456050447 0.5689885681213809 
0.0432639313944841 0.11541434817883951 0.1352559491608899 0.4815317950147909 0.5302009569778222 0.3184854729501969 0.27825262157284925 0.45381043324712966 0.3621368567338772 0.39430899987765017 0.243542899367497 0.0933033418117834 0.49803776696083096 0.2772453309657714 0.30492417282199213 0.13772862860803128 0.4437308423044488 0.32428764602211824 0.19802367827132808 0.26694248789016234 
0.246930987663635 0.09639788375005948 0.23896063148018587 0.6723907436672512 0.7248287194520453 0.5205433000471069 0.42616200543999727 0.6481799702248436 0.3784551556420085 0.5979806192708405 0.06135518318145754 0.12222933623501656 0.6610933197483086 0.1593372610872812 0.4201395561974575 0.3229157577522263 0.4531117665385894 0.33399477006077344 0.1215347256812064 0.4096491915842159 
0.10959876203017072 0.2411071277433535 0.11485341615734049 0.3570997332310534 0.48360662464857823 0.21792295563222833 0.15299805408223102 0.3331304381784679 0.4758709920722631 0.30217185493350657 0.33886955853942774 0.22279152253367054 0.36510877390050467 0.3337420725234168 0.3763748134218049 0.17598619211111413 0.5554410164803459 0.44235645154402753 0.26159096884529265 0.321767788082241 
0.2555254786250748 0.2840195321410946 0.39995795566854964 0.6009334958241508 0.4513756386198993 0.40988731812113605 0.5029648034880281 0.5638009099294632 0.1560313656674536 0.4446209643906241 0.4256475660182318 0.26513248554152175 0.6779181521571771 0.5032076208848858 0.05738796730838207 0.18261014446871318 0.22053418609557177 0.14774564560660625 0.43132225864598456 0.08811212792705687 
0.22780292833610058 0.34731296190936617 0.3664065717224959 0.42720392613294944 0.28866131502286324 0.23966482891638166 0.39683578050390333 0.3887600131714288 0.3419869274496381 0.26104262348743745 0.4950158901145604 0.32177608986271683 0.5259313534937314 0.5410068809844285 0.165107832166052 0.12628946160350857 0.4003819911018619 0.3322748889916034 0.46186412845734365 0.10196106843690116 
0.1752052180451171 0.2561820233684401 0.32402023861317286 0.500331865555787 0.3956790257955779 0.3094007368561398 0.40570648921067753 0.4637720129325746 0.25355723865595214 0.3507959852229107 0.4053703437880962 0.23205844386137123 0.575004937920453 0.46491165021186737 0.11677196910094698 0.08400400685577647 0.32273909069806855 0.23565585639886127 0.3876007944535552 0.06870985449460502 
0.07729388423554905 0.16352351126583212 0.07162574185509259 0.438445830628714 0.5402904005629307 0.29428161132993136 0.21124905127186383 0.4145538464232754 0.43330305042701434 0.37645913761452876 0.25851831917102946 0.14818100930343464 0.43802856832833137 0.2633921306583537 0.3651978366698425 0.17799820651108644 0.5148008822985357 0.3956381158007103 0.1872504275831234 0.32034725321998614 
0.39925268522762386 0.5355871022529564 0.3660285289546089 0.12393580455392508 0.4809470387604081 0.21390064953280477 0.18430356343758997 0.13684303116475358 0.7436725266693016 0.2508407477571884 0.6121829741742836 0.5183082764869625 0.07958570943554054 0.5732053459527068 0.6011934946015207 0.42082534343646866 0.8175620644460756 0.7167828855239354 0.5194835675099848 0.5366959860412962 
0.3313584886124247 0.4468260469501108 0.4679244534431992 0.45409423332164395 0.21373903654239196 0.2846022647898987 0.47975100211078 0.41503790730762763 0.3815781833334301 0.27386144960484576 0.595516000776639 0.4216672960058214 0.575871876018367 0.6443205961979276 0.1939089339328594 0.22970854299579097 0.42349474134844817 0.3833585175203321 0.5652416918026558 0.15296049607553597 
0.18202123549360633 0.28829392405072235 0.11092627781611081 0.34041644029013873 0.5317045442657823 0.2425518730139461 0.0840606724258588 0.32411760835934084 0.5502097988238976 0.3277243994085601 0.3570289231827206 0.27483609748915355 0.3151471165613848 0.327477313453149 0.45503530493598593 0.2545703942657142 0.6305604820740878 0.5150989782654701 0.26653847441779593 0.39998081337321006 
0.29220305580768335 0.3380902161169036 0.15180102717906704 0.4331967316599455 0.6745860853568387 0.37867951857065946 0.14997823168533794 0.42754891176277454 0.6460877723363947 0.46142841697306997 0.3439761058081389 0.3353501971405664 0.3527323088468663 0.2733975197391564 0.5795381574616136 0.3836587602172185 0.7279384754311273 0.6063805438672643 0.24521744630889142 0.5300469286248873 
0.35911582071320997 0.4369787434058379 0.506769856136285 0.5689846555598058 0.31646075342073 0.3905271453746703 0.557238843383587 0.5298810128906514 0.2860349384307487 0.3909795002127969 0.5844871337453934 0.41447763620277933 0.6813534676610928 0.6508435870589753 0.11445584339995311 0.25781035588893764 0.3145855922149374 0.29827017948005835 0.5743495906747682 0.11975388456492361 
0.42439885894377516 0.5607877505959449 0.39033616310571406 0.11803751385698864 0.48925784787057724 0.23188922896752542 0.20723553444424392 0.13786528481078422 0.7675580969141904 0.2620912573134329 0.6364040947875577 0.5435538951464121 0.05984047761422244 0.5959236155991716 0.6232389109896783 0.44467604377408665 0.8410533736952613 0.741034797828695 0.5432377439372645 0.5585819221868475 
0.14466165986875876 0.21419456115348856 0.02975019611685015 0.41983668583117595 0.5736590515998846 0.3025845690632314 0.16099869078487822 0.40125535604907153 0.5020195875485638 0.38791615605391083 0.2751281452632701 0.20440723188913712 0.3956389249237664 0.2517168516337685 0.4326099236866145 0.23989708281391495 0.5836616408387532 0.4636947102411892 0.186243000706726 0.3851445992802276 
0.24932354128463682 0.0981078568061051 0.2865432660327519 0.6922517914312789 0.6990094198984144 0.5261016756541933 0.46837736708461 0.6645456505340352 0.2993280177174039 0.5973675929727895 0.13948828129761118 0.1175146706365423 0.6991896302650731 0.24138559664493345 0.36138441203665383 0.3016271212511944 0.37226671839597375 0.2551001339912464 0.19824537672666914 0.361274577771583 
