20
0.328199524991302 0.2555489079781227 0.13494130902177082 0.30255683604687517 0.4737784337485209 0.23499670257170094 0.26589959457272605 0.23789835747347354 0.23805142677974225 0.11157408100345013 0.38562348569294136 0.16727128850624678 0.3403580345278425 0.38488965764543076 0.19605467383222047 0.38272457420011546 0.2800834097037682 0.32502421447008445 0.278926775530064 0.3914095866863105 
0.4768091092673078 0.26513406479677676 0.3416838639532209 0.3488915590294238 0.6948796264309254 0.44093278711619427 0.2008882985451664 0.6639789723304419 0.5762507213019684 0.3228272108115208 0.2122758101327447 0.48360094490892935 0.1672421334391516 0.13635513391363513 0.4398649398336101 0.7981975413759237 0.3887711855734104 0.5909629491021615 0.6517632433602986 0.1578099074114578 
0.4561532665458221 0.3230769756045261 0.07222046094425465 0.40037627378171764 0.6178668785677299 0.0915028454150693 0.20720406884199935 0.34840728753818057 0.1710582559853334 0.14033820829008603 0.4326303153803305 0.3111323557658526 0.37099393908381745 0.40540746615681356 0.0570348864010797 0.4967014858980986 0.13688572748268257 0.4697572506590173 0.41885087761847634 0.4195096366616095 
0.23174022103984318 0.40521890561130675 0.48261604522233287 0.34439694099710577 0.16133772867642887 0.5888377144529079 0.5742372309328554 0.2586218951220129 0.5406457807251761 0.4242115258662549 0.5070085844054263 0.2047733068773745 0.512174520157888 0.5575311079367866 0.5488883140343414 0.2557028642971099 0.6365271385068438 0.08890620109326253 0.11589383355280834 0.5480157917741053 
0.15187258339170706 0.2096757991345333 0.2893398362431385 0.1851479827466558 0.2942681061937048 0.41679024119462527 0.36597917249337636 0.2569788048046678 0.41516566207217065 0.22208521616847124 0.3307251730704907 0.03256692330759801 0.31916883825077297 0.3667654774840539 0.379265278488317 0.35531540634283476 0.4504093164579365 0.1501741016934076 0.19031863622114048 0.36177008465165794 
0.3591642833070183 0.14106239670797457 0.24601106472001857 0.23558333928105027 0.5762794610608846 0.3732615721284583 0.14276288707972276 0.5381306429235282 0.48724719402180855 0.20746011505154818 0.14613582222263233 0.3532332583054529 0.07652889158112275 0.09198938122289678 0.36154352093525627 0.6695772885661526 0.34125949642095754 0.4646204226442352 0.5214294578271096 0.11101678299608864 
0.2173708072101985 0.17061149371497367 0.19921326732647504 0.19416706579671217 0.3843426797811658 0.332097481170905 0.27996558333261196 0.27292363089347277 0.351296332519172 0.1313394212545633 0.3031305698944841 0.09050924576019934 0.27338594658893167 0.3212195827838132 0.2961812211243671 0.39763393212456616 0.36106105377925035 0.24103850652519024 0.2520494062920956 0.3217112126958168 
0.0936151481448608 0.3109788928693057 0.475522388266567 0.22215276109803217 0.12464539202710521 0.6090700912011723 0.5245652981775238 0.38388211099199654 0.6045180496798153 0.4024196697886729 0.3799742288720483 0.21479167034902696 0.40391632517006937 0.4433373619955014 0.5721088442039846 0.419126764865946 0.6379005271862775 0.09345142133953037 0.2543871713474711 0.428752047306591 
0.08764217600691028 0.25902915552189393 0.390627739661481 0.19153736765922016 0.1939843164948572 0.5205330579140318 0.45298558399849964 0.3091720413543992 0.5139946244259164 0.3200498904012362 0.3543522254230323 0.12409495195759071 0.3629507075102121 0.40713232546918304 0.4830564353821167 0.36912958732416273 0.5525356854093603 0.06730266716224888 0.19595689119781523 0.3965280234139561 
0.5376498222820554 0.5746533496939138 0.44879226987316007 0.5833053735156929 0.5498936782797179 0.4488034344709109 0.5958445728474795 0.14690377385294479 0.31067072443891136 0.45138677976888814 0.7074112219286679 0.36900696064413785 0.6728647811520793 0.7194681770961973 0.4165466406844293 0.17631376725398532 0.5254821698233454 0.43565109057707746 0.2773988889837927 0.7228878881222357 
0.26657025890201924 0.2537363492887001 0.21340369995078481 0.2713725755385239 0.3927627294827879 0.3180420461334198 0.3282732977451578 0.19244106236239322 0.30026882948252875 0.16873585347050526 0.3864206413697478 0.09007251915478291 0.35448796332667115 0.4019377122120837 0.27861944147959394 0.3252865133966145 0.36378274551448153 0.24365998993994417 0.20043835862058612 0.40361539750395725 
0.604671707747772 0.5547865055788715 0.3429268236688902 0.6017889263079587 0.6890199885804124 0.27440164577527576 0.4850734867186419 0.2830286260006012 0.11695065355376036 0.3838168683584622 0.6813310750725518 0.423169945701514 0.6286404868734156 0.6688407609547002 0.25596123860021025 0.3893988655387909 0.35239203123450746 0.5491253306954649 0.42045026457075807 0.6793978329389095 
0.3669898123351154 0.4380481735953635 0.38578414108698444 0.4274030926671913 0.38115472927214394 0.44382860489533366 0.517755349539685 0.0400022399564476 0.353119232927282 0.3591776437936799 0.5671389968565757 0.21190051415459096 0.5441169742748693 0.5921239551333192 0.4046708576272054 0.1302430976038924 0.5089428616552607 0.260815150311555 0.10528122738524288 0.5913133743527181 
0.3364238183759056 0.15240930724839105 0.34441064506612323 0.20841646428089014 0.5522663632649948 0.4785055112453297 0.2503602938762186 0.5930048603996566 0.5840438953029394 0.29294184396717066 0.05658536739829038 0.3848324963731336 0.04877234395580465 0.020681590839228783 0.464227367992191 0.7123275748387228 0.4489537110473012 0.4636085538561492 0.5511747513790918 0.00325713178973843 
0.5372654700100518 0.5176840849696387 0.34088152147229694 0.55069661597374 0.6036424204448689 0.31327991992577997 0.48913600305152677 0.19108169164113 0.16818730248641453 0.3633832667445182 0.6488145081340164 0.3555396372054829 0.6030955099973432 0.6466482878195589 0.28473397715536813 0.2965872713179201 0.3915565153866624 0.46808573403083653 0.3312728546608463 0.6542224073632914 
0.5219357100101146 0.6296446313228925 0.5770923608270561 0.605906711656263 0.4559584023806092 0.6132694765199275 0.7136457997520117 0.21055777402369377 0.4922178494493541 0.5560340198896924 0.7551842828263534 0.39793093405617186 0.737516099128331 0.7856081130520328 0.576686393415858 0.06972349095933847 0.6850610265842506 0.3882905312766034 0.2405867970152099 0.7832724982894571 
0.6105578704344709 0.5295696221185647 0.29509455969948883 0.5893757777140468 0.7199745579615949 0.19988395331104788 0.4273222717683094 0.3355048164548463 0.05423912261238089 0.3494016314513762 0.6494708795777513 0.43399767401997374 0.5914660952151171 0.6281528355791619 0.18953124991902554 0.4577376815670909 0.27529976407073087 0.57459532950005 0.46283183110980297 0.6410905564119741 
0.5564872556323387 0.5753487130850342 0.4293797800595059 0.5922859506278699 0.5841450092477207 0.41578720495116617 0.5777076179775337 0.17008993467789388 0.27152203985305173 0.439866453024745 0.70824110969694 0.381849641581959 0.66953946609314 0.7152159640014789 0.3857051906356183 0.2228894690935752 0.49361479448956663 0.46328266555417746 0.3089374386457393 0.7201731785152307 
0.08432862184398517 0.18784765890829425 0.41661417635163167 0.08605684511258936 0.2819291556233257 0.563806013078732 0.42021317951116943 0.46311211417797093 0.6020774871569624 0.33938878417321133 0.22087760732554793 0.24310166147834508 0.2568349960677004 0.29011367396175824 0.5326627011144084 0.5383825396323746 0.5727376187260818 0.22701953436588984 0.3647129269526708 0.27277405488733597 
0.5082513698504315 0.48437754025688445 0.30969363013004864 0.5185315158473791 0.582684660558754 0.29104612752251735 0.4581734406300027 0.17773070741229915 0.15494124209652804 0.3303017949627467 0.6154137467738503 0.32623304910299916 0.5696699965144688 0.6132809404314034 0.2602408497299481 0.29679374322486357 0.3684546325250706 0.44431717999373277 0.31360310531053626 0.6207949213432546 
