20
0.21747040238648593 0.4344035915788919 0.3773374636556013 0.1511909229059959 0.1866048202396655 0.2510039782536553 0.1652530795414225 0.4951845764988701 0.3268655097407671 0.6848620115799966 0.3985794790724407 0.5056145303486972 0.17936264445681357 0.14791822504253416 0.4686963197118862 0.20239345147277218 0.4984989044430617 0.20087708783365663 0.23109176929689512 0.694185454060921 
0.41863649226621996 0.45850948956919907 0.37709616858034967 0.45144830613858244 0.6934829923497062 0.4885323272450706 0.5643457034152553 0.5128405041459633 0.28875726129993673 0.26898989669022527 0.5093912921099445 0.3818798643807288 0.6608591947345074 0.40394672648820734 0.23383365871199588 0.4102697976138762 0.5843251046426889 0.3941949721264478 0.3759441736404187 0.32670051759318225 
0.3056006570918845 0.5209100788821881 0.39521528497397207 0.23932715278353486 0.09898921974701659 0.24487219925949782 0.13133478525698974 0.5801842291243318 0.370967949925402 0.7683482673679282 0.48204491888832773 0.5937536254891677 0.21463760577984373 0.2185741884698842 0.51014661637693 0.2903792426945985 0.5792011712847513 0.2880311012998271 0.3183134328047507 0.7799045751724184 
0.37854830027168185 0.4199167403095092 0.36831455664911256 0.41285173648150475 0.6640089536641935 0.46850430533829523 0.5381013042688374 0.4757238480432532 0.2704544150548836 0.26264198887068263 0.4695413362324255 0.34749270937809745 0.6220883732573206 0.37032924569478903 0.23658582913635776 0.3707093762272039 0.5462083277061158 0.35507649050761264 0.33612915429588086 0.315010947737068 
0.11209089932002148 0.26572966416557575 0.4915334876140119 0.09812481164012762 0.3636302880504591 0.40776544595413583 0.34755173500062336 0.3181204863594203 0.40033579161586774 0.5878823216520194 0.21767494580800434 0.3597222386045877 0.14591994443613016 0.21352611488648968 0.5304882561416293 0.12173370085406277 0.31260518176545155 0.1408703059482453 0.15473248311265012 0.5806533146018295 
0.2521334667542683 0.37867139824594415 0.2535803882877511 0.26743412022496466 0.4952620551929529 0.31337453299659257 0.37148386054387744 0.44689986892265393 0.1329167595191458 0.3923472495738007 0.40507888587880164 0.3551947579624071 0.47448128844074244 0.20428428320707004 0.1957626025704818 0.23687510570041234 0.5021460341699859 0.2169122812410899 0.20822568244245188 0.4272439330158094 
0.21315529485623366 0.43464529867372753 0.2512488868454005 0.1636753869744639 0.25823268682649153 0.16095003807684874 0.14882725838320285 0.5033189137168524 0.19347592735525168 0.606230632383403 0.4200055063088712 0.47551586960768194 0.3011126226606213 0.058278785815241874 0.3352432307425251 0.18981071760644957 0.5268173873147147 0.1744826965189988 0.19959189971373645 0.6268694913079154 
0.061683960447612686 0.2597822531896224 0.36436901403158095 0.08476718902122425 0.40000482425101536 0.3302872390221132 0.3212793886256811 0.3297866407489187 0.2554027039402383 0.4665479068650164 0.2555511009300269 0.3000503055466658 0.2929450269091475 0.11931546345582812 0.3735268878874609 0.044274705982304825 0.3622581534528276 0.025810603897348624 0.024486372979793107 0.47485148327462223 
0.2998213283692535 0.12959858036899105 0.6121639190518217 0.3660593194324237 0.7034172419957045 0.6278186960458405 0.6321122560962934 0.14772069437440766 0.489479129652811 0.2652811218478784 0.20136568713719463 0.011896154454612356 0.5134184375795657 0.42793089024538367 0.5431687883504585 0.3156960069176914 0.22599306725287321 0.32163769109247614 0.2921401069592236 0.23160229526388013 
0.19414354511874024 0.1724199061145382 0.4661898781748392 0.25504587148864205 0.5827807663127335 0.48362983859473674 0.4971823499150743 0.23463704744984257 0.34354399425536336 0.29447328110925625 0.22010569893143694 0.1386344502429666 0.4395660415426082 0.2918022990883967 0.408273975426345 0.20182646014529868 0.29958663628623594 0.20020116145189262 0.17012478250719815 0.2944756193500423 
0.03612536083598965 0.2522118676129118 0.3854517658575512 0.0605523498609729 0.38941636723128736 0.3402668593736283 0.3207227250643982 0.3207426670694598 0.27998118767367464 0.48563158750425234 0.24028776867392596 0.3041814518500706 0.2654551805005453 0.12648585197467732 0.40125448118708623 0.01498037511000697 0.3474590610664074 0.008574813357623398 0.026505130277410523 0.49059335701323775 
0.05129693878556584 0.17377264096679843 0.4633000832972459 0.11484779329501774 0.4511940787917288 0.4224327596930574 0.39703028482089414 0.24039012258462286 0.35260444744090974 0.4609516017408212 0.15802253962903376 0.24356518615613376 0.27273951912545114 0.20858627820617148 0.4636274407592478 0.07398271519129457 0.26517388746049697 0.0908512895913514 0.0749620691484367 0.4549594630996927 
0.2583677477381962 0.34199688506444714 0.6237692461022489 0.24280086899421904 0.3981671461388415 0.5177833426402767 0.4326313412002163 0.3703977105184059 0.5421743660556666 0.7088157066085083 0.274403693823125 0.4556337303523143 0.10644473358073375 0.34901361242430873 0.6759620353371687 0.2700661552035088 0.3323849208658334 0.2894056175097754 0.3020585007962829 0.6919731966482628 
0.13701422794776458 0.3179460913144766 0.466248593705045 0.0940583664057771 0.30933628461726936 0.36876567388967463 0.2994826985261849 0.3719957652649664 0.38519436581289246 0.6240353405270171 0.2718670096926913 0.4070804426591748 0.11622114090364372 0.19116446229940465 0.5210197592312511 0.137330568663655 0.3667067286733811 0.1510069213079522 0.17307932944346793 0.6211114060831091 
0.20165519188933673 0.40462271172698955 0.4291357138193234 0.13910789130669132 0.21874358534751237 0.308031727737618 0.22123549348433266 0.4611499356977834 0.3691974285904299 0.6847404602826286 0.3617599649502141 0.4863182819826638 0.1234533663363505 0.178868689503136 0.5104774159540361 0.19223931748002174 0.4573479271662848 0.19702550882495695 0.2255870345080416 0.688445066549967 
0.2457302802669544 0.35939899726550806 0.2780574805730615 0.26703942238372935 0.5102498670962226 0.33559903942437425 0.38959408803234186 0.4268664382044138 0.15747237946932158 0.3699976199681078 0.3887179125988569 0.3320245358954897 0.47577617179134113 0.21439975953882945 0.2139508045809042 0.2323772733259152 0.4839201824842311 0.21351016738578452 0.20156360751530836 0.40364382969523915 
0.15943081062875614 0.22858290032046286 0.566043406222933 0.17083583763358334 0.43205589863070337 0.4874229213088593 0.42623998934236584 0.2675558576298512 0.4691099215601757 0.5890301628902567 0.16663516816555016 0.3381828661539686 0.1734555408365113 0.28907678547291343 0.5935959051542606 0.1774765744640873 0.24728539193124377 0.1991582375384023 0.20306675325192172 0.5726782341930343 
0.381384199625302 0.5840842732261344 0.07573218819739336 0.3458545949449818 0.3473447476889877 0.08895013630559961 0.20429905817022156 0.6549904572398209 0.13180735631460536 0.6496305700382219 0.5846873820952269 0.594766906114606 0.4860295754110448 0.22748452041695352 0.22301948246847994 0.3575298367212774 0.6914087577885514 0.3375168071094854 0.353649286344342 0.6875938965403621 
0.4366650409065059 0.46944920603242724 0.39439362706085657 0.4706204767327476 0.7141100620982604 0.5082100557614544 0.5848001472533122 0.5220667959003923 0.30833653319699533 0.2601466657046569 0.5220516094267615 0.3888550052448893 0.6799514532499495 0.42441352271303534 0.24806001628028093 0.4288078788716305 0.5945653751945431 0.41305348505365175 0.39425807494516985 0.3200376589490673 
0.20250224996817257 0.14068561719231765 0.6237974692679091 0.24334961707556108 0.538923924237852 0.5677720852942375 0.5206962164483144 0.16296019936841186 0.514996019425232 0.5275622465291123 0.0693131269796809 0.2597719396688806 0.2814739172195005 0.3576391788621141 0.6245493982389336 0.22606227744471785 0.13768935792919637 0.24687765002363918 0.23685189787667799 0.5009662569258948 
