20
0.22842245726639956 0.44113232249338935 0.3998160138728831 0.13034263653117717 0.05103044542530243 0.19736191154667707 0.08340424933530596 0.5264862951179953 0.2855511284331535 0.10940937459368995 0.12409660520689679 0.10440176932908284 0.4532358080540344 0.4136647548613261 0.6158762515771706 0.20479893515611514 0.5158471239701222 0.1703037895857595 0.2684520217872128 0.3546053339544658 
0.14196790340912416 0.25930757373034147 0.32123075874846185 0.1904594514678678 0.1993706571226015 0.23699361972438857 0.14719157352734638 0.3461496566854195 0.11040011147594707 0.08356074504676665 0.21940738314474695 0.1450582688711334 0.34864936616925774 0.31730863918237734 0.4344918989941556 0.05220879601469367 0.3356699989010827 0.22260042807437289 0.21163307930822006 0.21604458767022297 
0.4469554135657405 0.1429004028058554 0.4200699798326831 0.5448246144185371 0.5994380684419114 0.5905953787920434 0.5282073328061073 0.0559982627769097 0.3158130516437594 0.48239662601221106 0.581422694980121 0.5344714107065933 0.3674546452655784 0.38160893784533884 0.11212873148362693 0.3802390287023674 0.06685874917629771 0.5886251425413275 0.4404572744874486 0.2953283130164795 
0.2481542879781208 0.5202942813158098 0.7083400579502444 0.510148860007428 0.3520306514068258 0.19936869778442248 0.45055206775018924 0.6041182173873696 0.3734882203252128 0.348974200932651 0.5161390665233069 0.30104483984850205 0.7312031847794056 0.7027022869591569 0.6029900352552526 0.4389177694019766 0.5974687827025561 0.22664629966990718 0.5940172631565481 0.5901026819479824 
0.33222599717775125 0.5372803195657739 0.4366676358533332 0.156597091023506 0.12703964249443617 0.2749860592846562 0.14857029496093674 0.6193856996868413 0.38881422087491385 0.21476621119769548 0.12600410085400174 0.2040262872583257 0.5001686501543731 0.45878123773007917 0.7162081914835425 0.2949704809573465 0.6085915790491887 0.24826672878399908 0.31071995175287975 0.42509465788085915 
0.22039915812493907 0.10150056117884275 0.40238634891647684 0.39426553246242013 0.3958896083114346 0.36464164554030504 0.3582764951616039 0.18563491176398184 0.10446216461166696 0.281833111690264 0.42685502217551213 0.3221759745655942 0.38815149534723453 0.37721060355911923 0.2295615759891938 0.2175799544910713 0.1783816363552107 0.3651073757322948 0.35084195583613825 0.2507952152381852 
0.19975773756262627 0.14983117692875111 0.4479716401481193 0.41419151194835596 0.3928579545911451 0.34203212486394863 0.3724836392816153 0.22785044034211507 0.11569032760232985 0.2842037116646627 0.44459454176064167 0.31501417632463047 0.4371937371685372 0.4245107644022654 0.24595771241646008 0.24169879632311256 0.22180128409948444 0.3461017370570268 0.3873346071240459 0.297545284327005 
0.14334988987088382 0.4226093490762121 0.4730223019168419 0.2350207533928855 0.07849040672758584 0.08217136678835829 0.17697169526063966 0.5132244332891575 0.25008191993396095 0.10265990282393855 0.23752276154224577 0.03646518837589453 0.5143760031191655 0.4784341436106987 0.5780907465057724 0.22591969288376515 0.5033523412528595 0.056511382726766604 0.3455157169983012 0.3925695966490907 
0.14224403180185793 0.3650040910517413 0.5903224087567681 0.4428701131132117 0.3287007984599903 0.20226272772034645 0.3849564662953518 0.44698742730315355 0.2330448228922038 0.27338314317165535 0.45946817448784827 0.2534266745357799 0.6022592491374893 0.5784550219112699 0.44720695065772165 0.32620503686439345 0.4406435725902761 0.22201473770865457 0.4903263885369118 0.4579034717168661 
0.5133569022708644 0.24101899357499806 0.2668711846636254 0.4855913122694077 0.5995930339339987 0.6424527825218178 0.4926141569483826 0.19337915141389642 0.37648390853602687 0.4923983305510268 0.5214142314406498 0.5564051032360015 0.19659451519873186 0.22686904436074154 0.32086941278069925 0.3691076440900113 0.1918165290686647 0.6316902520584862 0.34303804993224685 0.21302660297810455 
0.19654756152344835 0.12610528452830128 0.4118070652205556 0.3857065698746347 0.37738607723457224 0.34074189143392397 0.3467818609065466 0.2110718066258822 0.08956442107652401 0.264997456040445 0.417223469116207 0.3021308625016439 0.4017468879789135 0.3885342193746821 0.2504626167348428 0.21082419583923792 0.2037659858718555 0.34195363125241296 0.3524488548168406 0.2615246738594792 
0.34228208868327475 0.039032378528482924 0.3744126862637599 0.45331111123776113 0.4956587637313465 0.4855239377003172 0.4312088405946547 0.058406764539943985 0.21023630445004565 0.3785931688495796 0.4892267055312823 0.4293328044353547 0.3375301077110126 0.34032386801576997 0.15166603346387764 0.2822932460105141 0.05162094043970161 0.4831635716633379 0.36639884378697396 0.23047643742312748 
0.34191392017319633 0.26320492114336586 0.12064874014372017 0.21520617581592333 0.35127060763104273 0.4343288493355848 0.22998675215552408 0.31113600098275285 0.24577109406895692 0.2639836327501532 0.25058174407241524 0.32974255934503155 0.14856946520799258 0.11445180338121298 0.4443955583691476 0.15091954719846967 0.30097892477191235 0.41609963470125066 0.07773194463785646 0.06880408600367353 
0.3663725391523748 0.36576233034584527 0.14569457867271726 0.13672635274773617 0.3080020849883953 0.4239401804704626 0.1766176049365814 0.42052336918384364 0.30753160320621437 0.25491909212747826 0.16513687188729737 0.31297244260771245 0.2109576642151489 0.16934048879425645 0.5505538996030409 0.1838067047436565 0.4101778644033198 0.40104947962428605 0.03329248864459461 0.17967945406206026 
0.3259662735689076 0.23624986170022177 0.14151238073194342 0.22713923792881538 0.35120831841550154 0.42523359806906896 0.2352503079596279 0.2862843949227894 0.22327147572145556 0.2573139770840242 0.26340672536936965 0.3235081144902759 0.158261233755443 0.12892101392731847 0.4182022194836836 0.1385491367805636 0.2759908137040336 0.4082849671272964 0.1010539806178287 0.04819877382011206 
0.2588033926540495 0.531697386174716 0.5269804141202697 0.253598152784901 0.08364157744909793 0.15096911791187972 0.21058268589524773 0.6211895743609044 0.3619784907745801 0.19447840510674172 0.23865003273310417 0.14112344971395946 0.5794299289717977 0.5402436197464946 0.692594063746093 0.3140584982444518 0.6109971071511828 0.1290625102784115 0.3956151291405258 0.47411582422477677 
0.13419915795905338 0.442179008163314 0.5483576562874799 0.3254711731512023 0.16541659780653334 0.016243225039086852 0.26653509061503755 0.5331463214054996 0.27003722042757056 0.1751057012045603 0.32926835558318934 0.11729752339381139 0.5827500522989053 0.5494009717656608 0.5760947217693776 0.2866227452723906 0.5242021420190667 0.04086216743695805 0.42515012914246747 0.4513589461054824 
0.38225707311235874 0.2230739737743532 0.12877340034501764 0.29877587258434724 0.42489917411424716 0.491759517701122 0.30958388990073793 0.24976591732814923 0.2636279312128567 0.32740985908780784 0.3344062867326121 0.3935432929796545 0.10799015311358956 0.09707183671857032 0.3898502785407646 0.20495438571543975 0.2406461960416168 0.4763634681493592 0.15800583799271786 0.03951558520833251 
0.41885903088509885 0.11196521397832417 0.3499120110985186 0.4843686689038476 0.5530004886081841 0.5596450996586781 0.47222955268703676 0.03784836229968854 0.2818409366639163 0.43688646661601177 0.5212144461460306 0.4932676498457998 0.29850676498854867 0.3115876265062779 0.1738577956474656 0.3268390962355358 0.03815256367113616 0.5547349575983652 0.37320178551483063 0.22717557255131274 
0.39894174074978284 0.44030448839518177 0.20445581438317448 0.11488231172725143 0.2957162518492257 0.4305702399118365 0.17185735380059597 0.4983894473248722 0.3637477682248687 0.273591986415099 0.12681092656323276 0.3210477160200494 0.2765173366393188 0.23571175960110952 0.6263292280097033 0.23570159738741409 0.4879483031395799 0.4052874583676308 0.11213498470204279 0.2586160420401047 
