20
0.35090376203664897 0.3261013668662409 0.06334597180625172 0.20879103778161576 0.23343421733236058 0.3695944923929036 0.3918587695333257 0.4180316411531458 0.10937567934113379 0.08741200610055883 0.4180664144438822 0.2648272482793461 0.1379239727048258 0.40951810381504755 0.22131078943847518 0.3810760221204711 0.5553947421519163 0.06632636876718764 0.2746443436865045 0.16742123891272184 
0.3578800947069937 0.3497560517707032 0.07115253592812139 0.1406835634819971 0.16304252888265766 0.26693645942907324 0.4261714632303111 0.383692369552893 0.17777119861501006 0.10200258528208926 0.31710872678535207 0.2730089596392524 0.20725945140373828 0.42744107459079705 0.14561360375289045 0.4317839532383358 0.46866560639445054 0.0878905254452722 0.3307665568446123 0.1333350823532502 
0.39276327647361714 0.3758600116505532 0.008568501250258263 0.20135275901419059 0.1644934559587732 0.3190507549905807 0.4469206863312478 0.4366540554573285 0.11473408191825549 0.040459453264347606 0.35882577248686126 0.3060975060928852 0.20275272774489375 0.4573307068125102 0.1527327553522822 0.44241921020621405 0.5321619770923739 0.02419898031955312 0.337092165721994 0.10253903994355212 
0.4243071576707249 0.3909092693414054 0.11571406584033257 0.30130603423941643 0.2658793844819332 0.4433257003035914 0.4465226810482462 0.5061708410026764 0.04320689265934263 0.106625058257092 0.48032553494688046 0.3410962357707055 0.18529220905490842 0.4748846080292731 0.26017044980026627 0.4222897855370856 0.6460056895070956 0.10309232973929144 0.316969339533309 0.1826982712001283 
0.17858811499900878 0.19472701751247798 0.2523650578340189 0.08623091040010716 0.34366152790050086 0.31130053288347376 0.2768273142264115 0.18828435771852364 0.3405374306852823 0.28873206905331855 0.39397727034383473 0.11203133639162667 0.2010754490620917 0.25480712984475223 0.32354727269039263 0.31044945385604017 0.3704829498652219 0.2680929910502757 0.2406688918262745 0.33168216415758556 
0.5520968998984399 0.5361781787971686 0.16096010361062382 0.3338467189960707 0.1166542832321058 0.35162302361799597 0.606454740614786 0.5820928295859278 0.16433910811744717 0.12986653934201284 0.35146964065313 0.4656553716207554 0.3548329430957454 0.6175914370891932 0.12776463711395852 0.5982501253864272 0.616585531150509 0.1518810791893912 0.49180804472215783 0.06724314322403929 
0.5322264232279363 0.4921055570029395 0.22937777973725246 0.42486022782919947 0.3444594086572449 0.5502455405381781 0.5367181090940402 0.6260807297864183 0.12319158555234866 0.20741061052085538 0.5756917653275736 0.4529722413086567 0.28616704830641715 0.5745595796240625 0.3450044721011273 0.5001007802775326 0.767475470991139 0.21366239689791588 0.4015883051857546 0.25886254973374323 
0.4953949727058233 0.4900480669558101 0.14494113436943062 0.25096535329679676 0.02572548941459064 0.24542399974225237 0.566807964311617 0.5010205246281593 0.2111580937994279 0.1358630562483337 0.2542682192509082 0.41194656434591054 0.33818913866247574 0.566621022442547 0.022337012844897246 0.5710328860372975 0.5103617525366134 0.1476364735094983 0.4682454534836412 0.06447960855777793 
0.22462200103188176 0.20716744765194564 0.1694674924153959 0.1389477466931601 0.3087159728224006 0.36000987408547563 0.2811932172015299 0.2948067735272217 0.23663443064113127 0.20421528337218645 0.4297742496301012 0.1379184210057485 0.0934952887792916 0.28808480903489136 0.29107228816525715 0.28693544732815895 0.4787858754336555 0.18158747493563526 0.18917043449810014 0.26865291211413417 
0.5223104822696344 0.5322776578518007 0.2578291791414533 0.25752873071423843 0.11929207843028168 0.12823171221981852 0.6137855421423347 0.4845993094792757 0.3427846046267473 0.26122041097075915 0.11789541205566689 0.4488731978776044 0.4240498853726521 0.5983442536965252 0.11419940361076297 0.6328245045589119 0.41326937584585915 0.2664152430933804 0.5386824770532549 0.20066300014480914 
0.3873249535493692 0.4319864628229919 0.4377877389412759 0.2466613560395224 0.41735645117953574 0.2144673903135579 0.504409715600867 0.25720257986694456 0.5442071372583247 0.4665863706993286 0.29107802872248745 0.36562815449438557 0.4697296169032619 0.4546394792486923 0.4000923612509839 0.5573977864053811 0.10298111373295493 0.45447196144611685 0.5081300840303556 0.4611105517477307 
0.4832943465562294 0.5234088544675202 0.45903091400163815 0.2983880049034455 0.39743463380714045 0.16498927643894457 0.5993476080011821 0.36192334705587353 0.5650174753506161 0.4820498461160987 0.2182128130804162 0.4508094678040016 0.5306110950853135 0.5536641888021792 0.3835873486307763 0.6477919748155229 0.12945361663562568 0.47449622454901963 0.5884356796085106 0.45787622823955776 
0.427224871105037 0.4415042919937361 0.2295800603036304 0.163372577080879 0.1626669042771872 0.0982448635581111 0.5236070178732212 0.38500129622259077 0.3313509219719956 0.24664757708348928 0.1557758380735396 0.3577644942433566 0.3583770868837631 0.5037473726806619 0.14601663618850919 0.5482656906030166 0.3459263417119578 0.2431098804741735 0.45993939574491377 0.21616918226947596 
0.4048283162008357 0.45847785858806905 0.5409128585935989 0.3384697847061391 0.5347116931944388 0.3316403493498237 0.5192402556774776 0.2495190578423881 0.6456228818925347 0.5720678725008309 0.40348406226373995 0.40849770828162163 0.5413181131405785 0.4593701939305175 0.5169750267153872 0.5813530703659364 0.08164226590768459 0.5578893945892496 0.5526775702715856 0.5741008139993501 
0.25276636202621167 0.20813513523824956 0.22183379568685666 0.26161659212715227 0.38854056523644337 0.47859348710493627 0.25434947787807743 0.37279119003038474 0.23374404288168554 0.24569404931205047 0.543344095296151 0.18340549141293225 0.029985825878337476 0.2899298277890147 0.37429554176385293 0.229017448940446 0.5959030484992217 0.22544830584637168 0.12314928548014731 0.32666678261206905 
0.18203044722178185 0.12288482555868706 0.35979032647810966 0.3341605403358761 0.5190744680595063 0.5662695812735888 0.12529001662314257 0.3378779924663826 0.3785624624701851 0.38704362606478093 0.6417730359971365 0.1650417872412121 0.161796079724257 0.1812907810097587 0.5028343809120743 0.08434127400656975 0.6187774951922328 0.36574388700881555 0.02742972538251405 0.46528771704315147 
0.1794269656627484 0.23745004034464964 0.518266666522637 0.33528870345114203 0.6000304557371443 0.4927601082733095 0.2656185307115549 0.087237555895594 0.5994250114078095 0.5547095374545241 0.5810263758038896 0.24109759263080757 0.4116061841193639 0.19715082389874328 0.5796315769557094 0.3363569714456744 0.36654033747782416 0.533517410992923 0.35245142095991433 0.59745045523193 
0.5970912812258019 0.5936587983108752 0.24350436081048668 0.34477555195890003 0.08249010111605748 0.2723760139093107 0.6708852722180382 0.5915870794667755 0.2866511637031495 0.22634365261387315 0.24522721751771945 0.5146866280408183 0.44053432449276714 0.6692951221091056 0.10189725861423864 0.6751943011222044 0.5565273765328459 0.24272584092347854 0.5720166079730227 0.14296566955130152 
0.4781283048535331 0.4829971654525626 0.1939153210540875 0.21646907503960158 0.0773022945886927 0.16059977713384643 0.5634939103192875 0.4575755437828131 0.2816117299499631 0.19875295895956238 0.1764882839627827 0.4005958225871601 0.3629295739991332 0.5529967151820795 0.06350437540616598 0.5782655254180419 0.430818434950875 0.2028821954570379 0.4814482964100846 0.14551145834655824 
0.6105929257483589 0.632173055425224 0.4050433472265786 0.35535101350198767 0.26529264263038266 0.12947589363579928 0.7142824585836051 0.5359938772748338 0.4926079944686866 0.4106244762350264 0.04375485972197922 0.5490221949157327 0.5562466416511496 0.6871734184011241 0.2630918858073839 0.7438899523952228 0.36703646195592576 0.41471272881416515 0.6582985169300153 0.3494469884151903 
