20
0.3242456894886284 0.552070209667704 0.10031723133934799 0.5384159555515603 0.5429889564278165 0.29424628904266853 0.1086759607222539 0.27693514803240304 0.4348645530665571 0.5703857911709431 0.16089922504983906 0.418500917484311 0.07416768452655435 0.2973922616018537 0.2615388020525909 0.5451115507010842 0.1992749123856403 0.27136483614358986 0.2590539128140628 0.4292236021268946 
0.4865407041563672 0.5992758557979535 0.14045403803659026 0.560523301961599 0.7172266129174457 0.20221252072320667 0.32644135671143804 0.4831477505055993 0.6528409058422517 0.6629667261969789 0.2428681684978114 0.3404177790901491 0.19044877898966897 0.5111478484271406 0.19306892245912446 0.4722939754564528 0.2653155198752985 0.1287720707497721 0.4754680717066144 0.4220066120541842 
0.29019340213180506 0.2586028637998972 0.36600921959670185 0.22193195737934435 0.4890340399214362 0.16534017149874278 0.3970935321677157 0.5598207248514551 0.5820511130208285 0.33827484916111034 0.1715212820838517 0.15091897422009676 0.3841196642007819 0.44202290368985414 0.15415650689111893 0.23737045214407287 0.13424710606580956 0.23881781969685856 0.43216890621304493 0.09769522221506098 
0.36432075147171067 0.6929763043681433 0.35869201829135144 0.7063902001515029 0.4861863648310872 0.5649830535144293 0.17592677481669677 0.0390121935310376 0.2269368070871981 0.6538075819497545 0.3924643326956676 0.6706773373616504 0.3093833651222784 0.1832654446713215 0.5299399862239341 0.7834911323223344 0.4217319368003377 0.5533846620782239 0.15395346264423512 0.6382340072379294 
0.17596811267995607 0.1722540341805735 0.5289337495953059 0.21775877138008945 0.25907092622686234 0.4180826100567339 0.4565460912736734 0.5670789404119707 0.4677311828931988 0.12040455712597103 0.32246514819597993 0.3917161768126681 0.5237404236541539 0.37127780464829413 0.39851677850167716 0.41642751588419535 0.2941359421209637 0.4831489712795849 0.3879914947308905 0.26081572134638487 
0.15903808403717212 0.3776828106984573 0.26713420705069957 0.3757286943657888 0.3897859182599016 0.27116271773319023 0.2074630049458141 0.35726347592342517 0.38950314581584056 0.38533163825379735 0.09270745201337448 0.3421137384327641 0.25768592473776036 0.24334748442298823 0.2371410283219752 0.44410402703676866 0.09793036927594126 0.2999168625365127 0.22770882678093565 0.2954987297859211 
0.2270877644462964 0.3291714366710015 0.6436438839330193 0.39041914085146695 0.0932760379593189 0.5913237717364856 0.5187091784918559 0.5760164104309604 0.39281450079988517 0.20433457306500377 0.4608467395748364 0.5796606038828858 0.6253507450118022 0.3577503455818921 0.5670407186716394 0.6041457754355661 0.4425910956404616 0.6482671678813475 0.3917409318997905 0.4503635572201535 
0.14316208507055964 0.3440350755329972 0.5594497097138598 0.3946831976218425 0.09471465799297661 0.5342941859990666 0.4273995320446514 0.4853097386868575 0.31934403647817333 0.24298218544253372 0.38759239113829475 0.5424704820824341 0.5384682177439686 0.26767567393617353 0.5068404940334891 0.5866102541233044 0.3743377526186081 0.5843245972262255 0.3002980180316277 0.4247200427004674 
0.19641933561306904 0.5209559087794197 0.49072642539735517 0.5572051254010749 0.22086693978405497 0.5720249190390909 0.31131277147675257 0.3054669674767515 0.1183716892671063 0.4419722077292102 0.39113804243796435 0.627657639703292 0.45442862728674754 0.10102867185837508 0.5381041479857602 0.7062652542593119 0.39822312867070386 0.5971854258972902 0.14424034162938748 0.5422319939514657 
0.32491503522817944 0.6380219659007413 0.2761874389558951 0.6448955653014167 0.48394113189625715 0.4808149341586458 0.09017109710602031 0.08665889592120744 0.2737305740069991 0.6133755478508288 0.31225132319217846 0.5902210635675461 0.22782502305718755 0.1792978106412653 0.44601262688107207 0.7064253908234421 0.3436582458850508 0.46764604537592197 0.13794663493943946 0.5664322243791273 
0.4863897345276427 0.2730787201096569 0.5473709470783785 0.202902250302909 0.645380459660948 0.2749664099323717 0.6124326845062701 0.778192043364774 0.7914433263128199 0.40525670764177674 0.382927492889391 0.13548909033014683 0.5764804501009159 0.6564653531724742 0.2937110009977745 0.030942186101949824 0.3486718258587818 0.347836793959345 0.6496016170772004 0.1398268378232674 
0.3616639093687748 0.389699376586818 0.26766657408763495 0.3475143810671016 0.583158427605822 0.04641501959452868 0.3585656700727334 0.5314548100897968 0.6137399029401084 0.46771026469344845 0.1422030607010429 0.15321129375296572 0.2984118730703378 0.4661469365065146 0.0221841513340564 0.28405518637504373 0.12821071250309998 0.10753051453123633 0.4445183337932372 0.20857680810390405 
0.11139889944032054 0.40521878567804936 0.5000435911301552 0.4462440969392649 0.1429561677182216 0.5187645514652799 0.3502427146018464 0.39518849818505414 0.23741121164295081 0.3219222579553958 0.35271725422174616 0.5506303475278438 0.47338115399835545 0.17697823068134833 0.48777252240194874 0.6138575079834137 0.3482695949187051 0.5582100630310617 0.21139685105712183 0.44888029446863176 
0.10151231833335678 0.2405549618013514 0.4354367707572532 0.2646568342941864 0.27501180851768825 0.35770849386281117 0.3602167239572009 0.47828402721775964 0.4113706938255574 0.21747912571799577 0.23455766493432845 0.36295431959082236 0.4279806683626115 0.29578535528305383 0.33268822009668575 0.4185213242116406 0.21124295549568628 0.41394334455850434 0.30561818267798213 0.2536392166720848 
0.30081416683028855 0.6211754485463209 0.2995390051219519 0.6314237799780636 0.45166469101904844 0.48791981929354067 0.10636568436744111 0.09530775524284818 0.24158314007060583 0.5905131383880131 0.3133824291974818 0.5914847057897864 0.25258365837575625 0.1458848966992468 0.4526630178822293 0.7040492268371105 0.3423034547724905 0.4801238779660191 0.10542466949981145 0.5595606223175607 
0.2000009949416455 0.3705927248443201 0.24861978388250766 0.35959537960927956 0.43034368991641786 0.221859315972416 0.2286313657219042 0.3894555920350057 0.438023205478305 0.3956705005685878 0.0481132952816762 0.2973057659685917 0.24840012137359438 0.29119130408399113 0.18789857106374763 0.40500808905819125 0.04906592530601703 0.25262592700127046 0.2731482642078289 0.2642899648359142 
0.5674774292956734 0.7135730483581463 0.15886814030800622 0.6774387718665799 0.7945187625587489 0.3211299031795461 0.3490182035942541 0.47731621118784984 0.6856006114088269 0.7694909185963984 0.33821725977437034 0.4582959128646287 0.19863530469050292 0.554550403652887 0.3116521022923837 0.5891628224692499 0.36702511559581835 0.24595961106021494 0.514440596007091 0.5401649272274341 
0.4059834346075453 0.21546659979612803 0.5008095202750886 0.14932778769935623 0.5671280283106879 0.2462841318076534 0.5465054016911748 0.708537445691938 0.7119749470612153 0.3399867864293056 0.3195798198236549 0.12746019337055026 0.5248648346949982 0.5786011666980875 0.2560668577166523 0.10780502803415315 0.2831412213104721 0.3247080914998936 0.5733922915428016 0.060037094579424403 
0.2481197946088941 0.5862656428322022 0.42158892645206153 0.6119665233957203 0.3322771817302831 0.555685318205116 0.22915420091833297 0.193230828880672 0.109208718911704 0.5262111802462568 0.3709168080619264 0.6345831835177639 0.3791971138357967 0.053030921112080624 0.5202671144015015 0.7299028208689339 0.3884782959085044 0.5660216681617991 0.0698891809014725 0.5714321047380168 
0.5859419210872233 0.7480223604531405 0.16977557975940555 0.7140878752503822 0.8100866277971566 0.3621275750568572 0.3488672631322559 0.4639784797470385 0.6841557991189302 0.7989783777936165 0.3653098062154472 0.5003265218908707 0.20116892427694577 0.558340274657202 0.3508457718252118 0.6317313529813718 0.39633454771556786 0.28819392419011464 0.5170510883023682 0.5783317316625592 
