20
0.2836000109291691 0.2663243978043721 0.3195864976380916 0.15757531627853366 0.22914781043532614 0.3696067492678828 0.22124102432720885 0.31612201061672857 0.2782167455708706 0.4829908157355616 0.2617500026077121 0.19156756874519956 0.23649354334547346 0.47073207306743203 0.32338861430219984 0.3919327850570698 0.3789076644139701 0.42136090025945055 0.24379344176666487 0.3831005750215036 
0.6733380930416567 0.4856965185559624 0.07555760092365589 0.41089046392818035 0.33644053912299904 0.5755276514869438 0.5768812821347202 0.6431483769819509 0.5716870921657201 0.8190699640045235 0.654085521048467 0.2953876408213814 0.5028166614350849 0.3630912072308098 0.6674549180167537 0.6583376968514671 0.47927278929317035 0.5995147799896176 0.2527220129980228 0.18743605092350213 
0.3030889127741726 0.36747178548085707 0.35931796266384974 0.26068730532029805 0.32849077278693983 0.26640879138434 0.2879286138994348 0.38918596704807906 0.17932895905420232 0.4040908311240056 0.2477335434200939 0.15816493917789207 0.3333185993371498 0.4169179867324926 0.38739188253652024 0.29147600016063 0.28855295129903896 0.3188843917811121 0.33002828921789096 0.4562401224521305 
0.12860980474894976 0.20747296683430064 0.4975510983040186 0.18208776305954147 0.29360141927161243 0.5050408231828716 0.02330387507937295 0.1233082273974829 0.3793543885506688 0.4886898605566352 0.185163250223719 0.3980566779503538 0.1535337433817831 0.6755607988885927 0.11869139933449939 0.48407831216056446 0.5552088190792926 0.5611402199558163 0.35755901508498816 0.5068973667385639 
0.23757635476012565 0.34115459417324095 0.405868913345751 0.24381183470083492 0.3300721089839612 0.29865463737202486 0.23384431458302166 0.33580206616089725 0.18696045644465956 0.37888227947302267 0.18473582713509354 0.22190950316212577 0.3002516648346109 0.4820443568556814 0.33000377200212 0.30058549050907324 0.3425586673209303 0.35391643245541954 0.3478092304037517 0.4849582342858383 
0.151980479738605 0.18245789276021135 0.5021905132504846 0.17502742779964178 0.28306897402864367 0.5375061154321253 0.011293465336999724 0.09296348759748246 0.41289542031649384 0.5219312722110226 0.2172834612974546 0.4184475529518459 0.1288765563959804 0.6972889748075939 0.0968074886714218 0.5182600092200482 0.584015214385824 0.593520981861015 0.3523784498724083 0.5000697864058996 
0.37962562320172905 0.49036990091408766 0.4197282479946669 0.3832681922241031 0.44434776138623316 0.14396668486428488 0.3973437037311784 0.49926842678159206 0.09705306180899351 0.34669624874356614 0.3007020183544177 0.18101212220968188 0.45534257790569965 0.3614824700176813 0.49188387232914266 0.18818444336412907 0.1841697267071114 0.1959659860746102 0.4340666550181879 0.5441833828468479 
0.38625774415824565 0.6178711757301487 0.6259240754097429 0.5265725907847012 0.6116520840781235 0.16728303939775127 0.47040712376304417 0.5627487161386477 0.11366561452193899 0.14810612007695775 0.2894423201970667 0.38828185352723077 0.571780771341998 0.5228797447523015 0.5406878116496194 0.06544004038029388 0.30243070842015884 0.2034619354110837 0.6188898293618372 0.7418667907133755 
0.2804588682245909 0.0537706955262828 0.43663333852734176 0.105496157632485 0.18099451537361755 0.6014305396178811 0.13744814755720455 0.14506021764284116 0.49034541691284556 0.634895525093123 0.3369353098825389 0.41876530403471507 0.005979141086625294 0.6941034421405545 0.17995701537656353 0.6023258708783897 0.6209032617236098 0.6556007029591298 0.26182795948317794 0.3993697543493566 
0.6424148260911398 0.3684094197941744 0.19072991657772487 0.33906986308681464 0.23037065192448228 0.6948048612559813 0.5164389800352684 0.5532406702494544 0.6525612363843752 0.8821111152424121 0.6535081815664867 0.4034998581937016 0.4043156615109148 0.5565696764000442 0.5865334814461857 0.7565548056587487 0.6279045249181296 0.7307926233769917 0.16664711703208815 0.025228159850589828 
0.19672063330339395 0.39260344895693816 0.492886383182074 0.3087697321168076 0.4056721438109909 0.29049308974342747 0.24638030459121915 0.34342588788630146 0.1588642185617668 0.3002010720784687 0.11738364896622472 0.29635654607591244 0.34517147399218867 0.5367368949088789 0.32720311896264404 0.26091366911897207 0.3677061647410658 0.34646443001141125 0.4311472751762827 0.571063111670479 
0.30002131138491683 0.06752249252160519 0.3778063175607398 0.04800507312763134 0.12983324659054193 0.5661479347570761 0.16149333434257174 0.1967775260785278 0.46281714705618326 0.6276236193734093 0.3409863403471581 0.3657613578035259 0.05369355426871638 0.6385428799710303 0.22724151425815337 0.5764410315675568 0.5755476474282994 0.6189945802559123 0.20672274974355626 0.3491989132889337 
0.14307008862541515 0.4414489275859348 0.6117083631913134 0.38235566123582876 0.4903583454051883 0.36893549611906173 0.2602813423112089 0.3354529373929355 0.23662353266811728 0.25275502884797063 0.053961204391394964 0.42146222552377843 0.38854439091593457 0.6550080126175409 0.3062672136016532 0.3044827210719276 0.4703296988282645 0.42132415864765826 0.5300158605367807 0.6758886537783163 
0.18665649688774197 0.2220411812823374 0.5986018990570655 0.2619905216169627 0.35649071602924054 0.6360572550275183 0.11720593916923296 0.03193080051591005 0.5068609758578436 0.5798139136027891 0.2780339603201194 0.5285685661532284 0.18072782753563468 0.8075392243426904 0.02220296322618189 0.606039734942847 0.6907406119372024 0.6922552292856243 0.43453116744097736 0.5757108774257933 
0.2944525451891328 0.5589061678008819 0.6338729735345581 0.479167265905971 0.5755040643043712 0.2524981512508361 0.3948102648797826 0.4804602330312908 0.14595384160493324 0.1305007565087023 0.19901584039118303 0.408497730535234 0.5092420791342046 0.5881321532644095 0.4546168247698292 0.1645157906901414 0.37751284651635614 0.2970016799168215 0.5961778823924961 0.7306347170993944 
0.6238239302871584 0.703280948568691 0.48571646776482885 0.5912582784086093 0.6214433882985112 0.17347607698867287 0.6377533793645275 0.7395175720711558 0.2909421271291941 0.48252364275382686 0.5405353427941804 0.28849735957174055 0.6770437497671505 0.21122017151375613 0.7348950068458207 0.27930342791082075 0.0625699234917584 0.14674649906404727 0.5826369973315255 0.646088066036571 
0.5520130198038028 0.29326585211865985 0.16585141292358116 0.25077139592161835 0.146833429090807 0.6216402636014896 0.4285754739948296 0.4717560195916039 0.5700037657222212 0.7947680257887779 0.5621514409278418 0.3351438560990347 0.32333004943947674 0.5254949094912439 0.503135127195782 0.6767658563841557 0.5669196746710172 0.6611340799965644 0.07550874823540672 0.07482942339741556 
0.6466334205714142 0.5277276511584325 0.13960472803883608 0.4324960627455963 0.38958264143523474 0.4614250093754957 0.5751855760105828 0.6567515246937943 0.47958077020059725 0.729176190304296 0.608837414874836 0.21039579371986736 0.5314412548928559 0.23147579732034582 0.6738229266767692 0.5531276742331833 0.35333137829360145 0.4789408566982195 0.31431728727257663 0.30342307525006496 
0.10797983031518571 0.42573139883457917 0.6277835043486912 0.3770388320575273 0.48771721263481604 0.4123461611084943 0.2385150325485187 0.30450989088038416 0.279356371589364 0.28550429432407665 0.04723774279766258 0.4488997060940333 0.37202496884401737 0.6907387180722147 0.27258352446419043 0.348550274129943 0.5109816857841221 0.4650710617027981 0.5336273877642139 0.6816753117202458 
0.7333702556212119 0.7225098367580918 0.39523357184677155 0.6134286079887249 0.6067893008352947 0.3582637447691818 0.7095572627488865 0.8062405920572099 0.44703584376437727 0.669099853164902 0.6652469418997087 0.2997357599323156 0.7104850178440492 0.02829902886310222 0.8116029124092744 0.46668953292766513 0.220510744053402 0.34388008594400665 0.5454399359778676 0.5616594843860465 
