20
0.09703941164250242 0.15971671505582902 0.34873878955262966 0.14524745296797104 0.1643199862273335 0.35499528673915637 0.21321167710140543 0.17366379021917652 0.32852992278050647 0.30012930051125003 0.07031860330673184 0.2276026553252888 0.20904193568210033 0.36867938094199515 0.4900765534253903 0.4269297341865733 0.2639679247950104 0.539508318905337 0.35482406481637896 0.2878210164372349 
0.28662935366418696 0.2508809142483381 0.3129729587254142 0.1114602945253 0.2577021603194243 0.5385938508951836 0.0562145638100816 0.35093247460500476 0.4004789937257643 0.3526030423707813 0.24553631814703547 0.31534658734115517 0.38152140268345053 0.5326771880480413 0.6800910926118229 0.616557512422734 0.4239607702391468 0.6893373414362396 0.46510294648242856 0.4677261989398899 
0.14434157244042436 0.33814940493158524 0.5446254767498657 0.24844498446632046 0.11136869021831845 0.348593192906518 0.38851574594375454 0.07467082221415783 0.4896516186019709 0.4745723126105296 0.21842163759202604 0.11235764114479875 0.06588151697363574 0.419209452128341 0.41746970445441905 0.3246531728388394 0.077363285278285 0.5963952603953094 0.4834072672304445 0.31187463445096963 
0.4690344671271501 0.45724996042630417 0.59304240725902 0.6786945751165977 0.6366984972052763 0.21662163787748717 0.690342728767932 0.4897185297598953 0.39355962969362324 0.44101076356223734 0.4641935718529502 0.6702432983688121 0.5010459864290822 0.1655994258756971 0.2758921323654882 0.3543680749071289 0.5437701279861926 0.08188043920188734 0.2939517887358486 0.2561883479063309 
0.3387273210041256 0.46290576483993084 0.67253406960482 0.5577058701899839 0.4537818233522863 0.15853200312957655 0.6437476841160815 0.2967235760991425 0.5149503176805377 0.5370509604647649 0.38862102775661117 0.45926395365160083 0.2843831961998824 0.2718042688840654 0.07065699180656432 0.039424868290493166 0.29518229930706735 0.3856056633780281 0.44327770189625937 0.21497568758491753 
0.07816207280752087 0.275723739205772 0.4913905334766511 0.25990428808342614 0.15860952737110987 0.27437913492539096 0.372494520265544 0.012816352591283511 0.41636016786588675 0.40623212579986107 0.1573855540102849 0.1848214156254471 0.050119594654233594 0.33805116711092675 0.365591012187319 0.28438111428011775 0.11325364568375455 0.5158243003035343 0.40364298958548966 0.2317297313488644 
0.43829336701328375 0.5831801219584809 0.7967273868647368 0.6443658598852297 0.5221677718536585 0.28636973384597864 0.7481179860480025 0.3773564761456334 0.6430879541671082 0.6640601403345154 0.49839458433437256 0.51249748121764 0.35456114027973284 0.39748144375710065 0.1401935183030652 0.11418495075818176 0.34220481250428236 0.49231070106850267 0.5713617260341828 0.34260541805090106 
0.1686229843599302 0.0424534782124434 0.24463774514157038 0.23156050562542677 0.282913366361975 0.34241939003003813 0.2096443574064288 0.2595671686725492 0.21315092253015214 0.18168943615733832 0.08951183578119046 0.3459818195609746 0.2968883116885962 0.3177572099558542 0.5020999975363052 0.4616081322291442 0.3589053186166782 0.47086079833056915 0.25479728451482925 0.26853139074663307 
0.18772866291704854 0.36639120846280504 0.5594007447549464 0.21891623702460233 0.06976865508251773 0.41494155863394006 0.3740905966742418 0.1383329924167426 0.5273547472414128 0.5063368354993982 0.25091743379376175 0.04495484420920359 0.1334124812870741 0.48094075694523464 0.48379358134923256 0.3889564324636694 0.1281810499767877 0.6589274158176579 0.5313472769976759 0.3749602172753197 
0.13774121729910777 0.31127056977448775 0.531955979676305 0.34655373034006387 0.24427135128642008 0.20306572015008598 0.44741972339438274 0.08509275382295603 0.4242867780259094 0.4254612519083156 0.20626026829811867 0.2602575417454785 0.0831611294624155 0.2875296311922813 0.2774030032009533 0.19725261588709928 0.12756848251764136 0.45977844809093915 0.39059538457681436 0.1791888016042115 
0.3736956064935386 0.32689616455783593 0.4568075158653472 0.5662140325749249 0.5461252079232144 0.18593228599856984 0.5613963502260659 0.41538810389885544 0.25822764608537985 0.3045344048980664 0.35204159346260233 0.5888869367991371 0.43537445938021063 0.07448422005803668 0.32246518419157 0.3664391885458036 0.48875161662265787 0.11739523272636372 0.159339067053518 0.18221003472332267 
0.28035848817618847 0.3796837231454201 0.584843196622794 0.5048306807212658 0.4200111902096329 0.07002930470429905 0.5738706044092166 0.26100025040374625 0.42408924656341335 0.447075166790463 0.31749218882986124 0.43805227311282485 0.26011899827521445 0.18605188367242628 0.12217806068874777 0.11480556495632599 0.2903395995805886 0.3218539035843948 0.35297737428517795 0.1249299152565445 
0.344854735436532 0.3421629221608123 0.5018579932298058 0.5540688504486401 0.5139151821616104 0.11449099670296421 0.5720206193201626 0.37107051878459973 0.3104719583674259 0.3502292814713306 0.3398950117130723 0.5501104891560306 0.3859208961080619 0.04539642279621095 0.24497929307215952 0.289742033845462 0.43398534690112434 0.15294732707202446 0.21748143947338802 0.13415563437741956 
0.26216512534128866 0.12118567465809243 0.17733479111879283 0.22343988208709079 0.3274365770500408 0.45246636327723294 0.12365587463776796 0.3497359627232243 0.2453680691510441 0.19586377664500992 0.18888550251450492 0.39256811324998464 0.3864785468780155 0.41798824881479923 0.6134206210317679 0.5714723165616424 0.44409736440458386 0.5569541221790466 0.3186721309032236 0.3784758680214095 
0.22095034680597203 0.3366092288084348 0.4913752406240379 0.1029267529363982 0.0699761434829438 0.48951194856536323 0.2672975315036738 0.22560343328420196 0.5072141369413835 0.47410672882267174 0.2466520495045675 0.10653922614907997 0.23943707742443276 0.5302844903037135 0.5879816703097049 0.5014417240057434 0.25534278264912824 0.7067627015148743 0.5359445735592098 0.4344550446130261 
0.2349844223794852 0.4294236261895207 0.6476344752683236 0.38770889230641137 0.24868541149506668 0.3134599971972215 0.5213898775201332 0.14516549279625 0.5557946265243222 0.5530664585414865 0.3136745217826394 0.2291749703564659 0.10842492524181495 0.412944200401493 0.3234256883973967 0.21978980658477978 0.06259894217550378 0.5774193868758314 0.5249677599328607 0.30724538007056773 
0.32742844283049494 0.4950039918238154 0.7146376033185291 0.5208565803179476 0.3931409207598278 0.25948970649201064 0.6355772570089135 0.25563256100912896 0.5838686453271976 0.5952776958689469 0.3960700650325523 0.38127602300846775 0.22875790248744038 0.3751132753498226 0.1939075714354236 0.0923863344677794 0.21112515782847685 0.5103053109093787 0.5280533366908144 0.29053761471149814 
0.3971441293856841 0.20061638433139212 0.10734390267330432 0.43978411510755017 0.5192092230416115 0.45819966589664013 0.33210743199868414 0.4861973210538224 0.10324696902435171 0.07295654763837614 0.3202484108025538 0.583133611203327 0.5225838254789092 0.3728966566116128 0.6300153350678074 0.6246293498736794 0.5867066994538479 0.4465153551852357 0.20150844536246237 0.3942294711953821 
0.2515438259601573 0.11799734837367282 0.26136844699270473 0.3839838894509873 0.4090903404626864 0.2708616159775734 0.3503642848568333 0.3301142140901189 0.10287803902161079 0.11724366138924043 0.19165156377482306 0.46603415994049047 0.3632745220146576 0.20035022551314605 0.44292721884704533 0.4354664854937247 0.42737912258703603 0.3261382332952246 0.10167535005711435 0.20498079853770843 
0.2937280877319354 0.36149178279903016 0.4754232406699696 0.08874089942627307 0.16573291307493723 0.5669676981923494 0.22352686288424434 0.31548544677160834 0.529206172486608 0.48859073246364465 0.2977871673515354 0.19716153502170944 0.33289046264823363 0.5945035781593673 0.6767430747058781 0.5936641461967403 0.3515877681189825 0.7668783289155972 0.5737554296106689 0.5062945865141179 
