20
0.36923349885378837 0.2364976044986767 0.29713127860719074 0.3935224853069635 0.5573847670807436 0.47673612000198995 0.08730260163024772 0.37397543636881114 0.6096689405951954 0.29359384518648013 0.10718687406766046 0.5077495491834705 0.30716510453136353 0.05763813473798832 0.5117668199185512 0.18479828371496787 0.5803455397985764 0.29719845652085847 0.3661198186058281 0.29075371165202674 
0.41243257893994667 0.3984545008728154 0.28711392503758776 0.29351577202508367 0.3143070437710345 0.4198386292420573 0.16176216490562587 0.12567393115394426 0.40563721965754324 0.08263676916709797 0.14287048765372737 0.37917623351430235 0.3978919819771517 0.20765212146359804 0.32306289927508935 0.13366597566658744 0.3338175569644517 0.11767420554891415 0.12422036929272708 0.14270898164663462 
0.3500019219268251 0.36522742906645544 0.222142946497827 0.21893759042492664 0.3399423032290543 0.34566203682295094 0.1781754232002019 0.1372005723401211 0.3554238386236464 0.1526607824146028 0.15789205064261225 0.3072035907177748 0.34599251879935267 0.23551767401764812 0.2646549263789738 0.09746844894045492 0.3514045286217416 0.04611254263816705 0.16602503801192706 0.06813675300368649 
0.1023501756134137 0.29492392158852665 0.13656687936436832 0.1529587439348002 0.6293143007200578 0.07675771670824846 0.398381784687915 0.44658407411029033 0.4058151165587484 0.4922368142679646 0.3893963970397345 0.20401933867667277 0.182232432306385 0.44979977800694587 0.32067270324041236 0.30236013162081676 0.6240841332275329 0.30958659896339846 0.4954087622226405 0.27606429601739585 
0.6837491299958481 0.7851162030909843 0.5776144878593942 0.46566554565017265 0.25837483986064536 0.5543806752559093 0.6209963641291278 0.34218066184151724 0.22079011161873147 0.45852152693966525 0.6008078602784698 0.41835294374474186 0.7242755586370228 0.6721428100982321 0.28885441081749325 0.5403190782422566 0.21792597537231903 0.42271656343157554 0.37641946042652064 0.44367748918835304 
0.5346074647726984 0.543504693209416 0.40616175583991354 0.37137499445481287 0.16942327434685403 0.5022246276945699 0.3035872055611103 0.07022939439147721 0.3738574588034522 0.10117135081184271 0.2862077242180197 0.42328148567668783 0.5326691777852102 0.3400148691361317 0.32250551760194845 0.27466060519202967 0.1938142146872968 0.20457456985101735 0.022665908233386753 0.2391142424300522 
0.2073513903112605 0.4052630330555908 0.23891624734149153 0.19645629421750238 0.6599582605123937 0.06674845324205535 0.4986330581970342 0.4971780236203232 0.37657272256964147 0.5638384502495049 0.4875245727177271 0.17720834514767075 0.2906021668900676 0.5531123194532523 0.3132146502982813 0.39448139720696285 0.6479307546696154 0.37436010634450734 0.5524689954289199 0.3445468818784074 
0.13136307158315133 0.30614211827245197 0.1138046775544782 0.10396965745340266 0.5806748467170836 0.06648151921421125 0.37264487767037646 0.39974649530106765 0.3629665969943356 0.45062347509533496 0.3617428924450419 0.1658366411769645 0.20076258075909456 0.4271953570685429 0.274593300372912 0.2699126361090732 0.5751619439017298 0.265061768202618 0.44990707902264493 0.2323277237847446 
0.2895715014623161 0.09007105136809589 0.30149274280675603 0.43036398000971166 0.7385924049083794 0.4554344125844722 0.27781297467638244 0.5400225041892119 0.6979311486669478 0.4888757701888701 0.29104848544869133 0.5406589200995671 0.20583969876353733 0.2723412692974589 0.5958798826333626 0.3091172140483664 0.7549292716294437 0.42234360777577595 0.5493202270439996 0.39971380364308506 
0.09115028382001264 0.28407691862677825 0.19461492807228326 0.23854211681036586 0.7131794266579325 0.14631491511061034 0.4449643461956151 0.5267562330758409 0.4873806809441329 0.5630426458287018 0.43921329007898946 0.2832040251840259 0.16951779462072536 0.4901953207595942 0.40533651627253436 0.3617582287448886 0.7089456940647408 0.3866376486626371 0.5729494976310879 0.35232454984442696 
0.1226199410148609 0.30134759368815073 0.11581573931993112 0.1147462418293623 0.5911407035274457 0.06757080288321311 0.376384047511154 0.4094632491974459 0.3731271027019506 0.4586917966553685 0.36595853910507065 0.17492335058708813 0.19422043609355422 0.43020684089558775 0.28525574642236184 0.27526885110049154 0.5858141048304273 0.27395185710568565 0.45917405491416424 0.2409381048563723 
0.38180887692278603 0.20542739306048152 0.3424536350819756 0.4565066602658509 0.6598669237463252 0.5189582908905495 0.18837725270669523 0.47487629101021694 0.6941911289106527 0.3957720476572792 0.20748100313594886 0.5721337010912302 0.3057696784426366 0.15504719452287122 0.5938791604990435 0.27032135122993733 0.6826287204820525 0.3876866321225736 0.4685608475608088 0.37599909604655474 
0.14973858363728493 0.339110839610914 0.1597088376219334 0.13384385221568107 0.610365626089102 0.029203942792946965 0.4194139887206825 0.43591304683082494 0.3657029636905493 0.49308972790139427 0.40853265479870116 0.16158849214879334 0.2281919269122917 0.473765955904591 0.2856560080144589 0.3163909532105529 0.6023260350232941 0.30547184036857095 0.4882560729928296 0.2738074458275998 
0.4801487665775848 0.42971961547788795 0.3611346621134479 0.38432444001413885 0.33512348837581113 0.5076302236154595 0.1595639674462739 0.1873787095573883 0.4925452214471452 0.06996918229351995 0.14869393367545963 0.4732583385206254 0.45223061915859475 0.17850399695063626 0.41461895259278886 0.19448725291591398 0.36352387463910873 0.2114633346645716 0.15270562875048754 0.2339766892217479 
0.7238780382323888 0.6662834723330765 0.6021809188864246 0.6051803965123842 0.31928083531656126 0.7344544526775583 0.392664142665264 0.32536568297259316 0.6304841324450579 0.23728176570982035 0.3867315468232568 0.6744271459612244 0.696545316514598 0.3876522489990845 0.5814530465054594 0.4380759073997097 0.3599879846895026 0.426624216180678 0.2637673490321404 0.45677692551193305 
0.308048747746797 0.3229341358589661 0.18112375199553307 0.19597489350911754 0.38337371457682407 0.31699939530817656 0.16190578796705893 0.18057940076173887 0.3694322438295298 0.18913237587224854 0.14271404086184805 0.29513218874210817 0.3019554466876594 0.22237160704072195 0.2731272024619213 0.06080079906845786 0.39376160014485 0.05779183036282731 0.20972082855707513 0.05378037708357499 
0.6622909790660778 0.7135864702759384 0.538712100874912 0.4601759702448429 0.05970221339207473 0.5788868286516086 0.49731083014197236 0.2143225600670756 0.3216609395997211 0.3007453952690594 0.4786690500965975 0.46250613063989776 0.6804626345421667 0.5380604367431129 0.3289960421755192 0.44620054668535414 0.020476825631853036 0.3439421742964379 0.2198273409101101 0.3751468946962291 
0.10687114192069108 0.3063759447134621 0.17814052797037094 0.19920192348067495 0.676487963015117 0.0993264756700304 0.43756380494345887 0.4946103661790967 0.44098562120637713 0.5392678131708257 0.4297862912548118 0.23653896654043777 0.1906256245757782 0.48668520478776583 0.36054614003287616 0.345858986643467 0.6705984938817987 0.35749257257937667 0.543407511759971 0.32385406122174215 
0.3630595462051351 0.36652271754766336 0.23623544092424156 0.24035227221463457 0.33819924292759423 0.3660344616847818 0.16311372348458672 0.13708383504977859 0.37473435793609794 0.13462478863604133 0.14277170652242976 0.3297626228450676 0.3543564656705719 0.2185730061775213 0.28552160384171693 0.09667159848570374 0.3521971187346679 0.06859680333633884 0.15751263495980605 0.0895944958111484 
0.12233633019586868 0.0791935897600864 0.17579203975270233 0.3007014925177283 0.6980505322242668 0.29609401290446474 0.3072324039478986 0.4956608427092958 0.5790563662589664 0.4845781019383103 0.3100234085674259 0.39928814765330783 0.039238964511230524 0.3345019308362857 0.4800605231928924 0.27239569972115546 0.705637285083544 0.3566904646117556 0.523320769277823 0.32545089164184043 
