20
0.5675594149533614 0.20402534061418603 0.26563888731530905 0.5312863946490552 0.28676162150096013 0.4071247733793045 0.06180492362221152 0.14797579820072526 0.3333161648436979 0.17940239460761317 0.3040375048261715 0.35291942005447985 0.5322962925455444 0.585295341022626 0.4182535674324265 0.23460800083627997 0.5153646436606298 0.07067933799551092 0.5531894620220177 0.37262358912289995 
0.11440576994738887 0.5483609556189815 0.4569276181702291 0.21988452217448576 0.6748408277610106 0.5234849108784828 0.5931740782635702 0.4645097153488833 0.5450212103704091 0.4882716843555061 0.4318943609638931 0.3470007598703283 0.43775343846295184 0.24476078689591768 0.288154200486085 0.42415098752890795 0.2394484434347454 0.6029429019512568 0.16612754766872503 0.43790618112787727 
0.43830123897783785 0.5039938247088537 0.46925714340397806 0.48795811678891077 0.641211481164352 0.13070849158979356 0.3672032568717139 0.30354303372009567 0.5883997898089435 0.42646162753834543 0.11519887421493302 0.43867794278370087 0.6424519556134013 0.544864670697598 0.11072130023387333 0.4028998883650961 0.4900907567818117 0.4583158099804439 0.46515752143617656 0.060234451537351096 
0.25161543037381523 0.24259589557250544 0.1625558556860834 0.2220891256666806 0.3773473355540964 0.42481762738355816 0.31563494998699543 0.18541462725263813 0.27440627028834913 0.1783578892716043 0.2825247090599203 0.10089391513417768 0.3106165058534453 0.2804451636897033 0.25387866795722636 0.11573968015759722 0.2103825425287653 0.29694224369961436 0.23736144868024342 0.3382314931876183 
0.2657406172283985 0.512972784881597 0.44409595158895143 0.3413166792084062 0.6527264021817257 0.3275830412375197 0.47144702903140456 0.36103507896456677 0.5566938259312395 0.4382544731239443 0.25843700709676937 0.3674099410544665 0.5349650167638504 0.39003930967500816 0.10373959974860501 0.3885539571752107 0.35081429287462246 0.520463918305127 0.30418657038743085 0.24710634751948213 
0.3583012104538425 0.35450587267930883 0.3163691705160464 0.3789920368837732 0.4936723090616996 0.23169343746627846 0.264994581711975 0.1657554550369702 0.43549162095670685 0.27643760594985983 0.09374065345485155 0.2937692323424112 0.5040279472160308 0.438998397285004 0.11527395697791602 0.24999483530084274 0.3755046418628164 0.3274243963977942 0.3703685919843364 0.14461102663698247 
0.3791704016331799 0.3639312946169534 0.2967057930392406 0.27354694062423446 0.38856927791403534 0.7846808709210609 0.5932338664600965 0.49572093062651007 0.2465770718255334 0.3835730880380049 0.6413184915507107 0.2609923679779346 0.05698297987413297 0.2600989188596525 0.6000753615728995 0.34763908791679643 0.25509300961891734 0.5001715907994004 0.32747357876476296 0.6985457622279181 
0.41566003047353567 0.07446643095729366 0.07493499402380348 0.35876013185654193 0.21522290325059665 0.4767844532661142 0.22200604714083916 0.14640447846163324 0.16987847743462597 0.012219151518355148 0.33806014814668783 0.17118746557272965 0.34146923213381203 0.40759066023458396 0.3823370244647784 0.0603710254938843 0.3400044548453412 0.14335621878604532 0.39039876788126265 0.40896006418065284 
0.45849188406697 0.4267307956679026 0.4070744112962271 0.4871814657042879 0.5594347642135675 0.12415633174252258 0.26830587939032263 0.21955018216566607 0.5238607828546308 0.3516031878551939 0.02144073334797387 0.3997603283537108 0.6118676344381786 0.5468698581400295 0.15496649535821386 0.3403473713625547 0.48456443763188695 0.36595487666097515 0.47525516447148425 0.051963820080617194 
0.45962018097999663 0.05509926371946905 0.10869915105128546 0.4021543598005177 0.188504466666396 0.48574676176795 0.20121516828819697 0.15403509853941044 0.17765550841333058 0.03849954552946435 0.3519386053909898 0.21394475779535713 0.37319889267390743 0.45015533715886025 0.4112778457207015 0.10412067252573928 0.3831038842638339 0.10454308246386848 0.4343490015589409 0.42405799168657415 
0.7347535939027529 0.28512475928268205 0.38049768711846677 0.6804751412793362 0.26523399153388777 0.5847916957948649 0.24539799163066509 0.34058226486748155 0.3893708676331501 0.3140316560502333 0.49731279416557633 0.49198611891290067 0.6249059632157179 0.727616971790292 0.6153587641355526 0.3804984547076789 0.6612520065620919 0.18900673106096672 0.711981468387835 0.5629923799048514 
0.2609093192401811 0.43236017729014475 0.36766189095856106 0.31327474585220905 0.5726292540666817 0.3017943352458974 0.3933423467083701 0.27925371657579157 0.4828957484530204 0.3568320624663229 0.2017936732422646 0.3013253050197809 0.48605268086357534 0.3686846627060104 0.06731594936531837 0.3095031916399114 0.31764194347699753 0.4380018679498468 0.2876390408225399 0.21214422284076404 
0.12063862099939567 0.47227864640956385 0.3735976088658863 0.07510004252773123 0.5676123242349519 0.6647075897357112 0.6115186978032882 0.4823268497701151 0.4172286750446604 0.4401633218296501 0.539874996617981 0.26012257741712547 0.2368999820515556 0.029173717770376112 0.43602112479876015 0.37557081028602995 0.09121599898804034 0.5726494207191852 0.08118732387054399 0.5730416381036286 
0.5920617292045425 0.17733989236057138 0.2360220630860404 0.5037414868152851 0.057506194192922064 0.7147217371514266 0.39996859889926284 0.38403631875458266 0.14345965896700674 0.25493154990848577 0.5820709863916474 0.33792578877613294 0.3646516367846679 0.5308568069402292 0.630417441056088 0.29136560306786125 0.4807769489169344 0.2719844171117829 0.5516918530419165 0.6541391676032353 
0.4041250396872993 0.13608849767581951 0.09080152830282363 0.31593131664295454 0.19346076587962063 0.6192894491437226 0.37457319163369623 0.2976927815613355 0.045392520573100704 0.16753979240456277 0.4762605161963952 0.15517102327295765 0.2116776407422558 0.3463127058192843 0.48537630638608664 0.15711963266288498 0.29309162158842794 0.2731308485874354 0.36340361205269733 0.5435135509956436 
0.3428166412233793 0.1724867349026236 0.09036196715543317 0.2546666495022558 0.25296629478906213 0.5980559690914843 0.38665566549823166 0.2914692413208999 0.10666795698686038 0.17745637748265228 0.4537518287001513 0.10018685604240736 0.17680645788759775 0.28695627316848027 0.4453192013534605 0.14310913659500193 0.2319207881851895 0.3005864390275453 0.3018635996457579 0.5174970249616593 
0.4893215646497246 0.11172177776519787 0.1378459838314742 0.402894916852922 0.10797303011840065 0.6461834052436287 0.36128587747880925 0.31458689600331746 0.045613633250657405 0.17821214427046733 0.5075756815547431 0.2348370594317104 0.2842782279865316 0.43314073869335495 0.5397814737666738 0.1992327118211948 0.38010847283597077 0.2423337267435602 0.44974614518825345 0.5781720082045813 
0.5492496202995775 0.4112916280115977 0.3814478216831929 0.44327890764201244 0.37358842448839286 0.9050821937888267 0.6609818493603833 0.5895667743017693 0.28255985108285525 0.4587826622378624 0.760848240287531 0.3923481761994641 0.22542751011964388 0.431100163885379 0.743725194262159 0.44525863579352964 0.42382757722284864 0.5469706962122289 0.49769107691083997 0.8245654436707269 
0.1768522078974157 0.29527699231120375 0.19832809752221234 0.12200685798726453 0.4130687636372457 0.511796080115195 0.4146864280659434 0.28654865847111405 0.28065087033629726 0.24985366484167962 0.3738974186981234 0.08321596590306131 0.23381003588631316 0.17861525211882864 0.3120101497810282 0.1834826121510267 0.10819618836187835 0.3798695158641128 0.14815588909085214 0.4218980259844552 
0.5561282373873463 0.39025751784253127 0.36643973360718596 0.4501102212990828 0.3461738768039875 0.8928945376051032 0.6406539879714116 0.5737084642276523 0.2626481300072135 0.441111209671254 0.7489484261514248 0.3860259256421764 0.23356372625117336 0.4418592948905933 0.7378292687970315 0.431439512054122 0.4298475456636523 0.5245555279568401 0.5048942977632667 0.8138675232786386 
