20
0.49619145949489596 0.432809078780147 0.19138058756397922 0.30551899313598224 0.1489678244366533 0.1914004181307697 0.17844572047792184 0.3376929707271799 0.2738531119236975 0.5898132014772806 0.35311629420502855 0.5048551925190263 0.09443295001797516 0.12517440462744736 0.40712052146917543 0.13815263130047936 0.39524421189964065 0.19588875412773682 0.2964354275648488 0.5405822399586099 
0.812928681772615 0.7492665443660455 0.3748004729775729 0.03588676912588567 0.37904069027522597 0.505844498833542 0.42282103280366284 0.6531724726281576 0.08142397350697377 0.8994434699324003 0.5131555906970584 0.8216449334568868 0.39819160744980525 0.2220162057626371 0.7071805559762195 0.2662941027944633 0.6549864129746396 0.47393906234240957 0.3472869115839508 0.8424224384836202 
0.4275099764206153 0.38003018829503404 0.5609769440884995 0.5872958570923296 0.25271110348017434 0.29566413366536215 0.2138423590466891 0.4033825887236531 0.6136514993661006 0.6134732601961365 0.6968542449897752 0.43539108573539886 0.3064573861761988 0.5051985315522589 0.5341407853885631 0.5280992667476766 0.6257010428170972 0.4807591502642608 0.684051324961245 0.6177331452459817 
0.6633182249757954 0.6066473507766125 0.13263302832100565 0.2965226008420133 0.3845480744874181 0.39753697026115353 0.4181462470328478 0.4878010552343084 0.19832086185968326 0.6972074572479688 0.23553485191267257 0.6707320158629477 0.3293803146060747 0.13874260467867117 0.4966131927268158 0.10262453696019382 0.406883226538988 0.2693769506246339 0.07463601784832133 0.6266209465395234 
0.0884783203311968 0.05554559665740764 0.44855026833563033 0.7262130265455724 0.4216685705186704 0.24089766606190258 0.3929919516237032 0.08925346652621821 0.6880823464931024 0.20023303762610847 0.4862132257124861 0.09487566819400235 0.35109244894022945 0.527917799347064 0.1593551543157099 0.5059006129284798 0.30431605666842615 0.30948524101505426 0.5857622057779639 0.20059231194355195 
0.627624308772221 0.5852651042479412 0.18568164476293395 0.5185952637639665 0.5224002280769118 0.4508528920018138 0.5427887645661971 0.46103267862291575 0.4200157982174614 0.5975028585983857 0.054718187515880444 0.6328380387382239 0.43541097980948673 0.3315217991933637 0.4099103287521541 0.2770984939403119 0.27328365119385734 0.2647006914876149 0.15681688230424623 0.5155279288792116 
0.5222517956422691 0.4584789530639991 0.2103078446846616 0.2775678623289833 0.14187612828590965 0.2151643462959572 0.17703226004177067 0.366549734977755 0.2527911264275185 0.6199416695720248 0.3747069197500372 0.5310083767347844 0.11066211931033323 0.11518606017134174 0.43827608616967023 0.140663931677483 0.4256573611216095 0.22639503233280248 0.3038476511445549 0.5715372453615304 
0.381274278114926 0.3243437685401725 0.453294055708616 0.5160586877829368 0.16384930285641586 0.19081559771381643 0.12056949118806357 0.3189716309620097 0.5287494017266887 0.5520969987300204 0.5885731305706458 0.3900304816216056 0.200231655372329 0.4075421444514431 0.44677084521908916 0.4258237110332473 0.525813845691084 0.37324325187504387 0.5786083403187069 0.5439773630069794 
0.25654719102817947 0.23349805574681037 0.3443984853583183 0.6890879011373767 0.45793596441752665 0.27741059076176733 0.4447094709901644 0.14072125149496847 0.6279449970365784 0.22120078400661028 0.33185838416036906 0.2596601342745148 0.36256437994760415 0.4702340548059639 0.023476163704055947 0.4322480451451436 0.12776637133181168 0.21885372768018543 0.4654713624358262 0.15161072244257065 
0.10712312513514438 0.043153618922073325 0.4524977385430064 0.6942814920873338 0.37081801325670727 0.20325749632152829 0.33791834840979224 0.10761638399392673 0.6659359466692253 0.269534610807143 0.5142362869015419 0.11623052141046554 0.3130259571562446 0.5087782720087249 0.21948143040355841 0.4941993817481216 0.3536720635773974 0.3168884866554592 0.5928507686276056 0.27457020419844524 
0.3305749374813676 0.2885450095536201 0.5551418617025969 0.6454460938619409 0.29300615139230074 0.26644895997242896 0.24941106687317846 0.3335030587228154 0.657139297956072 0.5211238824387344 0.6734807839505734 0.33800314487630084 0.314299295637103 0.5301537673122573 0.46369828889531634 0.5429669239596998 0.5721218171093994 0.453964055863717 0.6878874141565832 0.5332021838395276 
0.44278615730638315 0.3907631115217803 0.5266540026768259 0.5400284640578109 0.20911073779792183 0.2748002353613827 0.17241532176124813 0.39923724351754564 0.5675591573909345 0.6227181634808712 0.6677958384375116 0.4510959165433475 0.27104554318412694 0.4626989070043492 0.5284579423703747 0.48791642671987157 0.6101325938436962 0.45483535327700164 0.6460946094859343 0.6205296922983741 
0.49234783742243704 0.4699727427472052 0.3160568117247344 0.6974686070524313 0.5829364696788818 0.44106071196685265 0.5863063732242902 0.3636905408167693 0.6103814688207124 0.4049376764623895 0.19085719301465784 0.4947896809962833 0.4817867138781593 0.4813451281413313 0.2579338972919564 0.4281408380338638 0.11445796159228623 0.2786388677601739 0.3716494802341127 0.3199905112925602 
0.6903756314157082 0.6603109078668523 0.3429128953966424 0.6782903652295719 0.6728561003270759 0.5753473096096674 0.6887218980942627 0.5435029517247684 0.5776051596421937 0.6131230119084112 0.17913278147512332 0.693748477016564 0.5798896992248247 0.4946479592660789 0.4567141461036153 0.43998610986553904 0.3064240786940406 0.38825289048152384 0.31171725167863557 0.5281878294714807 
0.8261339778264274 0.762365300501286 0.3905487002596364 0.036655481533507485 0.388492272811148 0.5186703882056583 0.43222920584418834 0.6671798920173059 0.09637570565321658 0.914109800160768 0.5286167572409196 0.8348781005856438 0.4104975705482535 0.23733763501877592 0.722221599421594 0.28196295955245876 0.6706640850761411 0.48922656554181493 0.3620129597990137 0.8574635395094927 
0.6480985073716518 0.5951465829555085 0.11490951372521047 0.36693067409352725 0.4238719612722871 0.40623477480487113 0.45313327840222595 0.472340361420261 0.2680926088480607 0.6628685260870739 0.169324644440558 0.6549171093108194 0.3552295715225605 0.1952816765524966 0.4631447955581684 0.1470780211206697 0.3582008132756677 0.2513077109580895 0.02597781784382062 0.58816174989575 
0.052987665854207625 0.09762528880978477 0.5306957892933928 0.8153617642340865 0.5061602461422189 0.32869234596536107 0.4752208327128098 0.17608665826094433 0.7767829324702765 0.14299813005910472 0.552915171222599 0.04891742161788219 0.43927007195690615 0.6163939116170962 0.20304574462567926 0.5930046980789556 0.35320084960408543 0.39178731602928407 0.6654359130141173 0.18009628529799057 
0.3901495340982598 0.3675006182845251 0.30643176256245336 0.683358173838103 0.5189334616885026 0.36001847754579447 0.5161268773917357 0.2640533013768261 0.6062980357220067 0.31711462294481335 0.23312302499913526 0.39279507467508135 0.4176313177923455 0.461385035079886 0.15552228343740956 0.41308346841835925 0.025953042990782337 0.22531156536828784 0.39744443009071434 0.23316573335488092 
0.28491984052597036 0.2489923835760768 0.28508016907564965 0.6278150233575472 0.40775075327899263 0.23446467075866212 0.3983037377007113 0.13364210468188822 0.5664163173127719 0.27957939390359704 0.2894190010115452 0.2896718235245419 0.3096700139692559 0.40868613155227324 0.07918942747083714 0.3708317844637426 0.1166983704375329 0.15731678130057788 0.4102000968221199 0.21296938276151095 
0.4154021153398295 0.38474135014779876 0.2508433651544101 0.6299799919041486 0.4849137519422778 0.33892900188327524 0.48625573253384596 0.27058322173944516 0.550941503125533 0.36412316943890444 0.18029661157625007 0.41912999894065 0.3834018629116439 0.4087287611238511 0.18419713248417866 0.3591033341686326 0.03995312849662347 0.1831380401677699 0.3404550993770217 0.2820296147683384 
