20
0.0637838078007785 0.1584001508078638 0.11119523757481084 0.20875862118306845 0.44706110672668087 0.3279488577174603 0.12618175878152435 0.3002007333097271 0.1398059678498714 0.5147069985229901 0.3870048336480275 0.3309998405417238 0.14387645273942307 0.24510596942684473 0.4407547228531548 0.1716594764972499 0.3711716249544824 0.12740482069021566 0.22778227802569612 0.2005184519668009 
0.5104670114759933 0.396893721058724 0.4187484296941367 0.617531534480019 0.5151778123934272 0.14980339191509595 0.4697093818453783 0.17985977296674177 0.4011993645341726 0.3670666745641067 0.5266267382721369 0.1877068210543756 0.5915472807266146 0.2330399242270896 0.116025758107403 0.32105868904999363 0.12506182805872673 0.584578785025089 0.6628248073149373 0.6778500499221104 
0.37283510592685765 0.35491623638598724 0.27031979896816016 0.44794320167565754 0.3128390629830677 0.1522056100066083 0.4091096415567102 0.12646234124471067 0.2446538179131063 0.2110800621492511 0.3207297853244502 0.24287271661780852 0.5010583903220722 0.18024638362790532 0.26846145069212385 0.2653875843277705 0.2064840670663692 0.439718048392122 0.4991418321500943 0.5550711717708695 
0.4428806833635536 0.2564253920331802 0.38192003031546273 0.5788028423689042 0.6082746278849888 0.16237879825020288 0.33108533381197996 0.19786770496534056 0.3785288153989828 0.5197660101468521 0.5933298461065658 0.07898825493675539 0.463880188176028 0.18882289419941609 0.09749141027825767 0.22003946545117944 0.10991049765669454 0.5156636564963348 0.6112137003985355 0.574380739883022 
0.36676745092586793 0.5846544742095756 0.3901167339766967 0.22708713653902715 0.34508807467271985 0.6419548174042047 0.5541543497462026 0.6008782840726892 0.39075439013898994 0.5509677038943543 0.28036945725872353 0.6936742977066759 0.49559143766880065 0.5831018728382203 0.7818903229045858 0.5625012412382294 0.70450044211439 0.32530351406788577 0.23855869323972184 0.4056060342814746 
0.42772735981112286 0.5522611307485524 0.35631257082265577 0.3947217628367336 0.024044835642148023 0.4488734651660085 0.570850561198756 0.41201323779108634 0.33140841070542043 0.19505136752709562 0.10042360595887416 0.5328661477981862 0.5988491880402476 0.43667762605798 0.5768381873113688 0.480298765604852 0.5100496182399581 0.4540520562083745 0.4476925925664719 0.5847081270381895 
0.24571468857293022 0.4644779782037907 0.31029065785172383 0.10790998557474402 0.42784787755507875 0.5859326596209244 0.41825714389535257 0.5481414288706881 0.32381652012680207 0.6016551217357478 0.3515004554259783 0.6168064745055595 0.33575869704079964 0.5128856605080594 0.7184297265866469 0.4662848397231124 0.6424392315188223 0.1819163883836974 0.08009932994255083 0.2327793244926433 
0.3654000872447416 0.21574596266698537 0.29282193147927627 0.493805948177504 0.5092774696995638 0.07179739405748801 0.2902534963192298 0.10042344458870117 0.2858394043628121 0.433342657367428 0.49334932076893007 0.021319850137445463 0.41722271046355625 0.09203311143849544 0.1208234164534869 0.1501893066981254 0.05880367727010873 0.4400057303559847 0.5306099903313252 0.5150434192898122 
0.20344522817923638 0.03757985227870975 0.2128059630682067 0.3478486749399316 0.5489117436869753 0.29055565850357323 0.038161988440804845 0.2794237954791397 0.23293776850563397 0.5705162258699638 0.49910670895448533 0.25556859703478774 0.17074886758453534 0.21440892940368436 0.36602030033690314 0.11977353079079911 0.3113558255007873 0.2599418858919306 0.3619394157229934 0.2862806855288042 
0.20137674502129121 0.02372100714572664 0.1893784890507025 0.34661050579766695 0.5175523407511599 0.24774906208026629 0.07772988308911472 0.2356336005849067 0.20561819341635312 0.5297258067596645 0.47158538369901415 0.21845388608815436 0.204088747513851 0.17064634174995355 0.32997061995190646 0.07590144111373164 0.2716474461184865 0.2661655781168388 0.3671966351932337 0.31100836090597317 
0.17353487755264124 0.09936134116588792 0.21305195870947932 0.31110357450317244 0.5541839923946691 0.3441631990562013 0.02517237377347351 0.32856171472987206 0.23823014669304718 0.5981510212004792 0.49779399350045456 0.315985948427953 0.10837557596256815 0.26438150872308575 0.427068419303985 0.17032873450197483 0.36988428549205765 0.2167792246395295 0.31748153624005093 0.22615556528185382 
0.23832712684938712 0.32736637664213913 0.14489064258318465 0.2772308936058377 0.2147414617750144 0.26432010456715177 0.3504608312453093 0.22298139580513546 0.11632628682004179 0.26326459494501697 0.18239942448595342 0.3337688468283999 0.3989338513063119 0.22667468807801883 0.40432226053362025 0.2564572354413037 0.3286939678438975 0.2904207563742142 0.3310782416325833 0.4181364954058782 
0.2107173489891062 0.4018733974524916 0.19158046204855833 0.14379594132542958 0.2282396286154321 0.42874776222608496 0.39029858149478236 0.3876001725217462 0.18500375438127994 0.3886063723697513 0.1526124524726087 0.483386151961485 0.3769975330260835 0.3723873932922957 0.5688846725858333 0.3629582259599412 0.4915702677845037 0.21321915324089702 0.19708318057735896 0.33947815188850916 
0.11691692930911983 0.10565689236466862 0.13832627746513992 0.26199848718258834 0.47946361227930434 0.3015003914086703 0.0791592169881388 0.27894877393250816 0.16330510319427005 0.5269428700439113 0.42411273637834457 0.29238392397374663 0.1446732761405123 0.21846508874215484 0.40374719467202874 0.13348344362422254 0.33805378279067566 0.17827628011679994 0.27968283775063113 0.23147142691474729 
0.4400203796804857 0.23836298627731003 0.38925615458939616 0.5802867198825693 0.6380159691461468 0.19959905588315052 0.31012361738637917 0.23086770585302505 0.3894965187551356 0.5607457752404389 0.6181487557037865 0.10954175205200865 0.4429331532961584 0.20938220045881628 0.1453456909213546 0.21948082554372447 0.15426376306854933 0.5106061399955512 0.6088958963818917 0.5586910386786154 
0.41459437347061767 0.44190844761962084 0.3138616113429729 0.45776633442450365 0.23274710393123588 0.2571169111502343 0.4874032462486477 0.2299673004992161 0.28498707888965175 0.10890829088192347 0.26139202456301136 0.34777009527226627 0.5628854118110237 0.27804168617332997 0.3671774892760453 0.3543404010489852 0.3098832917093001 0.47189487813993336 0.5123800649574954 0.597207801601998 
0.3547978563081091 0.4126574151321242 0.25781467802514435 0.3870100861441694 0.1827398123547654 0.2703963694176221 0.44889957849335993 0.23530122171590587 0.2286305936619045 0.14743683065276178 0.19624669238562487 0.35680756432791116 0.5112980265491687 0.2687489320421168 0.3969686943327203 0.3299016759685414 0.33057327287065646 0.4072963304072854 0.4420055167041039 0.5352464495398548 
0.4645859300269854 0.4788392450592659 0.36307528060847766 0.5099070699815937 0.2662412874459178 0.2730493949404611 0.5285328828816751 0.2523915935420836 0.3344650577270451 0.0932892266388447 0.30409219244315355 0.3636615918381802 0.6095079878475811 0.30721116969958634 0.36721663198003407 0.389892107523271 0.3185414940779613 0.5231350873811623 0.5645247426580174 0.647584051242555 
0.25941389220142963 0.44157584302207814 0.22878717798170908 0.1912572210706941 0.18271912882679514 0.4432690875884199 0.43508015555246865 0.4017784489774808 0.21717556387569228 0.3587938683411388 0.1059922209641593 0.5050606883502294 0.42719259303950546 0.39439827253544724 0.5838164661158485 0.39561791403270563 0.5072286081841111 0.264120794034998 0.24255337724975198 0.3898028032334504 
0.37362375057040487 0.19030606112249343 0.31582124412542084 0.5106262753079736 0.5632795085909899 0.1360584635411773 0.26576778091583114 0.16095869995967607 0.31448230783005005 0.49682191516260754 0.5418580480607459 0.04844411781532983 0.3977926523106415 0.13299786534930774 0.14185248240351833 0.15077916851256026 0.11029259185551567 0.4462001223815535 0.5421448412475228 0.5059505775206161 
