20
0.469832657329025 0.5153173654839451 0.21439529536717442 0.3598059024917954 0.32413338657910923 0.20917723058264936 0.5286028344302754 0.20081410295465865 0.21662659585641605 0.2998137222213048 0.16645460871822343 0.2693537159022452 0.4347317248052523 0.4132257497341029 0.2592319495870566 0.16798644600678705 0.25366505187563676 0.5167274801458909 0.34676014888192747 0.5694704222649667 
0.36532032671371134 0.4313110365124477 0.2598044467345649 0.3876996401110594 0.5270134265602668 0.2381621187319073 0.2569907784533138 0.23780164256371952 0.17561881949337693 0.41248314450367957 0.2774460428060636 0.34361705556494715 0.3476932751319043 0.45927842426520665 0.17821737045590327 0.2812034679405555 0.24024930998147556 0.25189921571803187 0.25248996820069947 0.36132566876047684 
0.29498715776716433 0.31395379994834166 0.09749142301411019 0.11883184584671963 0.20325432585173142 0.11915542561288818 0.5820450293430524 0.11896978785162328 0.4188834919516293 0.05620556259518121 0.4149588852888907 0.031819466711674044 0.25602282376744834 0.15917881224769903 0.20054549582180867 0.09431560417778423 0.13497320929912315 0.5147489073146426 0.21725218371691143 0.46987423341923706 
0.36730698641263554 0.3777504725881694 0.1713134486451153 0.1752100282105772 0.12267100213426739 0.19206945723221633 0.657744876559776 0.1898092601587605 0.4623202992934538 0.05783929575650454 0.4378942398084217 0.11039182540526658 0.3289337638949731 0.18667986271215686 0.27821990777232214 0.14415477665630144 0.21448257496475764 0.5943062049482938 0.29768330927753733 0.5492147692427383 
0.047103562561940274 0.09012393804121188 0.21978730968075968 0.1548856840510855 0.4397432672461229 0.22024453529166502 0.4698569641471966 0.22876503320711755 0.4929436945260434 0.2677535403428503 0.5465121238400824 0.21616611725721688 0.008253771657570146 0.20031437640496425 0.189836832237665 0.27881863009314606 0.17496265422402837 0.36450757943792433 0.09646068856187906 0.2452867118073036 
0.5840929431464141 0.645718497227297 0.3952580782337122 0.5491063649732192 0.5738407830182038 0.3785949857791283 0.4128442854325915 0.3731328202129325 0.0636419460138508 0.5250838822833211 0.11056358376344697 0.47450251078343586 0.5594971974401001 0.6151085201149643 0.36761951184256464 0.3780234089741842 0.40621622854505574 0.4609310659873247 0.4600417946785003 0.5964738631065631 
0.4654568670725236 0.5248874657117362 0.5444563815894079 0.6085494252549116 0.8321777788033278 0.5250425642139045 0.10772874777300354 0.5290643085555541 0.47926213434954446 0.6835369265445908 0.5991811918559226 0.6110312649261438 0.47861513934674776 0.6723155875848846 0.43653505160754674 0.588520202751254 0.5005232896804335 0.12246711970767439 0.4376902293162131 0.28978941316699974 
0.5705420241043195 0.6282646858876609 0.35645976744320157 0.5113550177260396 0.5085510592047857 0.34244830997174575 0.46179267849025735 0.33589631164106704 0.08575749522822033 0.47420710940378097 0.03828491505534425 0.43022951026169026 0.542260868389477 0.5738430350912481 0.3485825346452125 0.32988421877937096 0.37618360945331447 0.4941947644643179 0.4436291147509194 0.6090193948441319 
0.45974127129960246 0.5212723123115358 0.2816441562990806 0.4323193072998542 0.49830248800293736 0.2630940253383478 0.35409732237429437 0.2586924090839857 0.060980663687374474 0.422228724056118 0.15290288530898202 0.36457449334611314 0.4350642107724584 0.5005199076033692 0.2437034172176199 0.2755305331767654 0.28604445468097217 0.37237232175783025 0.3356194330636152 0.48384151656416075 
0.4998483595318068 0.5513192653918395 0.2605292373016593 0.41293343000571303 0.3957312469614626 0.25035706842424243 0.49218777855668894 0.24273238187918209 0.15119104170650544 0.3646766140235663 0.09838742409103844 0.3265988837263492 0.4674441065410727 0.47126064297501247 0.2795349003115857 0.2245096237773309 0.2904055322102275 0.49629570073825413 0.37312358370965093 0.5743265923734113 
0.44330249157062357 0.5078503539864423 0.4796900524958303 0.5618269294593639 0.7652358646639993 0.45919878672037034 0.025120051037780967 0.46222438466559634 0.38795651843828144 0.6251991446520941 0.5081862399121105 0.5523102780285349 0.449212393621024 0.6292779567005822 0.37370426221912434 0.5185495634185906 0.4403391320291813 0.10018458156211497 0.3918616416595918 0.30141034557904167 
0.5105169749701983 0.5481883478513804 0.24648624542909833 0.3718876310916581 0.2689317382902988 0.24830849632826088 0.6101191901249396 0.23982088092225975 0.2930717408825435 0.2883026050783054 0.21973984807815494 0.2782071932785775 0.4731987318685746 0.41405615934729917 0.3159799331200027 0.1885186788188304 0.29468571487036943 0.593372256664029 0.3944789163118387 0.6312797882278076 
0.040768470970145354 0.10570039984833363 0.2307277781305559 0.18747111556636928 0.4678819266092032 0.22768348058013185 0.43518946659257174 0.23620308888836777 0.47972545301772573 0.2963128098794548 0.5408424129076229 0.2395566920918186 0.03205691605389116 0.2367374500202575 0.1823806876670629 0.29132920541516016 0.181331417604594 0.32802324008051365 0.0874509319433425 0.21026954664396402 
0.5032997940172396 0.5703140371525323 0.49165492448877146 0.5952941380618187 0.768186645750625 0.4701618310325249 0.07059344291700217 0.47151429852380805 0.3311893629840843 0.6429084264338734 0.4526064066433624 0.571032771196135 0.5029659173700284 0.6655221330038339 0.3927200591466719 0.5210109117535789 0.46032348483621366 0.18536218456040537 0.4315142150416878 0.38584263387171164 
0.42064685182839784 0.4322542213081169 0.20790394958504047 0.22975309783453446 0.08056398324262938 0.22690957091847463 0.689845335617381 0.22301014757513168 0.4657859594332249 0.11215260265520234 0.4271056676077038 0.1601827222120808 0.38205828348397913 0.2383233751889584 0.31594456010624156 0.16733591147185642 0.25607114502795747 0.6333416044867607 0.34536027860606183 0.598613560891316 
0.4056149959248033 0.46455756132175097 0.49739187816498814 0.5532778265997053 0.7850618756126269 0.47876195138696515 0.12302056340838408 0.4833596866327558 0.46697642360560054 0.6324169246949672 0.5839717227001142 0.5604084022331743 0.41971554014665063 0.6157657049613829 0.38937271931551626 0.5444240931303106 0.45132296481348005 0.07218766047119138 0.38307279126451615 0.2304610774691998 
0.1710033980120067 0.2245555387123517 0.1108760180520986 0.16394240483688952 0.38690206081389866 0.10145881042205793 0.41279202300073614 0.10954457679609621 0.36201916906091436 0.2285047190505854 0.4120362513186034 0.15692136251611394 0.13912758064341896 0.23476193709694615 0.05755867432455397 0.17089198681084392 0.05731245684921634 0.3336635601521192 0.046668783066572316 0.295267678783066 
0.22816720811940566 0.24322810322112065 0.10998858127955609 0.05098185033548347 0.2593569086203093 0.1281280484919636 0.5608321479633175 0.13259144643533402 0.4475450890245046 0.08828156810956915 0.46048382619401085 0.04313400915919871 0.18971737645545145 0.10994901628811261 0.1840179298812143 0.14141443123767225 0.11765468505604133 0.4813190034962812 0.1695491836713888 0.41390822007495215 
0.5590397748538466 0.6211255109188111 0.3757658339528956 0.5287850752413247 0.5648729130433576 0.35846458579380924 0.3905861283302843 0.3533259670373122 0.03932855733155914 0.5090328972503834 0.11920853612401297 0.45631221916976966 0.5349782583627407 0.5956205827497114 0.34384481008564133 0.3615980309756601 0.3844547995877941 0.4355632263358548 0.43557676514447197 0.5698267640229454 
0.39954011342420154 0.4659604770819763 0.29260552180385896 0.4232881804124546 0.5539487048331839 0.27108263995834847 0.24449643414733285 0.27020087832868295 0.15688687563936754 0.44491870264860933 0.2677913229111968 0.37701151366438407 0.38286028406752526 0.49480998401313586 0.21411811626370314 0.31026474936080073 0.275328562490842 0.25699560961640755 0.28829860913966493 0.3840356031530545 
