20
0.08464632499688797 0.17430428727994388 0.24508639397120463 0.1619562754185391 0.3843296470957429 0.3390463143414128 0.2582599711626406 0.35871932071247714 0.18072031796092822 0.28009913457601016 0.2614391425056447 0.14226451684542477 0.1315702003778687 0.4156679542507719 0.2455889699948262 0.37665086445704643 0.27850725314793817 0.2722479913967643 0.46141530905907513 0.41003318085196117 
0.31564922744861507 0.36449099479410846 0.5405337736329808 0.2590813795398881 0.19045287888640944 0.18434598556635035 0.11745976470801311 0.19599362670457068 0.4805474770958674 0.11371215708235324 0.5479601442267448 0.43454932099470245 0.4133862180993136 0.12216505263374759 0.5459942521014549 0.21380405156344195 0.3034009666775907 0.07656956888623653 0.19452183624033406 0.1811779707473175 
0.24132871863711303 0.07207211652552753 0.3979621784613408 0.2836930452671093 0.43286077486816665 0.3981226344244424 0.18519650010103883 0.2358276577906704 0.22366472904303838 0.3160927498454626 0.2708814660397282 0.17998131147935503 0.1556848397414745 0.4135526784334156 0.3948912111128621 0.43818268850935865 0.11294532749584746 0.22053276112332296 0.4788170427723574 0.30293619298886 
0.18301075887855553 0.09935630275556492 0.3508387415909815 0.22762622244201255 0.39522614933744304 0.3570269082918912 0.18308923984127118 0.26130111413366613 0.2088689825120462 0.27940152894065 0.27097136000388944 0.1624965521353984 0.13942391002002508 0.39128944655875936 0.34924008589439687 0.3970817596573631 0.16676768177932694 0.21078176603170234 0.4511942967545296 0.3214163000170175 
0.3459240427644856 0.28233684176064056 0.25570173694753157 0.4389577364438028 0.6758821459565884 0.6294473935259193 0.5166021791846742 0.5813888560810097 0.12464654480739408 0.5734312353311207 0.09422430345605459 0.17103347615027145 0.1942860154017251 0.7068256173412647 0.2409505777013857 0.665538576034337 0.43308479015375323 0.5426979963378255 0.7547271370544715 0.6483422158602051 
0.09436640297784435 0.22478523392118419 0.31533299170055645 0.10002005985294009 0.28835927832645597 0.24468283381764125 0.18982497244213045 0.3057369803177363 0.2767967728845094 0.18144528854963554 0.3550376845454381 0.23505033747495008 0.21977942298794917 0.3174678105638363 0.3195655033401597 0.28351106778897794 0.27558898973399687 0.192166513155669 0.3626993404691259 0.3441393221019364 
0.16035252161074823 0.17526641834651874 0.19794480733366768 0.2516477167909063 0.4847244298972417 0.4385858604001856 0.34593374010021954 0.43219028508386675 0.08891567388355189 0.38239058917075963 0.1717945959075003 0.069257087096989 0.07797454333770379 0.5178503889800513 0.192180510530012 0.4752097295137659 0.317559216376515 0.36574099191322096 0.5637176732506753 0.49118297653148857 
0.04714904003606144 0.2976047979422251 0.248052656076332 0.05191530066588534 0.296863165370324 0.24862906651404795 0.2864988828256078 0.40546499620004783 0.2953843385602786 0.21799112808170826 0.3783510954715739 0.26395877438139737 0.2572417918310267 0.36235544023685606 0.2562437617691504 0.2807265765196163 0.3734662859413406 0.2815482039235464 0.3896170417456324 0.43862062417135583 
0.30554690481880387 0.2973667279097943 0.18860128658021233 0.39817468544909007 0.6404287191971528 0.5929685590240515 0.5093294633398728 0.5864307794956485 0.13170907807391488 0.5440020639823635 0.14264276614642066 0.17225604942296374 0.19649300548520118 0.6822661123155966 0.17361014821619009 0.6273266104106836 0.4503918980841592 0.5311149671904706 0.7247967337100577 0.6496764451640354 
0.2288522110541564 0.3823382394145175 0.44352208690550987 0.14520197544075364 0.11454502843949876 0.07397845519337211 0.21048066581793146 0.32303700213746317 0.45058093199678545 0.032429242430184246 0.528976884897234 0.4090158946440934 0.39325771129916426 0.16873561248463972 0.452089124641999 0.11408420122257946 0.37905602806737076 0.17869300447645198 0.19513957160276257 0.32358851421891754 
0.24671158273663923 0.38552373327210593 0.022539718206429957 0.32086007956124285 0.5606184645658809 0.5125197018288391 0.5192339579770269 0.6224618032078075 0.25287736136810746 0.48843697516470075 0.3065742238789085 0.26681841888264124 0.28386300282601323 0.6328270210320822 0.018527573870221244 0.539638541829446 0.5255224978296776 0.5276659570624349 0.6578117594408776 0.6727117965795865 
0.25895394912764025 0.29132166768776996 0.13881409985716203 0.35049134346610916 0.5944128851173144 0.54657640018013 0.48186195232549917 0.5672305208844847 0.13357213454836717 0.5017293066700921 0.17265733985150672 0.1634231108248851 0.18603739163781668 0.6422238497723881 0.12457985395453468 0.5799504610115065 0.4424027668446128 0.5004086291795565 0.6814999910559433 0.6272169881357818 
0.44041836192238293 0.36389484192370475 0.6530456791967414 0.41470219709341116 0.3779008107847885 0.3759978834371414 0.156466551412539 0.0636536535593936 0.5199497624249396 0.3020909975790832 0.5658919952252672 0.4750558339915754 0.45083801045916777 0.27687468657402564 0.6545106283675283 0.40389450239569263 0.23313573675845342 0.16431211191727868 0.35212419979567405 0.014632688136193266 
0.140315610202915 0.310086609912769 0.360517374873251 0.06954101684180904 0.2023196424512888 0.15701791147496327 0.20161680340878513 0.32336903167876146 0.3626743621854036 0.1065629846958277 0.4423601088447083 0.3224011792522977 0.3081145369603984 0.2505848031576574 0.3679633662513135 0.19517774470186725 0.3365507333480631 0.18517337523071256 0.2847401487356257 0.3437174391532662 
0.4225551787550889 0.22468591261136492 0.5878362735836087 0.4435817402154742 0.5174168966480548 0.49700453047356047 0.22500155791933954 0.16113951194614107 0.3890479220060558 0.41042663667583024 0.4087167900995791 0.35263602643047987 0.3299365532778711 0.4509812402426268 0.5841446477363582 0.5338490365784785 0.07767277408216659 0.264094048495526 0.5266599221485064 0.22917924992931035 
0.4110655951484109 0.5778215974070776 0.6032779024640114 0.3186149357405037 0.08387960729806734 0.12597490122464264 0.3704783511126246 0.45551955195479343 0.6456406834313697 0.2004634672020647 0.7252147917396433 0.6052086450758785 0.5901827473891819 0.16534014194221852 0.6144749121915963 0.08929802616362527 0.5548247066115405 0.3302391077855785 0.10211993834801213 0.42592312985548975 
0.05205740842807059 0.3092261155479671 0.21156559593794716 0.08681041731106626 0.3289018983953282 0.2805854974000917 0.32232594746171284 0.4399739456483204 0.2854315518344116 0.25534049447415486 0.36814992726810597 0.2590133296292452 0.25584617258421505 0.3995062902470006 0.2205426389806104 0.310559664849583 0.397955660132512 0.3190504659420894 0.4241314064042426 0.47535172392653946 
0.5096816283648137 0.6626258263299566 0.7034593982074049 0.41775326748012515 0.17589722460491436 0.22238141097198344 0.4373335424731199 0.504803048844904 0.7403341197035895 0.286630147594322 0.8187029066645236 0.6987841171166093 0.6826752081119022 0.20402863148788228 0.7146956108229585 0.18841465806666033 0.6238421448966492 0.3961085183036174 0.12772109769582704 0.4626824223201112 
0.21192677354031514 0.46976617137342275 0.2737998682824315 0.18025953445527307 0.32772187493469795 0.28649470144271666 0.4411845177014935 0.5630234001587077 0.43316270097206416 0.3097301879912497 0.5135508326945438 0.4131887276680475 0.4129645962760887 0.4357119915157749 0.2884389539006238 0.2979572546526229 0.5489560407849241 0.4255977223120669 0.4317933693496624 0.5836911898809257 
0.14414314201336256 0.2094046503339538 0.36088519788158824 0.14155705395361876 0.2859451438632849 0.24700268046684107 0.14008502869653433 0.254941357933157 0.29233984747881636 0.1712600371003197 0.36541840547408394 0.24754378145308673 0.2286034187022579 0.2944144640795839 0.36406775918292533 0.28703849182909635 0.23426089746156942 0.14650363804489255 0.34798625351113377 0.29467075915519164 
