20
0.25918226494861546 0.13716759797049796 0.5700244789348122 0.4446316004087037 0.5652633873793855 0.6143813170232948 0.5278774105774665 0.48349571108626915 0.21808293876443688 0.567720086778209 0.14485458217548716 0.5156109510321931 0.12038409416925112 0.5389332511585437 0.3719561516971165 0.20591041225017725 0.2083604359167296 0.28826195859406745 0.2558990190777778 0.6475464319125073 
0.21351495785531502 0.4387187502356913 0.13384494488949406 0.2693267106138309 0.1793236871143059 0.19653399081565937 0.2560429760104848 0.12027985465866259 0.3782679649943379 0.1818879990384501 0.4959444779643294 0.18393475192639155 0.4789963030783416 0.11814170566950535 0.13434400175216313 0.3769435727374682 0.23429818717037182 0.46339768568179696 0.2585845830380572 0.22153017988079915 
0.4475210936090091 0.4911899729759743 0.331250780305907 0.1303576494657517 0.435615791235698 0.21648455828240362 0.04253217241383829 0.40507530087852034 0.6076284246491642 0.4375063434031274 0.5456530317208323 0.1096734970497838 0.541310071106598 0.36130352874640764 0.2252842679156031 0.3986551827029259 0.42279443940140987 0.41912842333860867 0.5013084728885703 0.24817424712310282 
0.6648950639870865 0.6359422535845191 0.5457349109394033 0.30670844342568965 0.6551266830036248 0.41187621727725304 0.2664419086537767 0.6312812549671233 0.8175768566140469 0.6567881205456145 0.6812489175127953 0.33672969320846147 0.6843618978256762 0.5816951172888112 0.44306398614817444 0.544082114077991 0.6302797902906283 0.5196135244862503 0.7187372927368497 0.4325869385516019 
0.3174619622575923 0.48736589528897656 0.1386978477293358 0.22143888716475427 0.23787673674780477 0.09888929075660048 0.1702443092673209 0.21092674830445873 0.48454922106699916 0.23983081120863656 0.5459595716266538 0.09076568798452929 0.532988893702742 0.16351197059528694 0.15157935963544306 0.410164037643816 0.32295927289195764 0.4764985653066267 0.36631824127853485 0.13354593041668392 
0.14348338642893635 0.4148891657989139 0.18563185790556153 0.32287303001220097 0.17940829982313908 0.27714885454850424 0.32800518969201226 0.09846390129466141 0.3014951229061271 0.18202225165242525 0.4690401782857348 0.261479700044229 0.4492466347498092 0.14849343278551067 0.1722909588507507 0.36876997502285913 0.18316061293858296 0.4668780399951202 0.18175463662919086 0.2989078117014584 
0.49410199918240544 0.4106548774579215 0.490240404786533 0.14282112613451953 0.5813688379955045 0.39718995942003943 0.19032837175109227 0.5317973872583709 0.6284896787694042 0.5836436457529914 0.45422035946486855 0.26437880286769283 0.4582829277113454 0.5087233659553789 0.2935012800392452 0.3205726438768044 0.44490278255607557 0.2926376374686133 0.5455924272402725 0.43165297376957024 
0.3925571037130021 0.1548101498895142 0.5692429473234959 0.2724409757214261 0.619053952817822 0.5420782729867533 0.3725085520945566 0.5445408563984334 0.4625968487994527 0.6217070142237627 0.18437965404028128 0.4050538580120623 0.1943381382362763 0.5622639107430873 0.31530844476941566 0.09937039755263237 0.322813621702678 0.020922857544077703 0.42778992862043563 0.5802596025934722 
0.3449274466187775 0.5046006117184868 0.15166679879623626 0.21952488607339268 0.25665245125577907 0.07935980459349834 0.15657763130087007 0.2356340872471283 0.5121147427584917 0.25844450205071373 0.5631600514097667 0.07881093417192217 0.5510711079165863 0.18268455341337814 0.16969921158776627 0.4247806972401919 0.34836820788861406 0.4860397155164095 0.39415947102264864 0.1165777666847513 
0.2405233366134281 0.10592885936301775 0.46871543333912935 0.2705022378621113 0.4972505692360487 0.4782179221628215 0.35968045105986907 0.41775263368543236 0.3117186375293379 0.49990374236497265 0.16450903547512102 0.3605454468569122 0.15235736469916417 0.45079173583041904 0.229904887296236 0.056843404881246985 0.1698603283427275 0.16631599906645325 0.27289832254853424 0.5145812612235767 
0.4450689322250058 0.6953216131893241 0.12313836340997238 0.45755430627276444 0.1635809062210492 0.1875442371251875 0.3900316666420756 0.2259993094216894 0.5910865648439371 0.16256979185027945 0.7527798790011558 0.3163867130065244 0.7359735487874457 0.15457193470783268 0.3722864836074784 0.6294813901788592 0.4833710854334919 0.7070603389176682 0.4759188884529207 0.16160054125331308 
0.412812798113996 0.6581197872885249 0.0867522075206299 0.421496552450383 0.14644669919914666 0.15860498497493483 0.35675406225768347 0.1990003171169858 0.5623535505432136 0.14599839024400646 0.7156977955798887 0.2817035873222433 0.699107711325339 0.12329060022222718 0.33438536914152006 0.5917304073525003 0.44872896870459217 0.6691754491375947 0.4457612404485691 0.13775385673699772 
0.1755405738471405 0.1881220674702216 0.3843178202957929 0.23572043865535838 0.4122089372823013 0.4027433852791031 0.310448651692497 0.3332453457233226 0.28689460089650726 0.4148657817878828 0.24588292835663147 0.2961183536423369 0.23044061863036536 0.3654418526802711 0.15504566099267636 0.13379080248444872 0.11072060033373163 0.23666315331202215 0.21831557494851753 0.43797296333265795 
0.05393497316082825 0.26954388317619127 0.3374116580359038 0.32000708401893274 0.3335431193792698 0.3988761066423441 0.36987111667593653 0.2514653486722853 0.19523049846565127 0.33607230032758767 0.3196976505590837 0.32984130376080223 0.29814743494289286 0.3048358104641896 0.1876373463249671 0.24504729777520448 0.026102434410958067 0.35306306197635684 0.10049929021933272 0.42833776515283156 
0.4460057022171696 0.3002917226545834 0.523246645471473 0.17208475871270384 0.5979439202730502 0.4588650209837842 0.2610256095696576 0.5355089753947734 0.5578547712574055 0.6004518353019213 0.3389086282780239 0.3172582747665279 0.3455372310543154 0.5304207078227626 0.2863195689786001 0.2164598323532311 0.3858399660051326 0.17208016795029418 0.4926599294482838 0.49621618543429974 
0.4588079502313603 0.18091430922509663 0.6468855905844065 0.3423397096851539 0.6956748469002069 0.6175666771192553 0.4416678661584966 0.6203673355788596 0.511302640117825 0.6983318421283456 0.1863191963622294 0.47916282470762245 0.20459352222233929 0.6396251733067763 0.3929504606988258 0.16191534996776294 0.3881632001283725 0.05812373013039794 0.4898331836001776 0.6557818144408677 
0.27334550537362357 0.17333336177314856 0.4361328072065697 0.18914927704957618 0.4829548683377736 0.42278433831448287 0.28271403179813165 0.4086153265691593 0.37705475961124446 0.4856088049809678 0.22925444769657474 0.29443100956411883 0.22333258707891962 0.42695724016741804 0.1834869225510755 0.08315323676386424 0.20850595775385022 0.15478276989767473 0.3162335858313208 0.4604181547757478 
0.6000216269770673 0.5614171164288597 0.5094289901896185 0.23775117316630523 0.6152059257192922 0.3845921406695043 0.21264923182876602 0.5838507171096561 0.7492973674012711 0.6170651897756741 0.6068542609204823 0.2889109669062376 0.6098522459119768 0.5409476034967692 0.380387803652178 0.4695992581721577 0.5620926571169258 0.44633757599238366 0.6536275614341907 0.41049194552242785 
0.27219700342615244 0.49081413124317363 0.08538969015889425 0.27969633702652297 0.16447324073917294 0.14185181718310907 0.24435655820841287 0.13280061648847616 0.43559165247417275 0.1666589903415701 0.5486689242137298 0.16585757366319537 0.5327126092182618 0.0913647366625328 0.16856209779310014 0.4238530164453286 0.29356417599512774 0.5037759637264319 0.31567691739899684 0.16365121118347314 
0.14246568851691388 0.4558718299990793 0.28829608801913376 0.4573200573942071 0.22091250571830418 0.4082141581276852 0.4715436899766731 0.15923883435733308 0.22188860547151004 0.22256867180880932 0.5007656290668533 0.40604441162993343 0.4772566535057486 0.23885838634274867 0.3050890523318936 0.43779811681373065 0.21298828776818918 0.5454672338409131 0.13146826103787979 0.4234823830923967 
