20
0.5576880419270531 0.6028039474818264 0.2717367488174541 0.5264860294671009 0.4240221097103452 0.26731470314345135 0.3661032454761189 0.5860390559664705 0.3257584748185828 0.2367067058818197 0.24208507073597918 0.4083696622630105 0.41428603904824063 0.6395040001399198 0.6890168652624985 0.3204348069065224 0.6392363820819755 0.31346318678441837 0.22385073444122655 0.1504912535931738 
0.6122339700014885 0.6298027934717848 0.6329128259958856 0.5649019604850898 0.6471910409619861 0.11245678333780831 0.6548684680745093 0.7375017037823953 0.6273074338409733 0.16127885905752765 0.31512003144381673 0.08735958617176555 0.6739650106171036 0.5608709610354893 0.5306521250625118 0.6174631985516478 0.804419011284634 0.36454961842387223 0.16202796066537412 0.5167771176660153 
0.5755006829174183 0.6134630998657007 0.3847945509426951 0.5374151780987857 0.4947779576950831 0.16910821668620313 0.45856851431264356 0.637348024043345 0.42176494082379357 0.15303215160902717 0.23232813295665308 0.29536667196292427 0.49775334984729314 0.6181418872287054 0.6453413244939832 0.41466533209766787 0.6964942959957491 0.30952089692174795 0.1109190394926657 0.26261313752603543 
0.10036996516790547 0.11052200652080274 0.5964318490308106 0.053070106972156805 0.3231464022160371 0.4458308243609206 0.4316170430536258 0.27783708707974314 0.4434953136447489 0.40870761025306307 0.27852816734806557 0.6070558052443589 0.3907366567895812 0.16192508933547375 0.2804775689064122 0.4317568192172587 0.3427184877405134 0.20141077603646795 0.5425204721629675 0.5703519744025503 
0.6073100474783386 0.6615089524156682 0.04550227631455584 0.5929928119092522 0.37219655875038776 0.49426647707161 0.2561260041935963 0.5594500664327816 0.213584014688609 0.45654601589278837 0.3959231110842697 0.6420289825711231 0.32524788868614346 0.7521401836317503 0.8343878556035146 0.21797365570680752 0.5923892817497213 0.44097978175530494 0.4569453301801375 0.08545950976832084 
0.5307241006970232 0.5856662811791195 0.06842652426137294 0.5194960673261729 0.2886072007771542 0.4850030053149629 0.1734717720488844 0.4759459737945862 0.13022647677711074 0.44211438465899844 0.353978186295687 0.6478711906768926 0.2419597840451829 0.6860140344229824 0.7762805068608047 0.13424143755308102 0.5086615219852751 0.38743397860134354 0.46735153671976765 0.12897199568069978 
0.1665350000604404 0.19624793265001259 0.5843427462671258 0.2105202293387841 0.234179161238981 0.6548444764132623 0.36204079668150757 0.05083360490963654 0.3972667761200299 0.6090962755424182 0.45028499080084605 0.8333662979698275 0.2940977813586712 0.37276432118854846 0.5112731103082224 0.39012963826765557 0.08623824131471891 0.3855396986703053 0.728877127643309 0.6151171234309374 
0.13740951565822318 0.1524530434179257 0.6295793766199599 0.18546975649862935 0.28158215939748 0.6555685123538059 0.4114279702470657 0.10827572270574397 0.44419913082292234 0.6118860569154886 0.45745038212265426 0.8293868225110056 0.3453057488868904 0.32698515149588997 0.46586050133584544 0.4362030041604601 0.14009794833847575 0.3874328167544018 0.7368276332971613 0.6517642980083461 
0.19484738233571874 0.2505327456477675 0.4187277490881385 0.20364530681666135 0.08803276253651841 0.5123391636999518 0.21235241200948646 0.14254164099193586 0.2378535540734514 0.4636549536410229 0.3021252087235393 0.69693946197694 0.1581899427350427 0.3948324634571217 0.5182431657677633 0.22840733567748434 0.20009044123331526 0.2541756555568725 0.571761142240509 0.43854595712681105 
0.0887017925917378 0.05732540512301095 0.6589484404510112 0.07261920070205449 0.36236651561757605 0.5148082072863107 0.4805223168000812 0.2761752511093483 0.4973109089165844 0.479580571538897 0.35288637334314427 0.6700580811986971 0.43225598025036616 0.12733746672321686 0.2636540955645996 0.4860704482465544 0.3341466965472193 0.27581543021836674 0.6142420281173124 0.6397840295921091 
0.11424989826736753 0.14249667939430605 0.5506760743208503 0.06852318755270176 0.2878130181859016 0.4175036745461374 0.3906870370155506 0.26789408618903315 0.400534164385491 0.3776407672481187 0.23911054261331985 0.5853411259957687 0.3534917948143509 0.20518203019816122 0.31579762390523797 0.3886457857482852 0.3351482496176752 0.16203394281503433 0.5094083154096218 0.52412395318967 
0.6246723925632094 0.6465775211763986 0.5948984857936669 0.5784352576272751 0.6355265639406578 0.09812918030764772 0.6328164898925559 0.7383625803109953 0.6026336248490164 0.147024885676543 0.30828699741302634 0.09066203964644824 0.6570405168251416 0.5908621287653949 0.5705614984473882 0.5934093688959772 0.8042221509468895 0.3665287164833465 0.11099052756539268 0.4754679332915243 
0.06473248038125871 0.11672387729053603 0.537754177682296 0.05519034877833325 0.23621355802823887 0.4807140207617525 0.3533517099401196 0.1896870903492409 0.3711344612276167 0.43770450625791285 0.2868494500910715 0.6543609646114696 0.30567244166938984 0.2462650090736674 0.3725502264156902 0.36011132232658993 0.2567691888665959 0.2139479330538689 0.5649264645567913 0.5297390871129256 
0.5039228531741426 0.5321388492786202 0.4848479301875576 0.45991901412204267 0.4974191406509419 0.04435484449276519 0.4984739399987487 0.6046283911816513 0.4705234935870134 0.014651561467198815 0.17243171852547365 0.2277782887882194 0.519896183895848 0.5048427937369873 0.5146805434449115 0.4607128361800037 0.6696037424853957 0.23723485513446563 0.12115487263876473 0.3761437624677131 
0.1542127624880611 0.19453464257126743 0.5436687128811343 0.19245327618418065 0.19425154981469817 0.6171328336750731 0.32358850542086814 0.034590171649629506 0.3573062654742925 0.5707134358406948 0.41083726425501277 0.7972298404444124 0.2570706919252319 0.3685277819657516 0.5053114794328658 0.3497141264702258 0.09950615849389273 0.348396122795817 0.6885776407557105 0.5719787938191605 
0.2688926129267093 0.23317348378033328 0.7789901881324043 0.23940960783538937 0.524590282080955 0.4974323281300252 0.6305135248319969 0.45719640545942236 0.6390922987529707 0.4773552097946117 0.40337806564517154 0.6137801020438362 0.591988599407857 0.058588430581826924 0.08260801475915085 0.6270455372042855 0.5147493795441349 0.3385533053759226 0.6101708392674682 0.7340962954387318 
0.41024357022063085 0.3810691818772074 0.8503871662052261 0.37366706031617325 0.6409100663767157 0.47131056826015477 0.7326577789761493 0.5986956994452961 0.733728341054634 0.46646153454680495 0.44456671184280594 0.5442889492242827 0.7041248835095575 0.2103448499374531 0.08460805303918822 0.7213831674177482 0.6593544810972078 0.3989682009943817 0.5860115658847741 0.7851097379859527 
0.4367864959307301 0.4600085320157848 0.518875073192033 0.39077152917924357 0.4713342296562676 0.09667800900157932 0.4944799776238794 0.5555016164109446 0.47301890049905904 0.07059495537141519 0.13956344006289184 0.26698663074217754 0.5044762276049929 0.4215230017446338 0.4303512141974042 0.4620089942419995 0.6223871886362399 0.18251780818254495 0.2037717658111441 0.4228762615636955 
0.6193010668628441 0.6738849782028504 0.033909710275775995 0.6063535459752118 0.37787484838678675 0.5161728757825583 0.2579649859106234 0.5652583190177798 0.2168309644409682 0.47837449982535074 0.41582524303372465 0.6635948683574128 0.327795093678424 0.7680365159958981 0.8522203428437634 0.22234310903372315 0.5959676025520149 0.4593107656527362 0.4783974018978434 0.10637868641196827 
0.5962981608145004 0.6390799128613551 0.3169892837263077 0.5625129147186607 0.47664645085002044 0.2466643099315066 0.42102728958007024 0.6348428437986495 0.3806407015965726 0.22522088254213787 0.2665649644653375 0.3688535962438311 0.4687234064296035 0.6632503505515709 0.7026755994691479 0.37535986389839376 0.6895812432903544 0.34185031904576674 0.18312879348985167 0.1909308264181786 
