20
0.3482375510600937 0.36939229141484303 0.16562207523304573 0.4000910228499635 0.05318156579775934 0.2885245565988465 0.2209892632096699 0.3707749125571246 0.19934249455646036 0.39033644441313464 0.40400389164055145 0.09571674650058844 0.4398894489221727 0.22130409848148613 0.4203778862441652 0.4683296356434133 0.38805721453953873 0.41903988173727874 0.578292710466317 0.38905303593109697 
0.3075103221940831 0.48077074346013116 0.16650284043068486 0.608942295296406 0.30384720212294036 0.36755805056976437 0.03252881176249654 0.43179261960851684 0.42321843467961556 0.6390070381935875 0.6475942672302142 0.326974664869298 0.5218894370855103 0.4728144396891374 0.6587665809501493 0.709511638252135 0.5369115949513525 0.5818751267681058 0.6658100752257505 0.6044982634176418 
0.27674792390480246 0.24979577156361257 0.15473797533918252 0.30637800439967405 0.12891644417688033 0.17888564719411157 0.28049570128099616 0.2597091195165218 0.2748003723589768 0.4021659751539064 0.3542819170252121 0.06330233864286114 0.32231802694624656 0.22555130658576425 0.3599067818243307 0.41227242070178166 0.26973744794672116 0.30394281244170557 0.4587755645354824 0.30070200086515564 
0.38885400457618063 0.2506729818338284 0.30336790731004365 0.17578189334860772 0.19574854530376015 0.24741315825343693 0.4250543916641589 0.30717268450577123 0.27174668355240156 0.29866931755724735 0.20746385787778812 0.1308460697570181 0.3315830898235519 0.14965737444081856 0.21086376451224925 0.2634616518864849 0.21979245165335176 0.22940620942242343 0.4387925443305633 0.16338090262081809 
0.32453520652313905 0.17477594355507084 0.46012743240283477 0.3660082511857003 0.5480383184558935 0.25787597634710735 0.607347582858509 0.18162263736626572 0.6763497340729488 0.7014390445571311 0.5345025627111977 0.47154139417157204 0.09923030616622187 0.5688241890443967 0.5058165472439251 0.5463325503854765 0.20832504140777505 0.23035745770138946 0.05999002428265544 0.3883204974101404 
0.6825417820085782 0.4963295431847969 0.5920905524372211 0.26219906164161677 0.4225457158525683 0.5328913321056208 0.6920200227398665 0.5755217362991857 0.3754397612948815 0.17127063824096317 0.09757491173946935 0.3974903791910741 0.5670071535206692 0.2565098888004326 0.12231963186064518 0.09221933682410081 0.4261730038936439 0.3977361677174012 0.6220516549771808 0.23985784383446318 
0.4467739768099846 0.27133956670272846 0.37719667083678804 0.11584229715804584 0.26313499112521377 0.2965387720339911 0.5004516471459941 0.343224463004221 0.3108061196144086 0.27608280615042535 0.14120187471992235 0.20459573720703272 0.34855392644151345 0.16976188209290627 0.1380173732850137 0.19133845198799262 0.2172405095227616 0.20936041236173292 0.4347302673737279 0.09738388961596658 
0.290339518471803 0.20281199625422602 0.2092162322611335 0.242651822958648 0.17399256599236784 0.16061718561404675 0.3441186339091649 0.23314983786738644 0.300850270016528 0.3867946412845976 0.3082997103951627 0.09538630084142959 0.280817234537495 0.2181800410613028 0.3085766404285163 0.3618437570591085 0.20930543790783965 0.24016863480418277 0.4095744242571298 0.23875158438611882 
0.21827812761762047 0.367237716546265 0.05364685584988627 0.5022224533743982 0.2410799325629615 0.25466706871924266 0.10384472550152472 0.32231323801106526 0.3849831178049368 0.5755639149460564 0.5564842586121953 0.24003231538760714 0.41121560110379785 0.4009678293213301 0.5634198770142537 0.6155934632713246 0.42320605546912693 0.4686498927213251 0.5559514295739065 0.49968741235554065 
0.680034972594869 0.47370903197276987 0.6109288460829143 0.2276563767317256 0.46063419592746424 0.5257762159238967 0.7229247295716619 0.5583984061534906 0.4342010018602031 0.24547702752706427 0.10323217945076583 0.4238555009529501 0.5382380587687026 0.303235845293128 0.10049526233807961 0.04770293755410601 0.3966249466053167 0.3612312953574428 0.5774434320235442 0.209627815362327 
0.5893343668028572 0.34503691357473654 0.5883475363499188 0.14308394627324308 0.5120702099452555 0.4359192800809053 0.7284959804275629 0.4360242735642652 0.5512356438115685 0.43386217964957446 0.2324275811895032 0.44705167416620434 0.3849495502099026 0.40556449699002123 0.19227786105949138 0.19764215347109373 0.2595158786488276 0.20950410494523808 0.38162115747206016 0.15418987792358682 
0.3190169251218364 0.14070559858186985 0.4394775506580409 0.32592597186256056 0.5153149759072393 0.2340758012118768 0.5891019428917502 0.16409598715314377 0.6404027158320343 0.6612584451486956 0.4941226369090393 0.4379870444787772 0.07409706708525408 0.5303535189579023 0.46566282805400944 0.5066246823493472 0.16804138508136318 0.19025153154530136 0.07125933765578693 0.3480733427439388 
0.3030700394361926 0.06402748229567029 0.33782628127268277 0.1842882677838106 0.35647749828867975 0.15315013726325896 0.4893748614189767 0.1529693824360213 0.46998065118411353 0.48980801188430934 0.3370755331374731 0.2775718141067606 0.134513533988135 0.35552859689267746 0.3151923779253314 0.36300636585513274 0.03284856494509999 0.08236468675505877 0.23391351987270675 0.200276740933405 
0.29439873059153987 0.1398167190903837 0.26364256485846255 0.1897130969917795 0.2485296196141989 0.1419407246127546 0.4082693395285058 0.19382631886432938 0.3641884588697138 0.4120796345337606 0.2948504659839056 0.16963000731710945 0.22077335624485558 0.25986714234877506 0.2852210128092469 0.33817224232397436 0.13312660698119252 0.16445651296395727 0.33975910262396064 0.19262978997007546 
0.33819563949494014 0.25412793238903914 0.2291939065688682 0.2470831820373022 0.1341624977662001 0.21543536364580945 0.34753307470160816 0.28849543451839366 0.24769091513478436 0.3366453162793918 0.27984956322269633 0.05849251913822713 0.33351750094063326 0.16451849093328688 0.2868082803309012 0.33869375290369375 0.24930566359543888 0.27264763421222393 0.45797877855074925 0.23763029895958257 
0.2953584670668146 0.08802279113516047 0.3965670091085001 0.2829724880513881 0.4622490691006719 0.1901507924721998 0.547931520520102 0.13102812543944065 0.586207682679853 0.6102002325740056 0.4481261985920887 0.38457863364720074 0.044842210426066335 0.47660630249023644 0.4216061016439651 0.46491997894675213 0.1184426986861242 0.1488815845750427 0.12095813296402738 0.30378505385449756 
0.04276924104576345 0.21265595503610912 0.1821672555172873 0.43050177484983804 0.35516786923195004 0.11429876191522262 0.3122228602163095 0.1345099548406032 0.5094149671524993 0.6353950514885168 0.5453777924149982 0.3035887710642579 0.22423876271807366 0.46230451259614386 0.5368675447339017 0.5897561135294402 0.29302211119057636 0.34436373649831564 0.3615571101619655 0.43876085994545244 
0.6858641173622455 0.595443084912963 0.5256567970851607 0.44651918204285923 0.3122851362497002 0.5736285488181564 0.5632760066686678 0.6445211568872097 0.1727546569650235 0.11800641699897242 0.3076580312604579 0.3466939911276207 0.6764439172181222 0.19716878577727107 0.3474189078381982 0.3576947976755676 0.5589338354983219 0.5558825459969688 0.7787388212004357 0.4219555860054254 
0.14829159474562567 0.3071120366657265 0.055248227844006216 0.46838356639587003 0.266609339515026 0.19277157304783696 0.17350179236517985 0.254269260188103 0.419343206434701 0.587973331928638 0.5434818707080868 0.24334216354232063 0.34446223711717566 0.4106186977530878 0.5453238456829423 0.5985258409847445 0.37057970227496423 0.41857635226685824 0.4882895238303599 0.46919199067351963 
0.2023901130938129 0.20777539370935755 0.12358901679496137 0.32842827697688937 0.19743762109640525 0.11429067293315573 0.2722344559022496 0.19649216302164335 0.3482097380847919 0.47339837061600093 0.4061261789789369 0.1385886080059397 0.27028381239219906 0.29828848671865676 0.4057124285861886 0.45909274654222176 0.2501515241900688 0.2932183421160785 0.41288255604414403 0.3283765555570238 
