20
0.16497258335768544 0.2422839876358139 0.34646785176101375 0.262525302585679 0.2000976360175478 0.37332974862018 0.19612452574189915 0.12352451354530754 0.4003875984143089 0.23123278200464736 0.363166773029917 0.3470792566902229 0.5447314654301901 0.25759254649943447 0.33192250398211 0.13886028620782428 0.25502991735464886 0.3180126686275874 0.34019430066185463 0.26025424638659134 
0.4465760204694205 0.3429337907873037 0.588020177461518 0.2845497866667749 0.43519583094187153 0.4972256112062994 0.1089946981765333 0.32236333976764153 0.6746255870373379 0.1937434424982989 0.5588879632778389 0.6290836402816374 0.823895775089153 0.28632530677809 0.5991380967573343 0.39403377393068595 0.49391837488031803 0.07739873966132065 0.6137066720562493 0.2376890109168247 
0.3611878041305868 0.42031487374301973 0.4891790716433174 0.682953700411386 0.4734753608328669 0.36292732849845843 0.5974827496886421 0.38396157393751335 0.3850821539859821 0.5557291768040186 0.5898579659959885 0.3223826993023745 0.16046364591773973 0.6767993573791834 0.40350105596596003 0.31344271105190646 0.47293467260527994 0.7530992806785091 0.37615159368995377 0.5430952068929414 
0.1725570917414699 0.36702424521225935 0.30719014170746706 0.5020997842780369 0.2816101740343042 0.3874911326470325 0.47232901362823443 0.2775817647244609 0.23559718473359592 0.4624315661181073 0.4013573104031888 0.16228638756617278 0.2565395351569037 0.495700852286536 0.22732752861435251 0.19283761587064666 0.2811741548263132 0.6075597265559014 0.2056188733804191 0.4661848636340674 
0.4695713211034873 0.4315568190596386 0.5784936300247088 0.23157065914395492 0.43255108277889054 0.588010838001799 0.19048186749726162 0.3904101310117091 0.6831762194578407 0.2891226961448835 0.5308471714234653 0.6469429769575971 0.8709225794472415 0.2353580366116726 0.6042151159032586 0.45144157442503313 0.48827947552491285 0.023638830853514543 0.6231896327042042 0.3350011013848933 
0.4741135342254815 0.1463940276624933 0.6831682529178431 0.6240233311010205 0.5655612307183989 0.07204351476982547 0.373028555284901 0.26404575406988917 0.6683753571326826 0.2710812399372508 0.732101838838357 0.5955544060155239 0.5933864464613818 0.6207888141700785 0.6315332557965649 0.3058500185739603 0.6083351109929972 0.5387720733715928 0.6224086661756931 0.2273283079171469 
0.44051207567939754 0.17625616365379124 0.6306176359233733 0.43200470533588886 0.48164307366080233 0.3119336223628259 0.14323727773214845 0.2315457756346516 0.6749377428116392 0.05299341068286323 0.637884243871898 0.6134838062949068 0.7330054151502692 0.4310436107715748 0.6122719420152023 0.3162327591508563 0.5383484887598319 0.2827481981836601 0.6167052986298545 0.04897413027275634 
0.2704744853941241 0.5282255901257622 0.23495106633420867 0.15142776041185688 0.15721098124856225 0.6572263538534125 0.39483041020992116 0.4091692172328079 0.3748530173626127 0.48056665275726773 0.15558992373034328 0.3734202492500464 0.6701428673220038 0.14650000672600133 0.29760417725204463 0.39604735994499696 0.17620444226832138 0.390564722086185 0.3268226215387368 0.5215922306570088 
0.22152530091483857 0.3482060891559514 0.36756631340120327 0.5442410167227563 0.3350453724433227 0.34617176688347884 0.4839205880544011 0.2772965685103563 0.29054658062085154 0.4603768190986158 0.4608443408251016 0.21856465990642138 0.23572936254891885 0.5380151700413321 0.2873053456139233 0.1961462959905788 0.3389988574437954 0.6296267730087476 0.2646999723627489 0.457854098181541 
0.3697300425163178 0.571438457536603 0.40211091877127647 0.6964512736597975 0.45284198820677907 0.5501674375337969 0.6950852823983349 0.4969747619036193 0.2615059147073902 0.6815824800056443 0.5141259793160567 0.2317205811265243 0.08872562356379428 0.6898263488580438 0.3167422589504721 0.413070295750383 0.4268434957391152 0.8267947212135254 0.28512723417713565 0.6811148553717933 
0.10769529752926219 0.3403123751067672 0.2700207076908041 0.43574087785720966 0.22071596932476886 0.3877332761079976 0.4169402381286057 0.23558648578923652 0.2318176871920718 0.41758568190508966 0.35360687727501744 0.15986328269117778 0.3218310840316397 0.42935775265313314 0.2009552915291886 0.15278028850783387 0.22818512544334268 0.5455488585702482 0.18720245253229448 0.4268807883899767 
0.03552863769328255 0.35685591468174066 0.21418875401278617 0.36688721955905584 0.14552745724209962 0.4306947395646581 0.3864321066655897 0.23723263532195182 0.2174661154586337 0.40613272140798923 0.28553018157939053 0.15758177784539967 0.3859553329264245 0.36038003207549296 0.16291366030657065 0.16744424406871428 0.15759710511741126 0.4979025055124537 0.1608870600762308 0.42370241569548406 
0.372493330317884 0.09381509348628761 0.5718670986247378 0.4254977484250464 0.4291930231569584 0.24381437501900963 0.1589681890381271 0.15123812000587117 0.6028276475143063 0.06142515407519 0.5919891392434476 0.5383655898398279 0.6457375078939307 0.42322136879686545 0.5447951160251442 0.23440627004759204 0.4828958723331311 0.3259154423211569 0.5462963533072878 0.04110353586534002 
0.2972316287026951 0.3283086016204487 0.4562318668894982 0.6053708946752167 0.4134827384763856 0.2883196056945898 0.5040365397182126 0.2902690509881397 0.37736778003896926 0.46145173134770706 0.5472119230386454 0.306515031251108 0.24206771462866172 0.5994510501878285 0.3765204887869275 0.22292863827462953 0.42311290758186704 0.6617331772847285 0.3537752382022516 0.4496431895494339 
0.22353498307117187 0.5755586518215031 0.042958933471984026 0.41392833753434216 0.18777308023229336 0.6505888595741225 0.5568286507088285 0.4518276211045617 0.1100526920512028 0.6027799232137426 0.1502716915145715 0.14954761344897832 0.4514016348270272 0.4076979512197696 0.06885544557035278 0.38845864983519063 0.12947781794546634 0.620706534036043 0.09439772079256387 0.6283226915520966 
0.4376320290368362 0.0939527334581318 0.6469179305857917 0.5687301818567616 0.5226163114363606 0.10321014309182344 0.3150469848837298 0.21817658623601452 0.6431135169681196 0.21360511444969624 0.6895179098964048 0.5715852045811591 0.5992584097849061 0.5656705514917991 0.6006756880941538 0.2710126361389418 0.5682042036162509 0.4811552805229109 0.5940453491034111 0.17086881737728682 
0.3826165033416622 0.3829914681101684 0.4941991368565637 0.16813394161648268 0.3463292157244603 0.5397302030260893 0.1507632126140272 0.32215577577992693 0.5960571090399316 0.25847384739747103 0.45293271821519543 0.5595037606873521 0.7877380762296895 0.17014083913896869 0.5173401104631384 0.37516923614678943 0.4028098197968272 0.08867746978547095 0.535953327352467 0.3066253091958933 
0.12246627619328136 0.4436527874904185 0.1404893324402399 0.2565844224960144 0.013832400239547769 0.5488560682940409 0.38615752031587514 0.316956361683734 0.24353274049297935 0.4426365000396774 0.15502697813367555 0.22497377178481254 0.5139193960478171 0.24998159045287585 0.16303393365089602 0.27694044069244494 0.04573641339221278 0.44684203952234514 0.18680292279039976 0.4737503782935853 
0.29098942129170446 0.08634914299476044 0.500156299409661 0.4759802020223348 0.3845857874980509 0.15618220291976764 0.2847159855629984 0.09661859071003731 0.493126497582862 0.22124495951013382 0.5504237576197716 0.42196166977030486 0.4831737266089141 0.47166782825911263 0.4509590317391141 0.12278676588622926 0.42561379863946913 0.4545474068926273 0.4439009846934125 0.20532418694673987 
0.3478285823362794 0.16311203164132299 0.5336103753741817 0.34867094828852424 0.38392778444039244 0.3193749355515711 0.07861833060143335 0.1589230805519011 0.5835796246561589 0.04602310413098561 0.5401737669759629 0.5248834058559092 0.6708555568863813 0.3468593788774895 0.5183337804125452 0.24146300320100386 0.44090107817537877 0.24905461520102598 0.5244238047125256 0.08845031571918849 
