20
0.3911350564204288 0.32018312729782855 0.6638089347643544 0.30341984070629113 0.23018981664499852 0.6719968014563483 0.1362043135326986 0.631590696110592 0.3524737846161102 0.09114709551129267 0.5224964879369032 0.4100223221344411 0.569884770275847 0.3340531835320642 0.5889402536487596 0.2697937584758138 0.35666539715145046 0.5319227939431644 0.2474320681232035 0.4728600449975671 
0.3731712630901938 0.02857398227707067 0.7092451316398027 0.5784570563423688 0.08476811403531806 0.6516511339253594 0.2773155444803896 0.7068354325752912 0.30930422604695385 0.26320504184890897 0.45812059245723447 0.6713551658973805 0.7514496620489685 0.639575136347892 0.8118941692673217 0.5394702386032827 0.47062240453184107 0.5092154741664219 0.31845595869033216 0.6448836781827093 
0.4802885825362312 0.7373163299764124 0.4173916026474805 0.2515654877554389 0.6643971029363036 0.5361822438055692 0.47334082415639955 0.3491871370400303 0.5171914471204166 0.5049161917142908 0.5529634681840936 0.15655426092251654 0.10675243149661702 0.36221880796975153 0.06727761613827979 0.2689280404777421 0.30798942711830557 0.49264967535091153 0.43584211508451254 0.1403688327102622 
0.5464184253449175 0.7510236266566157 0.5389465678308778 0.1912471779779671 0.6696240958224512 0.6486538384331663 0.4761768396084928 0.4719299978614681 0.5712533023632644 0.49632488804794483 0.6386791996590658 0.08388635903726877 0.23569893533103226 0.2584587638734525 0.14722673464329047 0.22389908960465082 0.3725956419920594 0.5866144150556704 0.4690212441880666 0.2439287463381575 
0.2275516581317753 0.23982919356554092 0.5307440217329971 0.3459130940872144 0.16441276628168613 0.5174726891297927 0.045107504994848134 0.510748866585052 0.1839007020054852 0.07794968084828308 0.3561795324758043 0.43089881387397966 0.5130961368030826 0.4343469369243331 0.567530199948441 0.3062004204096386 0.24548377186668707 0.373176025725412 0.09837895266331731 0.40707749662158127 
0.26315525975290144 0.2757957924520492 0.5472878547198748 0.30409806217000207 0.1926709438061035 0.5461959959138956 0.008267169244902355 0.5213328409742475 0.2264642137752073 0.0425794868953382 0.39470876986136755 0.39471127315047094 0.4990033358200354 0.38575180726234737 0.5432875149184471 0.26461246529758975 0.24851019228543558 0.4046970003752163 0.12063273634406414 0.3947612608507281 
0.19555166872246682 0.5154276447696101 0.22097684874711016 0.5859187880667198 0.5095066637133124 0.11289234755662401 0.4488731003943248 0.2616398827518117 0.24823507833593408 0.49709058677084145 0.08319166165887332 0.5961004155723462 0.4685705059844926 0.7274274912061423 0.5885991639840904 0.5583846480645502 0.2936805781629483 0.058131498478269025 0.3378563479757134 0.40135979420087553 
0.4446123010679767 0.6059920962562988 0.52839644883443 0.043866082758569146 0.5221397402024104 0.6097552451095465 0.33040305239343 0.4692123105915585 0.4564047866939098 0.346388271808955 0.5557889909237375 0.06870199276111454 0.2901340550187927 0.17436663467640875 0.2622274403229363 0.07154607193280482 0.2836221430958225 0.517671767250299 0.3414423012542552 0.2360817614529566 
0.391944608115286 0.6448081637202446 0.37947348576441686 0.2039433832173391 0.5731555161492163 0.48128491868750034 0.3836946789600451 0.31539252249642447 0.42596635819827333 0.417814416304137 0.4737158231298727 0.14498471670681098 0.13008991936762632 0.33830090794402057 0.15995964337071292 0.20882232256344002 0.21788312273069527 0.41878131061833196 0.34264579493918285 0.07884533409845529 
0.34099160440902837 0.18804268792820025 0.6553859057122965 0.40976668431341623 0.09819685388991164 0.634724382583751 0.13210321364043176 0.6362084320101754 0.28722377173955504 0.09702896891821425 0.46147138926896825 0.5090118371262987 0.6263348421099172 0.4618870022389068 0.6679890578358371 0.37203970489238464 0.3691898580675959 0.4886913797413688 0.2236820211486204 0.5219693453626311 
0.5049365279379923 0.6087214899661666 0.6243132393512816 0.06968505727712537 0.5202265104421611 0.6977211348023835 0.34075338463358085 0.5669247297143761 0.5055074058324112 0.3420480110059029 0.6254582297439659 0.14482066433006302 0.3887674491430175 0.07661957765450762 0.34657956342867907 0.09570621079359114 0.35957879724585223 0.5953832300493473 0.3822451289067058 0.3359633465920509 
0.20459556992780684 0.5119823268852 0.2589159976971478 0.3135492376349175 0.4584404234659034 0.31485853884285786 0.3009026828474626 0.21901153527351325 0.25065448760865755 0.3488111418677933 0.2774496148255396 0.31508959746820014 0.24077656597531547 0.45906756523082026 0.33807988179092885 0.2919483772643904 0.05947483118201363 0.22615913721808176 0.21136659303040767 0.14257873364254867 
0.2589343252205358 0.5565704262270361 0.24733941599253254 0.6565251497735156 0.5597782598644578 0.10791606947246792 0.5138177553393554 0.3003259725510911 0.30572902839758354 0.5610796541245949 0.13137210506482658 0.664527616478061 0.5250037846636609 0.7982719287707659 0.647526329279558 0.62921251339025 0.36442066014991636 0.12901213996945088 0.40414281576590816 0.4647121748329733 
0.3787854138446852 0.7071607426096495 0.19871423785192435 0.40325777120358614 0.6548639456785268 0.3305159668484826 0.49120149071012287 0.12986928953961865 0.43480026031244123 0.5366365346164547 0.40132138505055154 0.34734511257810363 0.12125991659274496 0.542178322219058 0.24680474540429007 0.39994929608173807 0.25456319287015644 0.32877203248799036 0.40767360738006847 0.13374378980502033 
0.5619173574141243 0.8426412233141113 0.4266336825567358 0.364536720445745 0.7730499230081256 0.5620102595445468 0.5843487698074762 0.35870326449934137 0.6060283272390141 0.6180724320651322 0.6153078419728731 0.2624047419253882 0.12129753493744178 0.46265427915752994 0.061112541474461775 0.3842233286932331 0.39781068941271674 0.5477146426502282 0.537455744538856 0.2162311969527557 
0.17931953163419131 0.5158293778394053 0.20622575177778169 0.3804154230559859 0.4726446535204953 0.24827898183335162 0.33541836873191533 0.1799684575309012 0.23633920787742443 0.3853008333782387 0.22331422053399075 0.38021621978733705 0.2739133998293411 0.5256792718577711 0.3838235842591362 0.35797855100517934 0.10447835081289125 0.16426805188184765 0.23275097456630564 0.18970636017813094 
0.323673173582749 0.5958221113382083 0.3233966414225325 0.23532754452530072 0.5296538918190146 0.41509219338493725 0.34729017075143176 0.26378514680970994 0.36153242676752023 0.38708580957864586 0.4019413149582927 0.20424715315733638 0.14726291864680502 0.37913685328631624 0.21927917654616377 0.2280021897912471 0.15200464248319637 0.34715981756004566 0.2896267952215606 0.044357207026614345 
0.2616559269809361 0.11940704895350163 0.5911653033844663 0.5791936247660183 0.16262419434604583 0.5175375168356112 0.28068400262389426 0.5988041429589455 0.20125040798688226 0.2931624090911545 0.3216872148527656 0.6558019045280474 0.6853293269701826 0.6700500722295322 0.7647173955920485 0.539581687052053 0.3989843072185529 0.380925022317059 0.26485458617193103 0.5808788569128096 
0.5512847096392589 0.6329916914156724 0.6766991851792599 0.12211945841070244 0.5433114278461832 0.7497372684132257 0.37229214876244776 0.6190421576706956 0.5485423662448462 0.3673326872828917 0.6738620889521421 0.18605056987683716 0.43556134318085216 0.02419763393453673 0.3841731020466901 0.1453067280824541 0.41020996367670215 0.6457169119459516 0.4238552834792623 0.38710091197230645 
0.31455791084557144 0.6512447904112342 0.15313848376056108 0.40953421368023024 0.6041628751624564 0.27025134577512305 0.4514018770730336 0.08952991151069897 0.3728693049991335 0.4991112245862321 0.3314225036439865 0.3712526113703673 0.17851778563410237 0.5536788145999051 0.30340011765040964 0.3994386797403765 0.20989640199178933 0.25886603903769373 0.3589933231007783 0.14791852636690123 
