20
0.46837603234997965 0.19536895247170935 0.3721329512879253 0.30240337167444337 0.1478428801915692 0.20629714014765 0.3033853603004919 0.31092862680382766 0.3232055615978212 0.34735606258121265 0.3975470289810189 0.26384519364866393 0.07491307974123586 0.45061189617765934 0.14405816647587347 0.2001283256070277 0.1747451072857596 0.23582096016735068 0.21192201707499775 0.28747461000373215 
0.4315838708154287 0.1256605857037696 0.27215165600247143 0.24539641910725804 0.27975540068927035 0.06695318919618057 0.16763096352496296 0.44128439576596784 0.43741129673422113 0.26509329762965034 0.45836798039748916 0.15827011428926205 0.1462241274614403 0.3893040615777293 0.18855739435757815 0.1255916961922837 0.3253782370133297 0.16023608405683584 0.3428342906850729 0.16659476447419305 
0.5285798325495239 0.12460034534513999 0.2990195025138953 0.22056824974772157 0.22716887800851449 0.16993164121779894 0.3062645246585477 0.30498365966682406 0.2987455958982319 0.2695380284296687 0.480649733416921 0.2874137777546393 0.013189494152439658 0.5007022350913065 0.21844091161437523 0.23546182226384466 0.2222930199446437 0.27337280763531757 0.20830514055246102 0.3021030598188274 
0.3623117910691584 0.530412189383083 0.7014650925962953 0.6453801708432096 0.2158658491575381 0.5012480505076368 0.491153280314171 0.501611095755713 0.5540270052975533 0.684512321859826 0.09698914286651764 0.41437795492359697 0.41932422645883677 0.4080323878557524 0.2465857496941842 0.3612422854159051 0.3116144239184222 0.3627936779106914 0.44017515330086165 0.4509076950543563 
0.7689528587343173 0.3333460050059437 0.44575360667712544 0.33526285455687427 0.35828069707413085 0.4176106236381309 0.5684935182033254 0.11991652356478835 0.0592001114616366 0.39862278582572697 0.6469924852775396 0.5508500957028436 0.2592685608777042 0.7527580508160678 0.4400500350627461 0.49499625253830437 0.256547824948857 0.5324447058883277 0.12721454216217343 0.5661328917311994 
0.6253637814456112 0.19774157270494597 0.34595218643256626 0.24400313778520602 0.2557466663882516 0.27045882449415476 0.41571300280339424 0.20639813970061327 0.1903945324966034 0.3052701698261161 0.5384546991583329 0.3970238784525989 0.10549468355578648 0.6037607044962833 0.3012035390593399 0.34238550901640297 0.1954444282918207 0.38007960786244743 0.12059410115462636 0.41228795679502767 
0.6177939487988678 0.4854045317983342 0.6568345170142799 0.564550086775298 0.19600908248648458 0.5129609816132205 0.5918352638144779 0.24145867063139462 0.3074304433241632 0.622002781255694 0.39226938328110333 0.5333366755934108 0.34771990554010396 0.6384710816831044 0.34098177191012125 0.46442791844360676 0.1387678110224487 0.4891364155511945 0.228556306647062 0.5652556502380557 
0.3473108728406329 0.6078033041462851 0.7751129172300375 0.7252065811536319 0.3043600176998533 0.5702173563267008 0.5394158107146476 0.5886448173977195 0.6423307243325485 0.761203672926065 0.06411977877588752 0.46154368894758724 0.503045357275102 0.407216335011917 0.3163906584486793 0.4169946521192431 0.40040535543513883 0.411475107766271 0.5292004539908144 0.49722872074175717 
0.6308974766104688 0.22210094586623333 0.3713151564615131 0.26890100077072804 0.2460408616543248 0.29194382883720094 0.4334967151245641 0.182693542122195 0.17150788244381177 0.3304291135043941 0.5321256976229505 0.4112355120256162 0.12054306329735379 0.6123805007172822 0.30388898849780394 0.3542394603379982 0.1763339520274144 0.3916089715826295 0.09519279931700225 0.428133118892916 
0.16859984120429536 0.3914521708763938 0.5043567407681796 0.506614493925107 0.3543426303674242 0.30568308806911804 0.1867429390123098 0.6353400308997746 0.6535561087568985 0.5126821358025911 0.3231124914710778 0.1236836986397718 0.37832820638013026 0.12348364442728056 0.21268266521433624 0.14421760073289974 0.4602703288894645 0.10729838699307317 0.5387980012382325 0.14581438958510395 
0.2852424500512502 0.5329882308030519 0.6967360441668892 0.6522939855538774 0.2554456355173858 0.48980884703903405 0.45422804106261194 0.559490964466973 0.6069702922800783 0.6851479607359922 0.035449981303865966 0.37635372856906557 0.43688302217758485 0.33608317182094194 0.23888877840819947 0.332809485026001 0.36437311383825094 0.32639055073239553 0.4892069104189147 0.4120216620184534 
0.7841413114535908 0.358049267116744 0.47099889828210034 0.36048292256989245 0.36638669334117396 0.4413473655162293 0.5908162314680266 0.10459248414936402 0.03778261255170946 0.42377925851500065 0.6539503843437524 0.5713730327987394 0.2800377291293777 0.7699611954475222 0.4547706077850924 0.5143459035479182 0.26018635780861615 0.551587033704258 0.1319751459748498 0.5874900617403849 
0.6309845245540073 0.07411411779963209 0.14392759079939477 0.05300418540942104 0.39512792232489474 0.1649636515288536 0.3271084510517899 0.3998083023906004 0.3649697490188434 0.10519459850462173 0.6351221772397541 0.34832804764581615 0.18023550140496497 0.5852241410110421 0.36297377925707675 0.32531674458654997 0.37913376051513614 0.35908448101413837 0.3223040564085049 0.34495953531129114 
0.42243643557538696 0.35824160568492414 0.5343212646393884 0.4662015181304411 0.028611258975926455 0.35112644018880584 0.39513819183679916 0.3411156973939144 0.38292653742459964 0.5112015222842307 0.260825282537151 0.3302106773211418 0.23500165987909416 0.43394715471964823 0.1338612879199051 0.26249628010997395 0.14483956136388815 0.28328230721502445 0.2635577436595837 0.3641034300734225 
0.3127140650810296 0.28863523000436314 0.44778329354585195 0.40994412652338574 0.17283297872812128 0.24079991185374622 0.23921337558532335 0.4493959573423513 0.4721000801399764 0.4380480464555992 0.2826207043128283 0.16975740066932446 0.21997924196156274 0.30067354032740284 0.0278158881573821 0.10446664200293013 0.2729521135515707 0.12168232708355202 0.3545808563468098 0.2047754302635484 
0.5340652575978898 0.7055822189532277 0.8812117592640409 0.8126338566272502 0.3649100189040829 0.6901532974293362 0.6926682336842168 0.569288105414678 0.6336794489020012 0.8586492251380338 0.24883459369322075 0.6162619496514055 0.5802716748460356 0.5923640956264203 0.44017163256628633 0.5612642554502452 0.41642131681961214 0.5646031061397214 0.5395808376272413 0.6528267190941492 
0.2273151092016409 0.5016085108799287 0.6586557910826714 0.6226880814983246 0.2625240350843159 0.4493451426232405 0.3990687345141578 0.5749439620716037 0.6168142184308641 0.6508010015701071 0.08295867996014263 0.32143502177951533 0.41856557728057014 0.27352897952763444 0.20925183037827447 0.284242311552507 0.3782923258715374 0.2731477954196501 0.4968136091475671 0.35625820393806307 
0.3141918539956169 0.25421673623103774 0.4021079001251763 0.37562242097478304 0.2229700449167815 0.1923395042842826 0.18060523562319317 0.4746087815924017 0.48945441963391734 0.39704103495213555 0.33220591558866697 0.11503352922025781 0.2147158747316292 0.28688225299553466 0.08461721398863191 0.046677904091750655 0.3116259961332792 0.07334444558248684 0.3766458476068327 0.1482936846614895 
0.4799169285696808 0.4447037361765606 0.6215312153108419 0.5454778591121399 0.10304608348809795 0.4461459479896362 0.4920706955589662 0.33483270357054284 0.38990877525380035 0.594871154130564 0.2606355456080958 0.42525858062319427 0.3132309866943827 0.5041139524148975 0.22823222667953305 0.35850909836765427 0.15218522506288137 0.37684565376173434 0.2810935473400119 0.4598647049098853 
0.44405140739666044 0.5557603735040437 0.7310340469223386 0.6644726727687428 0.21784296545970072 0.5400031325408209 0.5504285751576873 0.4633856332737769 0.5217817335648285 0.7091992708345447 0.17199515851149944 0.4756575427931367 0.43277095237190405 0.48843636558105574 0.2921917556414197 0.4169849806689107 0.2871856186284061 0.4240453070343304 0.4157513436784015 0.5121719414758077 
