20
0.7421760981845958 0.5024478948477644 0.3910167975418844 0.49559276425362664 0.7581257357193093 0.2608206148693471 0.27328310616413437 0.3910390823181436 0.3016123259216542 0.1752691329830064 0.41187223250042077 0.6780091758300579 0.5806388915871823 0.5717776209157758 0.46006604144184077 0.5781649463165157 0.16213629731560458 0.6282285453114677 0.060021888300016014 0.5108049781690109 
0.4110665860112447 0.3830740027530069 0.10668040619639994 0.6316315762507159 0.4667138563539673 0.3437426182604357 0.19051826463304275 0.18010233536019501 0.21822193501702486 0.3034623109810069 0.5081982830127301 0.41315641258521746 0.31220326493105577 0.5348744532275498 0.06993579653593852 0.25448305966740364 0.26055239504140293 0.21811350841703786 0.4776383261959633 0.11819841460325312 
0.42869488668598027 0.29134152244258527 0.19346102649541927 0.5021142026814123 0.4607361337211535 0.2098919891406213 0.06047502029995541 0.2544493297099415 0.08581869234937842 0.1799786015670841 0.3790421803628412 0.3898621425485464 0.28469129006858923 0.43040802584319154 0.20138577980276004 0.37998281889300245 0.16349295806736835 0.31047651978746066 0.38007644576648586 0.2518338790222778 
0.5077679558618564 0.32233465337186706 0.22572625567754576 0.47077371389754014 0.5324816457041243 0.16429412492473142 0.03872284873022836 0.2685455158318827 0.08748074461410746 0.10124958659547025 0.3518048502123947 0.4569356229727548 0.35415881325849113 0.44129282010847 0.26165313834550985 0.4248500888642489 0.08009458130234537 0.39553260642684424 0.293851159379224 0.31449640813173585 
0.5392122386400524 0.3140064989206115 0.2869925971568525 0.41851857785576707 0.5545627785976399 0.11296370703836398 0.07998524580470039 0.32487874412834206 0.09785159681706342 0.040035274725215765 0.3034298905758388 0.475091499242286 0.3768698721689921 0.4146363298438231 0.3247235177675006 0.4867998392385147 0.07627633255481997 0.4498248136044968 0.25258402492688814 0.37752204054224303 
0.5880394793878752 0.37693373044215794 0.2706077238459249 0.46566803565943793 0.6089809173857343 0.1678674002589214 0.11748119015406021 0.29517734605599805 0.15306507745190262 0.0662290160587901 0.35575109226488494 0.5312527687392775 0.4305727715941908 0.47669206472875036 0.3239446628502579 0.46976216156718775 0.019289019548145256 0.4749963208824096 0.21202506954168143 0.3766643087690243 
0.4466125033808445 0.3437101108565256 0.1369005207968855 0.5569315234278819 0.48795576353310677 0.25973946354071514 0.10333132575413946 0.1992217106893796 0.14070460644667782 0.21296309723207651 0.4341818495208264 0.42250229730734035 0.317058092675491 0.48578646002325543 0.152090847711571 0.3256762187709238 0.1735523741929796 0.2940694422524728 0.39271322369310835 0.20436398053512753 
0.423476046219716 0.3598048964618876 0.11569837431277945 0.5942320564663043 0.47220590999900164 0.3025291949323468 0.14807103830237925 0.18647864539039766 0.17869973276556692 0.2604999978947158 0.47092854999532285 0.4125562948757001 0.30863676530080175 0.5080235766307043 0.10824285515148467 0.28846892074981434 0.21969637564520425 0.25149115015821855 0.4380305276234502 0.15921061189119437 
0.5810375720007976 0.5119581640322667 0.07117450017067119 0.6970328678654355 0.6354445277442862 0.3902311815125004 0.2442271880832251 0.0458873208501122 0.2945492039354165 0.3084458268951876 0.578015762531716 0.5780662038180724 0.47441105989532356 0.6507693470587681 0.1586860139948411 0.2310652913576721 0.23071795860943098 0.3707945424382117 0.4056522807599017 0.19411074848399637 
0.6800512053611937 0.4681083747711322 0.3081362912810341 0.5165577103853386 0.7031182877622895 0.24247883566485426 0.20982490583296434 0.31055468119390156 0.2476701565543874 0.14070300386578638 0.4180432501684738 0.62576076982817 0.5246601597556552 0.5578783158902629 0.3776460888262273 0.4967663061618853 0.09219739137551677 0.5508623890257502 0.14288069631437267 0.428113626438517 
0.03871706448837203 0.29470469558393975 0.5030565673210718 0.6222409292839526 0.07554046617136057 0.49451686898895225 0.4433281372143807 0.5755815165452959 0.4117452061562916 0.5420197685402092 0.5282584404365582 0.09008860510788451 0.1370085939869014 0.4082102499717113 0.43215538285806704 0.5740942472608416 0.5609742237936721 0.26522910303150377 0.7613636820591491 0.43682870542440944 
0.20730413459946986 0.3660157448855173 0.3236233171988238 0.6871527763414439 0.2850075649981063 0.46621431912212435 0.35407117990759 0.39136457864924595 0.3474476926832578 0.4722835981310111 0.5719028505407164 0.2660672336359243 0.20627323375801188 0.5171355352016861 0.24148930845649283 0.36549025387733014 0.4593081327575115 0.05899875359087685 0.6775201447176263 0.23450817855253334 
0.23543450928980464 0.336795446184753 0.2820583616085494 0.6497579647273221 0.3037147353693135 0.4179147739974567 0.3021712298243285 0.35226922952014833 0.29712346222258323 0.4207157149125221 0.532145302894598 0.2702537518166631 0.19254459000759297 0.4914673014791166 0.20471958939411447 0.3487651910014272 0.407165233838996 0.08240025911312127 0.6253415311516666 0.20757414840488003 
0.11583793130607326 0.23303752031915867 0.43141989118985785 0.5653746099211576 0.1432879065840825 0.41343177684801746 0.35843089375383663 0.5047074248006821 0.32695397841229384 0.4575216827211195 0.46323625926823553 0.09521645955399796 0.059562623009433074 0.3666666745789295 0.3670164089971601 0.5234108518323859 0.47612381417395966 0.23275888849023954 0.6767282013634639 0.37931280547716945 
0.23617879648411252 0.09704004836892671 0.4600033174982306 0.42781150663630146 0.21177531590514084 0.31669873211136174 0.3140139787997319 0.5317222222563402 0.267930902052815 0.3852570091298353 0.3304932900555508 0.1274193505357478 0.0850555031312181 0.23060873594928985 0.4175671502831321 0.5945978287790432 0.42652324637019595 0.34443055625860863 0.6013735770934214 0.4452257686769057 
0.4237091019909246 0.23362505258907162 0.2631419775815122 0.4330727444257226 0.44222220163606113 0.1497671132177014 0.05572283864511007 0.32201475941236035 0.022482012745990255 0.1513663118648029 0.30978656908157004 0.36491191313467686 0.2638219523603212 0.36474690719072583 0.26856241079056886 0.4492977485932282 0.1701340542758119 0.3489462590742393 0.36830136913764233 0.3174273171522854 
0.7653004250485032 0.5108617622764511 0.4327001925226493 0.4750643099105388 0.7767757842540842 0.26571482780858136 0.3009193505769609 0.4344153162793954 0.3236183256203506 0.1930254258420306 0.399981827617188 0.6953281184990052 0.6006762414948033 0.5685493263254139 0.49977783829282607 0.6212873467129882 0.1961158261179517 0.6623885952475898 0.026562586177616445 0.5510222087325383 
0.2904103213284203 0.4341291625400837 0.276168463240344 0.7433728729631676 0.37117914308095995 0.4969224229548567 0.3648713865866494 0.3362902725425511 0.37097409692731437 0.48466031126845033 0.6241295010240282 0.3530268213944614 0.28649249343454897 0.5889510910938344 0.18869914186731085 0.28324749905575153 0.4563622048018991 0.031431883052709074 0.6755898844721022 0.1662340526785251 
0.3908489512627695 0.13752995034449925 0.6123196341451834 0.2942833088870288 0.33074913688007657 0.342242920747738 0.4175434473409067 0.6793471494546592 0.3642263267735047 0.44014316316057295 0.24372700280490875 0.26396242399166053 0.27248810641701093 0.061781203365156946 0.5855220827983852 0.7683743150050141 0.5072847362603322 0.5332977214660115 0.6278699035339332 0.6198648729378771 
0.5969106374248047 0.6358178976380505 0.18264723309822295 0.8719065833874424 0.6711804282486912 0.5702423747181005 0.4144515767878004 0.15689772553267048 0.45601707664867525 0.5010599874895812 0.7494074044402182 0.6356682963938601 0.5449575197169111 0.7880216720531111 0.18699222199901627 0.04258317142987072 0.4288755823794018 0.341932918434531 0.6055344402564411 0.16186394329727094 
