20
0.6323886890187036 0.37965553509904754 0.7398748071740491 0.10307495515451497 0.07390114799340383 0.6088441469968902 0.5860374628183416 0.26726606778126555 0.20682560616476084 0.800581882795047 0.10266094296152156 0.4603392552196476 0.32905422675768675 0.1092272085896126 0.5577212770874301 0.24458654475572109 0.21006891423775287 0.679922068709173 0.2549604278828569 0.2705225310670296 
0.37422950595253 0.21985079190102375 0.4133760549871017 0.39359530275611315 0.3810265732124491 0.5465982978518216 0.3788913371501474 0.4743163585691144 0.248220233503285 0.536467412111507 0.4742944868634525 0.15703521827694755 0.42664640060172276 0.3317560684937588 0.3343035826383265 0.5203776302931974 0.2307814116462729 0.5281629843649106 0.19881975940973123 0.17234589061506728 
0.6251557643773544 0.39629765884524987 0.7512318342947628 0.12094609614578283 0.1452653236971357 0.5283847155007234 0.565126861842993 0.1508971463641186 0.3495270524043106 0.7793030800797738 0.06277485926554208 0.5884503524847424 0.24674676943730808 0.18787100488488181 0.5479958649228889 0.09540375043244584 0.34495656074942505 0.624804499564858 0.388711096817568 0.3964228962290023 
0.38542173211025865 0.13947789611282346 0.47515853140463743 0.2275667918775385 0.22116774422459579 0.46184186919301357 0.3570015526553047 0.3067839113583164 0.1757810895307112 0.5584281467493887 0.3103815354771846 0.2831436966654162 0.2739334675803566 0.1720320471149386 0.31907528291249926 0.34958308733796833 0.15239651405079532 0.4850614368089433 0.1578639533817686 0.13905408189589707 
0.3548559262757965 0.18174148673173557 0.4893243207824666 0.2390519600808676 0.2673907736155299 0.26828292436813694 0.2894730450760451 0.1459076352337136 0.38186872496518487 0.5007582623296899 0.2956179430929559 0.5220883382266199 0.0492315608984308 0.25059937023572393 0.2792616344979911 0.21799603183970265 0.36222799252335386 0.3475251101170711 0.3858564574881316 0.3738483440477487 
0.4285058005746729 0.3498930469678478 0.4175954196368792 0.5401719392716967 0.5251694630071574 0.6516947634554865 0.45653979090340546 0.6223420520133268 0.36677376897879993 0.5650721129674441 0.61942101851785 0.15113065797248934 0.5694230855250197 0.47653671100446643 0.41340845815025634 0.6694101219430855 0.35466104664437526 0.6074159685271494 0.31404834624133915 0.29209943249141923 
0.3917983591625907 0.3097572609517741 0.5322398945284247 0.3618705311599865 0.39557691223876745 0.18216423117852384 0.318493367429956 0.20871606833779197 0.5330781866992915 0.4963151207201718 0.3955127536134946 0.6697519553636486 0.13927999997556476 0.38991670255149447 0.33000345528437175 0.26920267220370026 0.5140680636239372 0.3037662437717808 0.5387428544890407 0.5268148347375372 
0.16514765687863103 0.2333502151016491 0.1707357137814134 0.5293255971456263 0.5324229902830792 0.4226876092311063 0.20868473923775824 0.5339054499080753 0.467930593078529 0.30235344073073495 0.6118444047801417 0.3779477186019258 0.4474929049255678 0.4857570872903572 0.17271973020670775 0.5995542316019821 0.4463994411928776 0.3523762896788512 0.42617636199421954 0.3989276429093503 
0.7587319002974566 0.5075245683004443 0.8686742968788789 0.21351807360093958 0.19589493105754724 0.7129854513284328 0.7096019485161231 0.34576746246494544 0.31124186014277505 0.9251107000982841 0.15829974698888033 0.5645638551960115 0.4277915027367098 0.23775147550468365 0.6832497750332722 0.29858753624505474 0.320791521078564 0.7947256801282986 0.3633452593347622 0.38333443308154047 
0.17307491495759691 0.2680141759674568 0.14965024064155347 0.5639796028516177 0.5667895277686575 0.44222423196963423 0.22592863196468968 0.5678540728954193 0.4978487620825392 0.2923195259632349 0.6465568545272454 0.3940662486444115 0.48041249187281565 0.5199368401636653 0.1941690384924687 0.6338574726088062 0.4766747255197822 0.36321640394600674 0.4548173375314065 0.42751606443899715 
0.3033310305558394 0.1764962282030262 0.4411863047706939 0.30067789964781494 0.3276641063687298 0.20984641725290074 0.23456608757809122 0.20240332795932806 0.4253436509581661 0.4418216009434532 0.35865110125648336 0.5394595994764874 0.09969909360585684 0.3071542945457386 0.2304517646752142 0.2750009451559428 0.404335392389136 0.28449662173025414 0.4230086642830721 0.40789935691744067 
0.055085320579929244 0.21085060765605382 0.1571705475539344 0.5113906742434312 0.5226912547835196 0.3057614201756111 0.08939348915222509 0.47801324683745544 0.5055695822569379 0.22462955998912293 0.5894177544786254 0.4699983562110401 0.38125859770470105 0.48128036370957294 0.061877112495309534 0.5485293301451388 0.4824487454555816 0.23261723258743489 0.47275437561729144 0.4468337157765863 
0.4081547912662439 0.2671809465807444 0.5472801646165929 0.2731155971631801 0.30696919096767433 0.2532294118440558 0.3373483564972897 0.12501527278833874 0.45204428847599587 0.5363035195766997 0.3087388437038461 0.6076297220271288 0.054691351149629336 0.30296635498047453 0.3370919278963272 0.19207165100793558 0.43415656853899987 0.35946134069399527 0.461972948994047 0.452409894723186 
0.2982663685731697 0.16056573703071222 0.4348277591373539 0.29284331756131193 0.3186713773098357 0.22160172458712513 0.2311519105015534 0.20392539972093784 0.41086045784897895 0.44122880383365604 0.35354218541547194 0.5230183630312008 0.10241470922357832 0.29628987591909806 0.22401688638817538 0.2764216310896728 0.38966211046846844 0.2900489697481348 0.4076595597062997 0.39224669151765407 
0.0859806322385335 0.3360269460571332 0.1380368544473586 0.623446485599735 0.6395625185046753 0.2818286826414665 0.12702728068159727 0.5597044918608215 0.6422287691308458 0.09015465670350142 0.6963457511841701 0.6064239126775888 0.4573558955809367 0.6021385786119402 0.15330438745409894 0.6322655652053952 0.618926796163682 0.1612231823255111 0.6114186230813586 0.5858430425688105 
0.540276582827751 0.3779561962615468 0.6790764393432112 0.263063404148959 0.2996043611779664 0.3644623166554488 0.4695876489740617 0.09872878366004678 0.48556544011595193 0.666412396774274 0.26050164372442475 0.681453413813753 0.1507706769428629 0.3167679910231844 0.4685316976632944 0.11236015573455051 0.4725029474519329 0.4825505435560228 0.5087184043523265 0.5059099670517395 
0.22350327192707525 0.14341084582631788 0.2774759870336065 0.42234903912310406 0.42286772114029225 0.4188486678935285 0.23209248760843793 0.44669657636321686 0.35648607351144784 0.38806437242171393 0.5055693032158188 0.3035921984273431 0.371372445590578 0.3752788645710223 0.18751831335082308 0.5076190267180427 0.33452513281314195 0.38324024171585624 0.31695178584809686 0.2899604596743052 
0.3601437620400925 0.1891116813081316 0.4950798607959288 0.23920996116062596 0.2682119807773461 0.2676059379093871 0.2942154140328443 0.14082294414524574 0.3862935205938008 0.5047837428724729 0.29405868788884854 0.5287256099278245 0.04245912176165276 0.2527237592164574 0.2848043110950354 0.21314463042504905 0.36685400059573214 0.3493806983785839 0.39104082220326186 0.37935900464825056 
0.5289202265280121 0.30380699728851446 0.6556606921709266 0.0907681444777413 0.12737709977319006 0.4433470163689459 0.4690096802227761 0.08160442042026077 0.3185380098720904 0.6835028473467724 0.11299215774494334 0.5350706538249276 0.15807964206920616 0.14738737195157986 0.4517697475971577 0.08346779173128434 0.3079206749926396 0.533102769356891 0.3475320094022426 0.34902476700241536 
0.25521695268676636 0.29720318475278074 0.3890532603572741 0.4772995797882516 0.5051467005857939 0.038631425063042485 0.1868904809807923 0.35642024456672694 0.5915982687336652 0.3287177972300232 0.5302336616189312 0.6636658030916397 0.25996881094781177 0.4844445363393252 0.21699918258979034 0.42539051367419384 0.569413646406302 0.13130495195975883 0.5817724929725159 0.56301447283464 
