20
0.3257370637353415 0.4115192751697951 0.2199220610215149 0.45117186852827434 0.30346027400437986 0.3815821925300372 0.37912319587632215 0.34942335921161194 0.2539192122694348 0.3964617679312368 0.3005326297968928 0.0643385302728646 0.4472481097534756 0.3938905242456445 0.15933316825410973 0.21195049237386435 0.5387880982826537 0.11372059087210255 0.21934009936916765 0.2613129346991214 
0.23976580775980216 0.36958425984979654 0.14667965045069897 0.4880778313064418 0.40204392469049993 0.2697091970931056 0.391285073769376 0.2390581385458531 0.13973539834827137 0.4391509010253687 0.33510489781329755 0.05334195412129246 0.350594522029275 0.28293446375547304 0.2749026318293061 0.15524814329272732 0.4598913602191038 0.2043312044364377 0.10231081038672928 0.3789240650448589 
0.5230520340236 0.5988637895769469 0.41744473922408565 0.5699416024559519 0.32429756960499645 0.5679695065205475 0.5313486765404739 0.5375079817500636 0.4377231451804632 0.5128757048146209 0.4388493377432004 0.2517387989726706 0.6432308235689739 0.5321243534350693 0.1627464965798929 0.3026143854988138 0.7359199441625516 0.23594111981180818 0.39780235551042886 0.15929739492827624 
0.17889580904520028 0.03594710861026121 0.20365412111704553 0.27738930315904137 0.43260293378253006 0.31242583108001454 0.15509984736970997 0.2914666712037909 0.30521010236026797 0.2658725137021323 0.20772372108619538 0.3536659716694611 0.24586006835392726 0.4962828355744737 0.44156975486545935 0.4923318526377246 0.22644382131665722 0.33810331944042143 0.3281194351242681 0.5518451376853107 
0.08736886663898567 0.1483665260178826 0.18769228978846075 0.4370308342297444 0.5521127853408717 0.17472422962688466 0.31317162436664375 0.16580635193913507 0.22679661740518353 0.42109794518577004 0.34666212086356313 0.359445845884066 0.08559498703708995 0.38049342196282276 0.5163079921746759 0.4469139861380546 0.13335299963548156 0.4106263114474461 0.2649060139514721 0.6320331756126109 
0.42757445528397453 0.36842969756999244 0.3516303042604333 0.1949960369010078 0.10660402970483618 0.5487398124076747 0.21186119621092786 0.5164278716528206 0.4592019661370289 0.14097843867589682 0.12772465585594456 0.3393052393297035 0.543910675386631 0.6499723956258501 0.2205660674763292 0.5116699060702377 0.5604948760975866 0.189449407065466 0.4476324117558149 0.28558187471720864 
0.20426181773593433 0.03840602977898559 0.2581209625992619 0.31730925113963143 0.5021830225687417 0.32375957636379005 0.20549179083249924 0.30951391769527453 0.34463040041977877 0.3170545248774922 0.2741177207381007 0.4188831714672336 0.23072694277805272 0.5226438538622415 0.5155853019091932 0.5466474098779235 0.17079491968522195 0.4119271882956748 0.3737221344349023 0.6257788567176261 
0.3425038156562075 0.5070078643972384 0.2829223175957512 0.6530888624519304 0.5466090484630071 0.30082933202720336 0.5534168303484157 0.2833518220186266 0.1993138205687833 0.6042800312624705 0.5002439671875191 0.19693498060091652 0.41800539533037495 0.18712042149309435 0.39494301884640465 0.047395541425470145 0.5513804544934297 0.3526942404683065 0.1632553543199374 0.47665254662108725 
0.20406946726088887 0.38866711390722386 0.2207181133337509 0.6203129806615808 0.6148506901077551 0.09847829142701503 0.5002775650796941 0.09825611184738213 0.10775589922118019 0.5845404613405923 0.4844027300828429 0.28451510037973504 0.22557242009250048 0.11688753004746597 0.5046434231174026 0.2541623857421003 0.3680383437057637 0.42258221234961235 0.13062677108798748 0.6101337766485603 
0.16373185921348632 0.25829794076912804 0.26842897647221103 0.552404997370959 0.6611932462340372 0.1452361740083648 0.42916559546002786 0.16024537115902543 0.2558919137945809 0.5376022446688578 0.46209015496529143 0.4271023630028782 0.03737188437165927 0.34725093204134627 0.6093523962502773 0.4743266292788444 0.13727898946828324 0.5061848448035171 0.2990106755044597 0.724937529744908 
0.42945173219133514 0.31400201478558193 0.38285191618052644 0.059959047637634835 0.23322063319171032 0.5633159764757248 0.13408071754242515 0.5343217180416887 0.50080483201879 0.02213121123598652 0.12046203060512986 0.42623457138457715 0.5273344604346536 0.7013960168511791 0.3517550618952278 0.6009947924229204 0.5088752249073231 0.29864909083669905 0.5006286018119015 0.42083605647605593 
0.37380876140180885 0.31836349899968747 0.3001276755220276 0.18757258630374252 0.14958612706366914 0.4961633841340176 0.17301036060699662 0.4641007267089801 0.41018858933069025 0.13045603167639014 0.08037209815979474 0.3035364379379388 0.48990850479263554 0.6039419202516745 0.22255816347246316 0.47810341565579595 0.5086803177552272 0.1657017458611575 0.4010684588742812 0.30587322463192124 
0.43437629305279585 0.2691305819467139 0.4250617135107243 0.0949867289353674 0.3863280656010105 0.5702509931063574 0.14056263217725948 0.5470416602330065 0.5417286814558642 0.1442438067612887 0.21409241706144205 0.5183417271021084 0.5014721008368833 0.741659482961465 0.4909850500810766 0.6865570712900716 0.44231637460127127 0.4200107995498962 0.5534862639161812 0.5699996032342391 
0.32739192944176104 0.18402477645930063 0.30960099894237325 0.11427582828855379 0.33435893046192466 0.464063583294929 0.02601373810705958 0.43877639100372273 0.42707340418481726 0.11377970284247528 0.11904043941219007 0.4054926729784391 0.4088884104756501 0.6278737432987701 0.404899765548021 0.5715544729453398 0.3761962757072257 0.3213475516614292 0.43762299290430556 0.49738906372851555 
0.4754752612835462 0.5676603133068966 0.37204541118092155 0.5723676929485284 0.35292754621116096 0.5101453301032646 0.5196119914844309 0.48068972998369275 0.3799900280976708 0.5154394757930224 0.4317369376043684 0.20083220285183911 0.592078536654745 0.4657823010903087 0.18178684080563368 0.23574690448735106 0.6922492585300221 0.22543175627261944 0.3388235766846631 0.21352573064213812 
0.2096596310360132 0.08976759862022786 0.2830125615703104 0.3709334530996791 0.5569223926043946 0.31185129959426566 0.26145838288325063 0.3032327322851769 0.3540533401352758 0.3727519183036528 0.3296710070528699 0.45104154337247515 0.20338098501512955 0.5180304531671619 0.5633949652169121 0.5660332725993646 0.11790850997667777 0.4584548895558669 0.38761657208794903 0.6751710926395488 
0.23431580531657487 0.41769328827965235 0.25881939503758145 0.6567282188142458 0.6537588375189214 0.11308332346857544 0.5358115422814942 0.12322144378355615 0.14683414022765107 0.6218858086669413 0.5223398244171155 0.32075148119205743 0.2378201219421225 0.09799082656949196 0.5417208613726568 0.27535211458969017 0.3808195820336809 0.46103678436156154 0.1682759784915815 0.6460164426012972 
0.20311434013569596 0.22247657002607374 0.30821302453173055 0.5196872326753119 0.667753308584511 0.22983467916186656 0.40219411247660164 0.2385346114686689 0.32493507951228356 0.5139404941178752 0.45267953747109546 0.47779409471121875 0.10337443923047213 0.4360330506873771 0.6387911236784221 0.5472452130345857 0.05015891808106803 0.532949758190363 0.36682779415273126 0.7544482529509625 
0.1394637084814459 0.3051823986958517 0.09302983070575044 0.49499997758429864 0.4772255961852254 0.15313317918507843 0.380513134986432 0.12145273693573007 0.03061730212560608 0.4549474532881787 0.35234464630593104 0.16637335200947004 0.23592161970240005 0.229032332511326 0.37631357999181736 0.22158454098052605 0.35585129325466625 0.2875850721231294 0.04138321775021784 0.4866848918338073 
0.14249710609439387 0.27154954688942384 0.2408325779049271 0.5576546707795265 0.6447738331857478 0.09778083059404728 0.43297316525198876 0.11493091280072694 0.21338129294608246 0.5381151729123546 0.4560332300736501 0.39113297149430043 0.042231289477097964 0.3006414694577365 0.5819818171055628 0.429086408052617 0.1798910424408024 0.48096378729311634 0.25654814020889555 0.6968965956316833 
