20
0.3319572679266712 0.1874027372410871 0.23353535927890776 0.38931646203773657 0.24913888503235404 0.3900317845050185 0.13489959233176857 0.4112010218047251 0.22807255289908096 0.06493797989873587 0.16237385346983654 0.44283967685314335 0.2816919125292983 0.020790420194643607 0.208330058565289 0.3456487299550958 0.2768281039344782 0.305009086121645 0.04136239899372046 0.4061729445241167 
0.10537402177627789 0.3690074847877857 0.5634344485355711 0.07649831888637015 0.37969544891366264 0.2179481191986893 0.3620288390559553 0.12478912294624543 0.13717985038534158 0.2724172377858841 0.4946832618725512 0.6796183842476511 0.45800159786133837 0.3504471820415303 0.32989016472454713 0.028504636017030925 0.47961482114151033 0.37497223641546357 0.29553143068913645 0.0759666396974437 
0.3001975636867324 0.3377973807290728 0.4022455876327093 0.2668933815659854 0.14175016057931322 0.21294283671962175 0.2968198723705169 0.2689695017309743 0.22085444651087202 0.1641524524271892 0.3302414675632206 0.435961513308446 0.21629444767857237 0.20483809769270064 0.0882929951881565 0.2674394940457114 0.23606490237370167 0.16142611671391968 0.1712990375932053 0.31833739048286464 
0.5930928093083518 0.5590795553417256 0.4641944984137764 0.529532586429242 0.15133600399152655 0.3962401360943528 0.5058142372933536 0.5111828460140195 0.5109833630986492 0.4016551347755999 0.4150626551930073 0.18851226162873336 0.09016040731721392 0.38329261244160534 0.2056531702673108 0.5536057540121402 0.10164604685941035 0.15962481357558148 0.3920029591377118 0.5975015885508246 
0.341161780898251 0.3119958179889482 0.33753913059248847 0.33194705921778533 0.12401246080132015 0.2807301182918169 0.26431436274030684 0.3374541661944653 0.24901324824820725 0.14064478352513302 0.26637361847876745 0.38701525269126735 0.18087584771071244 0.1550421705239152 0.07497661304549454 0.32141069703568015 0.19156480752066016 0.17127137323677083 0.13790944814653344 0.37619866776994737 
0.512691731274274 0.603728542638559 0.6100580819662595 0.3900645725655452 0.2045813682984004 0.22233605698987674 0.5598710582872461 0.35405998265851685 0.46452765802856316 0.4291861890405934 0.5451303340927082 0.4171972798578577 0.24191880229115023 0.4532032430565412 0.22822388782843775 0.44788827021265465 0.2773956324550951 0.1369198093889919 0.4324833832356578 0.472625241099109 
0.11817641071003648 0.3211649955106643 0.5028901733667622 0.12355673393114851 0.33034005597433064 0.21742913283305584 0.3085458466425036 0.16054649105281993 0.09539432750050496 0.21159432105836318 0.4336141080144966 0.6254882749764189 0.40663768992167293 0.28919816511592866 0.27835776027928977 0.0793675345803215 0.426043140198636 0.33371498515301823 0.23443381508141428 0.13689227462656345 
0.48948463981709706 0.19137882363519373 0.1076575109466153 0.5941882098114041 0.4501466027572551 0.6169146703220493 0.17070560839394772 0.6243682141259 0.3965610612201207 0.2684831868670862 0.12145292502807305 0.5308935451032315 0.45336436866337154 0.20721268268223098 0.42187701110549986 0.5310999815569182 0.43337428386343047 0.5144404553255163 0.2506232382515074 0.5903359415614757 
0.5095984015025166 0.3057842808562428 0.12854202179261567 0.5531744062243424 0.2832072283419974 0.5170699611718638 0.25428352444590413 0.5670766166908267 0.40571389590712825 0.24254627512375085 0.08685341985279878 0.32641176459728166 0.26294003909629443 0.16754500045536205 0.27483196354145695 0.5195294546814253 0.23681965169037097 0.35131306174123167 0.21900644174362627 0.5794742774617774 
0.4301792302735436 0.48335613112573833 0.4912817994123004 0.34280338899207463 0.09200953647489618 0.20654989519755568 0.4379945581637858 0.3212223223898131 0.36550167906292125 0.3089526275813308 0.4245541637337285 0.3708435745700704 0.15603095145725476 0.3296451216668928 0.10489496381614476 0.37823181435117786 0.19089579067928686 0.032581443857618506 0.31063963641291165 0.41587199580458994 
0.37142410657438074 0.4371433624444446 0.4731957544339801 0.29104154376428476 0.10755297237808907 0.17351321178629475 0.39463367501394403 0.2745493806164819 0.30742368549903526 0.26284525403463554 0.4035118287927835 0.40928369622377025 0.1858427154498826 0.29400748615395167 0.08767567411065565 0.3209735742703078 0.21688503946926324 0.08149371034096135 0.26769304842965563 0.3608074157402307 
0.2183346204394819 0.11890308216931111 0.3264073851925672 0.328034193854616 0.3491646882496958 0.39016833926935235 0.10494532868867804 0.3647421504808777 0.12310600184047421 0.08858898486214663 0.26649455458126065 0.5795210249274565 0.40030495412920697 0.14267361605286458 0.29778878218405797 0.258262885222177 0.4025937644436155 0.38950650533192 0.10363657027866921 0.3169538001324444 
0.20876168025918213 0.37481971636955447 0.510440757812461 0.13156072771955662 0.26150417366189116 0.13591422942411785 0.35021068122787047 0.13718198047170652 0.17413156393592624 0.22928692676966306 0.4384227726068736 0.5652189987507968 0.34120981247617627 0.2975128106109644 0.2150266918197839 0.15017589464132766 0.3656052874808122 0.25261060653975526 0.24778609835442125 0.19095585476602925 
0.11398811568699314 0.401747457796268 0.6034196157312305 0.06422926608166361 0.4155254690129363 0.22991448633462364 0.3980075378463133 0.11640845407107366 0.17078412591003572 0.3127736686817494 0.5350626026712764 0.7172817303582887 0.49457553262818327 0.39101098783421634 0.3669590052967207 0.036205229802345834 0.5172393671221671 0.4067644457708014 0.336032073448375 0.03640405683982961 
0.2820766145860769 0.2605225244286645 0.3369267233874893 0.29702212390071436 0.18693595591337667 0.2814317001630211 0.21790557391062368 0.31179109951358214 0.18611115286118507 0.08598514513286624 0.2646141179659238 0.44788558208539836 0.24601325179777525 0.12944011724616789 0.13437713141645882 0.27178448407144895 0.25538446614207616 0.22617405618738115 0.09202993393416968 0.3296137556441726 
0.11026410617905529 0.21612652720474354 0.4340683307438954 0.2282519040773189 0.3682837183603461 0.3248071248345521 0.21435131613814765 0.27107382040943645 0.01744699336454812 0.15909045678477246 0.3707437609084976 0.637126941525612 0.4344933169301923 0.23419123116242047 0.3136076064035942 0.1500278633469861 0.4455016959564115 0.39090674385048846 0.18222354764741333 0.2072742721448466 
0.45762059320667375 0.5088102431926712 0.506465535642998 0.36592995422659513 0.1016606038319131 0.22241210310767354 0.4626317806985659 0.3419351952555772 0.3936403494207886 0.33470860014968556 0.44121854402739336 0.3587916997436236 0.15297428766299478 0.35211940784848766 0.1259025930060329 0.404396965421793 0.18883473704833786 0.03355330003470854 0.33548891692031074 0.4406370882572328 
0.4062262129724409 0.34316270914778363 0.31324735126801884 0.39467782894203235 0.09799746274716849 0.32633851340018893 0.29112214928010083 0.3966241342971055 0.3118760233753731 0.18439056938428552 0.24653693879961494 0.32232466936692794 0.12797630598691911 0.17037602144191857 0.07732268929212271 0.3872813948629687 0.13112347042113415 0.16241710003320883 0.1740719223979619 0.4416506908298882 
0.2631279686023669 0.4779140504030027 0.6125484319772354 0.1074070697975276 0.31561255639514085 0.06471493167834441 0.4554546213287583 0.07007324207166299 0.2632334284379463 0.3349833603199102 0.5402539764341281 0.6187151688149635 0.3950673668640441 0.40150269181888737 0.280950967435647 0.18396366402512762 0.42497020899019716 0.284078695074055 0.3530043939184867 0.19270558078848296 
0.20901879174559537 0.49651163384446784 0.6840007972594828 0.06265799820036438 0.4449297153236952 0.2022747847239793 0.48931658948812756 0.07130181921137008 0.26467275184862693 0.3930310141805382 0.6137463655205398 0.7502043476762463 0.5252988218215027 0.4693478412089457 0.40322517218464954 0.1333224739989741 0.5525030504481246 0.4213027694929612 0.4152423463710716 0.09438875363021068 
