20
0.31884744494132927 0.3283549294618631 0.3786764000047554 0.3970130030715938 0.2502093331030944 0.10698491496801021 0.2824843927290297 0.35580271835494465 0.0369968035546459 0.3597355985222105 0.42099364323760413 0.3118566382727892 0.4728695323847797 0.29069007332009883 0.4019135242176451 0.3555930585968896 0.25360816484347837 0.13759992093838339 0.26831419962459235 0.4477660268706444 
0.3698300768786795 0.49250876409959804 0.14695780634544553 0.13446805610988827 0.36415485793021873 0.618057698465058 0.6950600349814712 0.5133194165112278 0.554425620697579 0.573078875240897 0.44671382088305517 0.2712220098660071 0.5530299494378843 0.803391487589335 0.2984003773241763 0.17102045370415583 0.5625506127820467 0.38812452071218034 0.26077531512163016 0.2133032889600219 
0.5689855706208301 0.09197108708158432 0.39425424158773076 0.36084365572592264 0.5029814237431061 0.5055212288553538 0.34700479539649676 0.6821616193684051 0.4422063196955834 0.1401429643837099 0.028280595910387184 0.2320819981340237 0.0930827593510412 0.542380789791704 0.1685388504759606 0.3575992843540555 0.6291972891350116 0.3664260802226456 0.38323992629465903 0.2585096993435181 
0.24403743962596663 0.4721243602272668 0.07710313766914159 0.11281867779727175 0.24157564524772573 0.5137082493234805 0.6361742036083355 0.3879421557074131 0.4548215016406375 0.5513924962240062 0.4565110014061982 0.24311046241604378 0.5625013988614784 0.7170145407172948 0.3145155382220865 0.1148746854044452 0.43880982981309985 0.29271344117697834 0.16212530267494887 0.2537582700275348 
0.4434013051088668 0.4316928206301477 0.18840968872733282 0.14756882369806198 0.42145230958280566 0.635367254421653 0.6598697614337623 0.5889551834948646 0.5673032912446386 0.5101339910936937 0.36589356586051974 0.2378152255874409 0.4688348387416337 0.7940448272437579 0.22351569572040494 0.1909187775300564 0.6180825268938448 0.4042096154296071 0.293435541753424 0.13172687818748022 
0.4886633888373219 0.4272344681631363 0.5724495214558989 0.5883315021159911 0.4285400928432705 0.13134138311918803 0.241038255792257 0.4813757894283386 0.17081008505956366 0.4218050705460595 0.5394348557420756 0.4886030441874685 0.5575597536746565 0.11144424622676422 0.562086721335014 0.5479465420598728 0.35110378731810044 0.3319240191197947 0.46271533511629115 0.6225350643653869 
0.4095777831032834 0.28229322603475837 0.43416602234450513 0.44343792007572524 0.3388550018026178 0.1464021925070241 0.18889268533575934 0.44907438093773083 0.10651480154241115 0.29508442681497193 0.3891430285458015 0.3336463288516017 0.4215988885326772 0.22704405685996706 0.40410420499907584 0.40564213787511466 0.3415088092279823 0.20524994077087583 0.3322991004200505 0.4660609481345301 
0.41278423424817523 0.2180567235979746 0.39787776167175753 0.40101290279509183 0.3393691019184332 0.2050171395482516 0.1813357625396981 0.4724473679590532 0.15132851797624905 0.23787748216392446 0.32364707956053523 0.2807352190390547 0.3592753071417813 0.27677118489674973 0.342923467533902 0.36629804243468733 0.3775377283535364 0.19001514031281808 0.30541278522125237 0.4094972881058344 
0.48365567083970507 0.2723814602663214 0.4917532150425146 0.4957308792397174 0.4124171260635451 0.20031410013900058 0.11680396918619952 0.5222385292982575 0.17649824427563765 0.26441214482588277 0.38680114946750743 0.3740263473517915 0.3999989198782695 0.18723667590890325 0.428480313651858 0.4606941499271177 0.410846135495097 0.27345224351045777 0.395904988121907 0.5000416927215353 
0.16967583100367137 0.4654140149144643 0.10101502595842339 0.15019917422159237 0.16690897593401713 0.44957193458933487 0.6008561567261834 0.31468434777415694 0.3946404880664888 0.5415746679291203 0.4686847451917921 0.24626276704015956 0.571392434643022 0.6629813653121535 0.3374351455511562 0.1282037348262842 0.3632343734301837 0.24000000443249253 0.11828183315002663 0.2940467102357157 
0.2782580994006207 0.31117521083273325 0.3203558151128522 0.33923071290180123 0.20620194998683067 0.15853809027116167 0.3137420436350006 0.3364558114266014 0.08965446381394727 0.35465009750422 0.3923760701466907 0.2606775276329957 0.45536809446713 0.3464078304970005 0.3567058117732631 0.29754625786662803 0.2530667896456692 0.07939103412458597 0.21026367112952626 0.39603221332979716 
0.5171461182269081 0.035559708165217266 0.3997207266811401 0.3800396555289751 0.445313542229505 0.3896951189953539 0.22740207415763247 0.611123888216539 0.3313232728649306 0.07865555552486594 0.15137549963817915 0.2371997421636115 0.17461616604194385 0.41549248602976935 0.23317549862675063 0.36207385642635476 0.5390526512520568 0.29343597252595227 0.35207258429300675 0.3217258658851149 
0.17869510121061283 0.46341416011902953 0.09380986130844145 0.14272281713702797 0.17507736313628072 0.45559973173887713 0.6026148396853693 0.32369364524620614 0.3999498330246367 0.5400326318367282 0.4645683631506166 0.24258103773335096 0.5677368996228491 0.6674580080912165 0.3320024460469883 0.12243445419900867 0.37179289459498804 0.24381873320529063 0.11981264282682796 0.2869530143934767 
0.24661035753490662 0.5726400474795242 0.4625140471432003 0.5021823686590484 0.23273610190162072 0.209506807009104 0.5190036586303667 0.16669005173986753 0.23029462018619812 0.6117352853360487 0.6508404500894036 0.48408234631863417 0.716940851749732 0.43905783462710274 0.5924994412792252 0.4596304418580095 0.037948913335850716 0.2857653960139278 0.35787411222158844 0.606984302488684 
0.4896955333580496 0.1926650120347632 0.2755483377462631 0.2349165881215303 0.43354154803336936 0.5200873106405098 0.44406668482142847 0.619271244821049 0.45061970093636033 0.26637830195106355 0.1183427893066618 0.1377486589863407 0.22428274858637917 0.6141244927246885 0.033053081731581224 0.24232627129405993 0.5930897923407535 0.3278705413162555 0.2968299425439593 0.11813230050429276 
0.1420000838931122 0.6069790067563984 0.39606241020094096 0.4424051995509374 0.17133645890881855 0.32360511175598344 0.6099919635082687 0.028631912593016333 0.3185083463329205 0.6606388860085 0.6640238653200081 0.46538820897124716 0.7456990767517755 0.5643549578374366 0.5761969811318304 0.40441357311349196 0.1078541567002017 0.2963494197199125 0.3131929117472081 0.5689098626557572 
0.2690378155812687 0.26125629703113507 0.21294223505377421 0.22345147250958744 0.19828077582086528 0.280229389992851 0.36317982728719744 0.3736328954388224 0.21093472647652234 0.3264556797660382 0.311620850243976 0.14159025041235976 0.3945339712920255 0.4480082803129886 0.24504034713593328 0.18442410753210922 0.329669270839544 0.06314688726146697 0.11967438065701713 0.27546604898664206 
0.42796855988080873 0.29149938559352695 0.4555787947165441 0.4645773128472756 0.3578675304464946 0.14734322124142743 0.17592912690862686 0.46299867489674745 0.1172513292070358 0.29867759777248043 0.40073552251725836 0.35339214336373137 0.42833636617427745 0.20599662265229085 0.4214050219864648 0.4269406395469657 0.3519634490463931 0.22634981533167925 0.3537052237350248 0.48507635299925494 
0.4238378474654923 0.11581689099314707 0.2804826355713373 0.2601528780651178 0.35633790341583593 0.3841561764871893 0.3204632184168612 0.534617142342302 0.31605490855521207 0.1941320876379424 0.15178715170123766 0.11730057611258156 0.23506834793013795 0.4759215664657571 0.13979419621963252 0.24272853009648884 0.48475937179410405 0.21968783782329876 0.24404033439082698 0.2168406593213822 
0.5521011530337206 0.18417214504173382 0.5014071873450627 0.493176568256745 0.47826726100051087 0.3180599091411288 0.07650308699612955 0.6139470625591569 0.28107930050856145 0.15140973579040407 0.29940986369720207 0.35522044248390117 0.2902827554390344 0.27388314689231785 0.37783390556107976 0.4659074709251636 0.5145294010886282 0.32482302027548043 0.4255020257023526 0.4617783958633492 
