20
0.5590588812045149 0.1314457321872034 0.022627768724152023 0.34041328357239736 0.38668649251893306 0.25534460530216657 0.2953379181425475 0.05563142553188292 0.11659804922744232 0.39394943292615514 0.36520730557459313 0.273414697342561 0.6112052859396794 0.4434721776101564 0.21089951184199332 0.07684811553000369 0.25451580723839334 0.4894520118098774 0.38099305376010223 0.7060029948662746 
0.5048783399229081 0.3162793540099498 0.31864482630277136 0.08210313005172773 0.19755223767097485 0.06454306987932588 0.36251779505549364 0.35264239937733505 0.22332087935423658 0.22660321877351725 0.17875486119396503 0.06261725935157166 0.3207033204111253 0.14556513733094484 0.23300787319939856 0.3924083094150385 0.17597269530643211 0.2616516125327689 0.13739370683089477 0.41898245891964025 
0.6531422189117062 0.299294776470424 0.22537628822028252 0.1901763172322687 0.3876309005091741 0.17295656890104602 0.4310876071282045 0.26462173256440996 0.10300379659560006 0.18893066225337782 0.364788108446918 0.2198499680226343 0.5420736395205977 0.2884057065628722 0.010910266570118041 0.2534134223648797 0.06132738049357199 0.47277616134787964 0.20626365136693894 0.6402151520334204 
0.35763102887279824 0.33276552382639174 0.385230580273953 0.24353399105474402 0.04669123429696428 0.1982007558607286 0.29658409787319406 0.4075939685407377 0.3362194667111034 0.3887932516631315 0.04669092462791481 0.15125515266616063 0.2232263251927721 0.2599406673742793 0.38170538655789893 0.4719848584672946 0.33494962690458496 0.1023220923700619 0.2923024274195484 0.3132918770246944 
0.421232274423109 0.6442032989772322 0.7114188874761124 0.5209568413466403 0.33734693649985315 0.5164695860601932 0.5514434213389329 0.7299431006951314 0.6648903387741826 0.6477939981562261 0.3581006226074382 0.4746254904175427 0.16613834082079754 0.47413369243900083 0.697863230430459 0.7993091442485072 0.6408054982639497 0.23397818538211151 0.5483672945831902 0.10526042209273727 
0.4839161204907666 0.2968291062380277 0.3049140805013963 0.10365649123276985 0.17955917407690486 0.057717296172186267 0.3392508166594039 0.3376870522560936 0.2166777633189804 0.24656615335679286 0.1597333377174732 0.040940805366823235 0.3211718699596558 0.1678949270647713 0.23726761081118128 0.38134945015106925 0.18492425750835323 0.2500605225357029 0.15984306889283786 0.419323897370276 
0.4567174442761331 0.03175586632029094 0.08163538595247624 0.3443734118429306 0.3134333456377167 0.24281255882919758 0.19238984179316107 0.08268761263414005 0.16572695097224688 0.431958492853936 0.2943734726426161 0.24174473717297665 0.554329885715014 0.43985676255979406 0.2729831678554778 0.16377853584715932 0.29537743722759674 0.41657469545125225 0.3946538479654981 0.6447749399642612 
0.38138156743798945 0.055401645385032935 0.15686490952443108 0.35327262565979184 0.2609864568895937 0.24760386436201964 0.12060410945022416 0.15513866140297267 0.21837941640256522 0.4607606748835928 0.24495511924645497 0.23148375436183646 0.5097962257942382 0.4390229350923776 0.323141776472988 0.23831574799040378 0.3318226324826667 0.3616449957897004 0.40802949983003517 0.5958010638571146 
0.21684871906691824 0.26331875395830273 0.37176956204391765 0.5409147180363283 0.33055058661656467 0.4401959548531287 0.1112923605610198 0.3549744496870843 0.4456893915603367 0.6678282946494681 0.33046039545504846 0.4065177764828429 0.5596592393318148 0.6052205997786456 0.5488685852561062 0.4372588006694774 0.5495960728395524 0.39396603645246064 0.5982496063068551 0.6206005559135525 
0.26013529801558805 0.2591091024218597 0.3643620258808888 0.563978666718375 0.36922160824695544 0.46089392356529874 0.12927866994367138 0.3429936783784348 0.44999183033007906 0.6855427712054005 0.36717323556671094 0.43081657354216585 0.6034733973291879 0.6337690452196058 0.5555015148068734 0.42244341718627043 0.5621190732222008 0.43765487045649193 0.6210476589307178 0.6664711147356608 
0.6502498125481202 0.4940789651059582 0.47894692826630775 0.1340389912233278 0.3373725356222706 0.23172648826407388 0.5420301070902529 0.516440563222145 0.3624041344528357 0.17730597548354413 0.3263743834096322 0.24459287064279203 0.32168848252248666 0.036655522830033774 0.31825236454308936 0.5396998563099429 0.24883730168890608 0.3549792493510172 0.10422006830501915 0.40714853446711335 
0.5417211105643469 0.29375333833286427 0.2762034799670807 0.07239197421134476 0.24640057957229644 0.037249430205419716 0.36911885540599626 0.3130391175643499 0.16791568611281088 0.19248084476198404 0.225231780185459 0.08049547074348438 0.3846083922756052 0.17099969089772535 0.16888052477803817 0.3427085954577165 0.11423601317817807 0.32072278414056804 0.1258133823465204 0.48286085295379055 
0.5873954525345613 0.314964852116733 0.28095286552395615 0.07064821861252832 0.29343745806072297 0.08020249319685445 0.40554294185385087 0.31972130349916456 0.16055118878824814 0.152573869629224 0.27229935582120596 0.1268918555491267 0.4207072938940556 0.1742661334355058 0.1335788264815103 0.3377724973064443 0.07093362360925051 0.3660022535378357 0.10706023810850657 0.5185602063298294 
0.10336311798835934 0.32899579951683333 0.4348848193433808 0.5066058490395636 0.2487523747734754 0.41922359618376737 0.1692182608858216 0.4298026213304919 0.4738827667271104 0.6465362451969765 0.25779790399459257 0.3757446380977342 0.443985052873426 0.5495143982452725 0.5653273073086089 0.5141751682130824 0.5486186197882056 0.28285320502348366 0.5626075838873397 0.49431813711440076 
0.22433276444093359 0.45168375450931464 0.5348522560392901 0.4452738617517681 0.18054661389576823 0.39793727542112 0.3383711990011194 0.546039735349312 0.5184211303114903 0.5895697740239699 0.2035282038123283 0.3493929005349262 0.23734853859763222 0.44412344561896494 0.5787676034225955 0.623129049809277 0.5366021862509838 0.11664507554148992 0.490842662648874 0.27144515860489843 
0.49325440659503506 0.43970234147717013 0.46349278793552606 0.19112668110743772 0.1929328869790729 0.21785974745339018 0.4361659202713142 0.49407711179312824 0.37747628592698457 0.3157379511064661 0.19051712686468147 0.19396428229079074 0.17396551275102787 0.14780864765641888 0.3820298086323019 0.5422390837279022 0.31834220997016854 0.18619434231733678 0.2157618529355486 0.27069898937668346 
0.6448309043590159 0.2416628675632321 0.1438377125066484 0.28249623219119957 0.4196656516883677 0.23103539589731154 0.3961388273328399 0.1785802004074254 0.07868246620769216 0.2952013738431323 0.39653589728484157 0.26811214859932003 0.6097026566742324 0.3853076732387505 0.10295852468348443 0.14944785285771056 0.1650184308140515 0.5157451441030569 0.3081498272080448 0.7076815534982549 
0.5814715500481984 0.15014004329024988 0.0646478290240759 0.40255934339615584 0.4368701834323794 0.3173649474976511 0.3116543957167274 0.04907969807460417 0.17660588543026368 0.4505663329702189 0.4162794966506236 0.33364241965119573 0.6679309543788058 0.5057669958973248 0.26267832256987733 0.037189067146115376 0.31220610150486794 0.540226970217374 0.44223189488178394 0.7616274194784776 
0.45872950597895357 0.504675461064194 0.5459864247116581 0.3013848148250816 0.20978875388210494 0.3159991613555383 0.46591506240979796 0.5725157398602965 0.4738514683657412 0.42402285283388974 0.21956553776576226 0.28279469097436705 0.06409547269839666 0.25055899798083214 0.4887787299290643 0.6293307975088385 0.4269339843086148 0.14506907150268397 0.3250431266160917 0.16212735021631636 
0.5618476655718274 0.20090341993935662 0.143913994342322 0.20635216063999645 0.32013959907797523 0.13472875541773463 0.3312620298194905 0.1834744033288288 0.024907096476693775 0.2646090211339695 0.2969491170345676 0.16816842744502053 0.511289539896671 0.31024742902595903 0.10707773618466444 0.2001829853874104 0.12557897598222711 0.4152224544311494 0.2452893450491854 0.6089500695277311 
