20
0.6777279484113532 0.23665819826796414 0.40126325852831507 0.17082621557105257 0.5543400592039798 0.06872839749399134 0.5802501265424566 0.25121545524118066 0.652810343895962 0.5702998788248851 0.19014931336658927 0.36724376203686765 0.3855426191803333 0.2953753191177293 0.5571803159853367 0.4797127461909111 0.5071309445753477 0.5590508869767554 0.5851860753668476 0.2479822815229801 
0.6443208218966213 0.058852673885110826 0.41638023940843916 0.10069332632446983 0.4706682443567064 0.14622634771672477 0.6223629143809324 0.464962724874109 0.767620380533044 0.6409300140265968 0.33664186134595975 0.2792281820532844 0.17364688368166542 0.5093554334527203 0.5877922518103184 0.6139167986371589 0.5074164988212719 0.6547931435091998 0.5526137697951506 0.041553837463266095 
0.7028141641679903 0.19792940245787247 0.43174160510642967 0.1649722379107658 0.5678242779461222 0.05723104874615003 0.617514902957644 0.2884437188466084 0.6992778813468666 0.6115555766371266 0.2364525316862691 0.3759306794438067 0.35820552552490365 0.33095175601799387 0.5924523904438584 0.5271901221220376 0.5366865948846347 0.6033114948913304 0.6095728405358811 0.21393794297170454 
0.2560045891617495 0.5048793205026904 0.27876558819515374 0.4076212029860331 0.054871347691824716 0.5108363087645402 0.3941194709961614 0.7338818804677576 0.6481868426035466 0.4655550126649091 0.4988334550464412 0.19220154871130818 0.3975090008933328 0.7768048707508465 0.3516207468112438 0.5902345577766961 0.2557619165098496 0.5285363588324373 0.2002189671268748 0.4707748450049055 
0.37466969142410633 0.4309723320794567 0.09235514296582839 0.2744130077585412 0.318614085331635 0.31469385062578975 0.2615945423885812 0.4078081033513775 0.40158005252880635 0.26773715402250003 0.173376819128739 0.2225405484164803 0.46060901918304137 0.4461962281393477 0.23602729382474458 0.2751156786552896 0.1946893702720485 0.28331563086295036 0.2885465412375225 0.41307695055982724 
0.19736862702611277 0.5077868380714103 0.118175833191976 0.37124953684748524 0.12543159904580817 0.45416414753670625 0.23413642146321184 0.6117784839012574 0.47863272265172413 0.2980184681787672 0.3744682980589318 0.18023878073005886 0.45913645787799473 0.6512540214193303 0.19077754376484451 0.4196251998677061 0.08954806912847697 0.3574368760341572 0.103939059345821 0.47891310077461 
0.33015619169007915 0.3960205457718103 0.08298021367820553 0.24773031411424143 0.22734262870311248 0.3210143186584442 0.2891452522813861 0.4861809381866016 0.48043236126238115 0.3223895898264109 0.24871209439463896 0.12405823776237704 0.3878526431130213 0.5277474081092863 0.252077305347829 0.37277478049116775 0.17163216966788025 0.3572766504557797 0.23703564544632902 0.3713994293979946 
0.5227248525539756 0.3334568201169843 0.23992369215891282 0.1890056391161126 0.4320009077923504 0.18152958656645518 0.4084323153930534 0.2834709099477798 0.4950899849150056 0.39901548229877837 0.0602350093966895 0.27453564806198816 0.4194979518642672 0.3269828943483247 0.386802313639651 0.3318403773825885 0.34547425554936195 0.39290170825754817 0.4330721249907323 0.3263227212166142 
0.41472931008858305 0.5332545600003853 0.17691266546059306 0.3786616039403899 0.4151596722152574 0.39194357015608633 0.23128068063540613 0.38079995847765585 0.28850124401200905 0.19761303426414903 0.19106358350633154 0.3475097372463195 0.5821296362411685 0.41010513905074064 0.22684807236963972 0.14901121502049383 0.2413017700472585 0.182356193408816 0.34519277626928735 0.5200792195789578 
0.49544874678506584 0.44722872249068296 0.22187310737317928 0.30009802025962723 0.451697228768009 0.29187609977268814 0.3375899898287112 0.28345696541359566 0.384973077165883 0.31005197921733235 0.07971187622720785 0.3341321848927089 0.5238576367730259 0.3185234430018256 0.3262011265983531 0.2181816551070419 0.3146087457839354 0.2905424556755337 0.41475766682258036 0.43931168566530027 
0.17959269462134078 0.5249711869974468 0.18242436155930716 0.40011572570339754 0.06308282673720583 0.4914839962475436 0.2794422042037523 0.6699681905527847 0.5333893716802492 0.3505413721521699 0.43209648906365433 0.19009234215998738 0.4537148054452083 0.7103973866579049 0.23673045291216013 0.4831884248233069 0.14109685176188522 0.41450167426456197 0.09845956724397746 0.49378218481716796 
0.5643306347343784 0.17210639967135324 0.38702736071461524 0.1677736046197471 0.3709502108155494 0.26358645891762356 0.5905331902198713 0.5742519740513192 0.7768406379705644 0.6264559390672207 0.4012475481438373 0.2034151194696717 0.08469196377509126 0.6199054184803493 0.5509196406710256 0.6440493505670944 0.45766225551177225 0.6561834380947791 0.4783888048907152 0.13687013889424005 
0.5234518625961734 0.3189690228550795 0.2416725819956406 0.17391708359175773 0.426903651086782 0.16957518048597658 0.4154987019579332 0.2912413950852755 0.5080959156356534 0.4086370659185286 0.07431296962361378 0.2650845659840662 0.4045651105609113 0.3353177088925637 0.3925999148291908 0.3460149153562862 0.3476359299725176 0.4045668342044583 0.43299592713136836 0.31146290751555855 
0.518189659641254 0.49880894197494524 0.25760437103536593 0.3546435823385715 0.49377953680876574 0.33789797663308657 0.339241321071037 0.2727772335020921 0.3468873842430177 0.29827402853360774 0.11984983609742346 0.3876487059961298 0.5803902210499033 0.3016821507769298 0.3350833529450406 0.17252364251661073 0.34019557971352643 0.26535437492445174 0.44313788456874126 0.4925281676666514 
0.4270301943426288 0.3475009776249841 0.14960901407831423 0.1909024225474575 0.32994540903416125 0.23617626829774752 0.34188518409759366 0.38393498617637495 0.48033356783958664 0.35135489170142425 0.14868142781439722 0.1849131209800199 0.38722708299028696 0.426455553361267 0.31299638378820377 0.3406596015850842 0.2551462208133081 0.3646643639992769 0.3355368149723516 0.33028275662408474 
0.48279230077255936 0.6520093264058219 0.29576432593576424 0.5008336543936505 0.525699353550045 0.49846985716429415 0.2612157511016561 0.4031090314406126 0.1831785869148198 0.18992706460572614 0.28220380749046703 0.47766920646187866 0.7118303983666747 0.41960533290802676 0.2783359817783476 0.019339725247038118 0.3320265966371857 0.12689109060391376 0.43139889202091514 0.6418563626072967 
0.5359800299544221 0.20239425311738593 0.2818061603809335 0.04611321205396147 0.3918291829933342 0.11954713871904779 0.4838225423079392 0.3866964331332535 0.6208634414010322 0.49676260981603365 0.20554872159289375 0.20011487841524314 0.2723186830735654 0.43255610014968265 0.45198444474295874 0.4694608230928671 0.38081623043303314 0.5082228248671242 0.4424361762694599 0.18744940671887522 
0.1897754530401143 0.5499251836203903 0.254975462954005 0.4393376154957019 0.02647101101372484 0.5374713655171264 0.3400478050313792 0.7355992006149272 0.5990413082314276 0.4154917636044772 0.49795350014968337 0.22175940713076178 0.4554142951107675 0.7769389446492005 0.29880592318795973 0.5557481184919812 0.20945789134831422 0.4824671132677364 0.13857688252594733 0.5168246154930098 
0.07870756234109076 0.7027328342276441 0.3269545571867101 0.5810776096540691 0.18315716433354984 0.6714943867601512 0.306836224942211 0.8269000928466568 0.565207837008127 0.3902301809380649 0.5918439677304573 0.36877820470695843 0.6146975920054397 0.8644088006980014 0.27773147270812265 0.5713230810010193 0.2348176001323172 0.4663854447024446 0.13197880381165214 0.6705913060705372 
0.5924029284149656 0.10888562609189929 0.37255513516439004 0.08029731278658574 0.41694690444631904 0.16475477526066568 0.5793623925430325 0.479135601452371 0.7370214461902999 0.6025668261687998 0.3248012390475915 0.22623035251129034 0.15745421359102912 0.5244948308109461 0.5434316935802425 0.5899851915118103 0.4598754088941091 0.6212084141892735 0.5012134090792416 0.08026632654639683 
