20
0.4277697051701914 0.3165648396737749 0.45635912216139707 0.17201597567944746 0.5475236546925467 0.05533241086812436 0.2715812820232487 0.18260444107129292 0.09623074905176014 0.4645180379815694 0.14386385531995116 0.1902868298256285 0.437225922185523 0.21666097611630103 0.33552370859202413 0.26760875802476713 0.4692894356550166 0.3145101972163729 0.18688083871153358 0.2590280569200849 
0.15235488672734793 0.024861604223367896 0.47164850046132895 0.46553377646401894 0.651965557426062 0.3529676173998681 0.5117540784156098 0.29270399770704447 0.3954936647836285 0.2757076842668947 0.19409078225408102 0.5102968888444218 0.16872824732406835 0.5156468928426504 0.01402605420416762 0.49881558118643426 0.4845517498740369 0.021318528359187808 0.18870639297288744 0.2058212883909295 
0.1577709023436454 0.03513886298423558 0.4819222207654552 0.4724393017608821 0.6622057579376878 0.35897959597725293 0.5202168671875312 0.3017330985790615 0.4018408070377579 0.2839103746809683 0.2009183968545661 0.5140187841605761 0.17438471856024332 0.522521219870888 0.01970992681133312 0.5074079336060117 0.49481805888921687 0.031587320678463364 0.19739918139684567 0.21595918429487154 
0.16077438743363234 0.29599382011215136 0.36119080884120847 0.6125035550235999 0.5645327609187656 0.5408979420908622 0.5941001599968396 0.40094516530342234 0.568349169523348 0.08924156702953782 0.4035535947219718 0.7291082537365466 0.1437729453620108 0.6572526953821908 0.298251299224135 0.5770989664108969 0.3678574031890564 0.3010824893049422 0.35597684583359357 0.2891439432876711 
0.406486588190173 0.44291630944214994 0.01223159338380297 0.4006891288669645 0.20185444805544647 0.4070917581980854 0.31801438096591284 0.2674485946052838 0.4039091575831311 0.29054292875866533 0.3806715453583659 0.5748493758935819 0.3977039016531602 0.42586679536090977 0.46321234705708475 0.3022420351175085 0.023557185305457355 0.44664742027023024 0.3333450365316886 0.2709719276585005 
0.3241867202607133 0.22474506149119403 0.66995846683672 0.5878502731124827 0.8434932033573862 0.4660873830982958 0.662089931361801 0.46070396999566404 0.511430402398304 0.4651807016234955 0.33654155497064603 0.5718162726923218 0.3410948359185159 0.6353689282712494 0.2076152909209911 0.6520401629180456 0.6830695877027534 0.22048706840118612 0.3573925745578176 0.39744492795252256 
0.6142620986124571 0.5415285018784446 0.43217516730596434 0.09698999163620244 0.41150642856382913 0.21884210916540378 0.10224833224689898 0.28674309318381086 0.17368124097612447 0.5897546904199688 0.36439005017178994 0.23093403136532964 0.6177286539591685 0.05408129402316992 0.5641129030960557 0.11775653497882338 0.4401439827734449 0.5412423615161828 0.37458428630455665 0.40510451614998433 
0.5133527457991789 0.39635866068382297 0.5272015430497837 0.17297690430425067 0.5955618567698087 0.10924193195332889 0.29220194194677235 0.2621489369600479 0.1199859089800262 0.5524792475001756 0.23029785624301208 0.10788132750714685 0.5233894984782947 0.2025952413982796 0.41369526471023216 0.2934201359480118 0.5395590321525816 0.3938069681421269 0.2749152404084693 0.3466426212894005 
0.6195649461138998 0.5390997075673182 0.4610658896569753 0.08823717444313145 0.4485729857160452 0.2062527534109541 0.1340903013865374 0.29471594485774477 0.16109960371616547 0.6038664520357898 0.3596207808718412 0.19453146093531756 0.6240461847298453 0.03811034323838828 0.5611461290311894 0.14801964578789736 0.4696358735002094 0.5384495279614533 0.3753153901985066 0.41286180442720916 
0.1620658184195204 0.1501507215888649 0.558973920969927 0.60016205898104 0.7524446633889585 0.4876165177248543 0.6420756167622996 0.4204371304941202 0.5302894246455999 0.30788331700561333 0.3288435675631145 0.6400634154158469 0.17667056354232888 0.6502912771124245 0.1274012626373412 0.6284461876648713 0.5706756695955212 0.15027493453783722 0.3194433419838508 0.3196663365954764 
0.3716119414682532 0.4048624994607307 0.044303788724354094 0.3828848592717348 0.23471085903776018 0.37978305280358454 0.3098226923161657 0.23538138691664323 0.37986161350996883 0.2614222764577008 0.3448353082542153 0.5527047358164259 0.36345689106150364 0.41167864383930425 0.42526258671369194 0.2933269604467876 0.05805581747842262 0.4085676942494009 0.29658095697597403 0.232964986077751 
0.10810479071620287 0.1153998118455324 0.5039061856383339 0.5643100844952794 0.6983277688792112 0.45607873058917864 0.5987715311576641 0.37625958439212404 0.4971666512476122 0.25428265131134314 0.2954553487506446 0.6179818912466359 0.12353665361536748 0.6143880365193896 0.09654836973971467 0.5845759451553495 0.5155284902864001 0.11721112039533345 0.27888737764285365 0.2704840313694604 
0.16582595580449758 0.2999109597558647 0.35453279870245524 0.6103774679031033 0.5576536305472882 0.5401312208299027 0.590475085726528 0.3990522324413756 0.5670611134418677 0.08598258769828812 0.4042406305939495 0.7286481933858567 0.14876186250166668 0.6548486340192575 0.30270577302058566 0.5734415563477787 0.36105361119780355 0.30502099753608475 0.35610459955035156 0.28818932801902303 
0.4017600063331237 0.4553882900184073 0.04342281734735583 0.4542674634720785 0.22623631980566414 0.4544340038683349 0.373489742357816 0.3090288107934727 0.45404128306007135 0.27302542696822013 0.41377015287841445 0.6263505637437415 0.3910362565241606 0.48060222376179573 0.47410983935374135 0.3576759457047567 0.03858006845110905 0.45952255170654727 0.3634411393255827 0.29403670903660084 
0.6096691654237839 0.5050286933926077 0.5410487999918717 0.12991366205529395 0.5644021235755705 0.17080077392328427 0.24329530044735403 0.3138053236836742 0.14229843079812385 0.6256005258063885 0.3280087214560712 0.06145522084133097 0.617577670374775 0.1250275386101954 0.5243854032113638 0.2517195330709662 0.5516750536623634 0.5031400269797862 0.36162724331141155 0.42069532434711543 
0.2994992357652213 0.4081157410305161 0.23915132518084975 0.5912270493967426 0.4271635467911867 0.5520061010547154 0.5393193881740944 0.3971466650946145 0.5671577631798997 0.15526726649127953 0.4518590055132123 0.7401039081684907 0.28355650601035787 0.6281872252162881 0.41857405447317864 0.5222495477127906 0.24057582259009422 0.41321023950247737 0.39743145511036415 0.3175822489030488 
0.42328203820186633 0.4218062087561936 0.12797583700983606 0.2863836260364848 0.2132195866646574 0.3060836262532639 0.203556586956152 0.1880222813074039 0.296487620492776 0.33979442059826365 0.3155518956463621 0.46364101770319466 0.41887157245205753 0.3101857113912432 0.44452805084924363 0.18737495778110821 0.1372510002746702 0.42447487028971 0.2786768196180422 0.23994706534252014 
0.2570088398148544 0.34390878065132957 0.18550278389501337 0.5042372304457678 0.3878516846641483 0.4633123272777132 0.458049420069767 0.30843372458385493 0.47860965679503864 0.11531328762797811 0.36719515752917814 0.6514105430641463 0.24352507703910428 0.5423721743520181 0.3577165594074254 0.44085913955889844 0.19143224287271804 0.3487834995155275 0.3125231229318699 0.23241440225310886 
0.2954789919565602 0.23592828705205218 0.2914780158732277 0.23951034763929743 0.42744356856255067 0.166454717559222 0.2583361596459131 0.0363818964897523 0.19064809857103274 0.29313437711969786 0.10143599179842691 0.3563490040976536 0.29953239721889713 0.2874017888376806 0.2595471302930531 0.24434915002786672 0.30512027598660885 0.23699037914975074 0.06965642756591663 0.0897190459548614 
0.32580310141240393 0.3059737298255446 0.1942088041384424 0.2606412569108404 0.33133027703136 0.23200342673615737 0.230144277073497 0.08322757088795135 0.23923410395057373 0.2751852942775952 0.20097280045691424 0.41367343680235524 0.32459014583308127 0.30004936310648633 0.3291164686951513 0.21332010983818225 0.20762218703791568 0.3083190919867501 0.16046185106432495 0.12556546528879578 
