20
0.1902239806045734 0.49579550785611015 0.40048041565020653 0.21702704003587608 0.28712414615434456 0.5304099604255685 0.23185593098379567 0.4607934053210229 0.10049445212863162 0.22776528004177288 0.32392257519865164 0.18184413282125667 0.3639399955353522 0.3889361123514978 0.36589272694094666 0.0943799777915096 0.23281796500242274 0.5895317651031796 0.11055266872832689 0.07635802792168862 
0.6070602669391414 0.3518866042299347 0.5771877234915672 0.45675432693408985 0.3204823712433429 0.40891000264069266 0.4224285631680781 0.34512993927443314 0.6711488384950851 0.7853742025573905 0.47439159360344324 0.42541028631193467 0.22227603042127206 0.464949790063132 0.2995063304203085 0.6045057485024518 0.372428274262012 0.06267111430914048 0.670771733817316 0.49853676772012173 
0.18882354168722465 0.5626632806949101 0.4214921100639592 0.27717248121365673 0.3862008002748652 0.589724968879953 0.3004792943742454 0.5286302527266143 0.021080737302727522 0.13020076172906328 0.40355093816768517 0.26166400646662125 0.46337514106806194 0.4357356003673372 0.46338189463631263 0.1343972443451668 0.33126372055843256 0.6882515614938025 0.02643281425197287 0.16928142182608785 
0.41585501799019714 0.22921839271186822 0.18444332195374533 0.3602470618001769 0.60298179381016 0.17532423677246367 0.3612677882815377 0.23959652533094972 0.6199716510511893 0.6328691499517494 0.7736860848842273 0.4216397178194299 0.5701744276788179 0.1894008473500871 0.6707489916653276 0.6611881557122926 0.5997417421244365 0.6414653737262328 0.5815722600083729 0.5159752769230218 
0.34498321489195 0.43013801722198797 0.4662941834328218 0.25338064682605876 0.06665171188031814 0.48330823821736335 0.23605633114366967 0.39712550790877205 0.31689074518767396 0.448375993979031 0.187188785146897 0.18388141746192774 0.1550756539266826 0.39907124996287086 0.14771910150682457 0.2312605357837691 0.015816440199806787 0.38291368712194546 0.330874030276956 0.16940918420949846 
0.6428953832965937 0.6114888980917822 0.7355099405995994 0.5360605359910663 0.2435084867654196 0.6728200258299608 0.5108386122165398 0.5877326453315335 0.5900622017262931 0.7279938864609918 0.2237020571570816 0.4705669821907278 0.24696148602031026 0.6462010210364684 0.1579564997462697 0.47965779841649514 0.2829339777194719 0.3095939529670606 0.6144000393010366 0.4660854283186878 
0.20924693171995107 0.6081799634725645 0.440973077223328 0.3245835460334859 0.4543470248890021 0.630243991393917 0.35142182580686243 0.5750956138720485 0.0748907542585947 0.06370214363825856 0.4658821611919236 0.31916366992167466 0.530669005569145 0.4709052300115563 0.5314129842511426 0.19279986968283197 0.39942541514570795 0.7546156946019118 0.062127360417357474 0.2343440901688694 
0.3578781323458395 0.06776734747041369 0.2008925009787981 0.24267857553924047 0.42988890203316205 0.07233336810189231 0.227986686480652 0.058792890827057354 0.5326775990083191 0.5848046570869879 0.6089063603825401 0.2850531316062537 0.38780376001726585 0.09877128308451018 0.49159779248966395 0.5433004760485484 0.43505304339071416 0.46204657083264755 0.5040359446887518 0.39207117377450146 
0.4000993000291739 0.5522793560852892 0.5622165603533743 0.3474725297031034 0.15628366369674684 0.6041568446831023 0.33827362055804516 0.5188097353541458 0.30074405080162825 0.4393022552797976 0.09628101235805064 0.27949671157732275 0.2543788615418255 0.5084578449523768 0.19084568648072314 0.18643741522032584 0.11662964303893066 0.4693206327901826 0.33070677863732034 0.21687553727457115 
0.40734446076227593 0.16159961579075022 0.19077269921263773 0.32827580117028693 0.5499061916480769 0.10763900009505831 0.3234708764393183 0.1740385237955921 0.6037119716590311 0.6314540682947072 0.7254380627111023 0.38375528041331014 0.5108552295016756 0.15429445138229883 0.613976989694749 0.6332809710256408 0.5510916196369269 0.5740619762408927 0.5686115464038883 0.4843730046835195 
0.16424813235154587 0.2824913449600641 0.22662336207837222 0.0147814927965996 0.2798615847180582 0.31444546421667025 0.02226069925947793 0.24809817516271163 0.2941368238169957 0.3687797987737629 0.4216883781917372 0.057866356116494176 0.2976372817001012 0.1793548547553079 0.363798678146606 0.30218502676443104 0.2558725898552502 0.4818291513864843 0.27137183150134425 0.15186772627174824 
0.07544011805418407 0.340319669800835 0.16877580302751893 0.10393629704769038 0.3887601460903396 0.3529904932900683 0.1371106043177054 0.3106660864553607 0.27399091589391145 0.3028350916493062 0.5086138088152229 0.16204990987967235 0.41526634181322086 0.18992849801597975 0.4746992761882412 0.32770271562943026 0.35621569977319945 0.59817773490818 0.23599038577143142 0.2023001678081853 
0.6444789991294184 0.5285342979014395 0.6939929320566003 0.5158823198434405 0.25335444122297657 0.5899419126956359 0.4855754021122628 0.510129430314607 0.6347011800103948 0.7677775425228911 0.31980733972996245 0.45904988530885643 0.2034796249146893 0.5932543092982744 0.17713191910535714 0.5369798408554278 0.30730961469351115 0.17930278575218167 0.650350163683009 0.4852022108520116 
0.6132432009687863 0.30264975069564254 0.5502913904908906 0.4610673075377013 0.3784010337402484 0.3541658260171294 0.42727405947563973 0.30370889716304966 0.7023298527916301 0.8072739705482008 0.5449735194276996 0.4420623211728946 0.2804575573527149 0.43693591103054835 0.3712210796029838 0.6477418084283596 0.4256528417532271 0.14212752342474924 0.6964229852345719 0.5280963927232672 
0.3820833170288154 0.1503372174416745 0.17034582609600715 0.3012777503581119 0.5259370250906028 0.10343355611637775 0.29665939377467493 0.15789364972426864 0.5773025863111858 0.6069592017697829 0.7002861354203916 0.35699234099858107 0.48943120517474903 0.12730885500439842 0.5913881704034154 0.6062859925814843 0.5259491658506954 0.5610202713585982 0.5425531798494139 0.4573872573888181 
0.3477906061654 0.5656033695705469 0.5350301367204056 0.32638733791097474 0.21636146562731615 0.6122251658616251 0.3255310171034816 0.530834101257212 0.22123847713789557 0.3592145899936862 0.17027291156227592 0.2650652877407456 0.31383879473095827 0.49738945611038016 0.2680378514058776 0.10382781598396913 0.16396921215852273 0.5375980676579688 0.2552066118241846 0.1760244156882543 
0.3355206420444638 0.5108587822129775 0.5018436351533127 0.28822691026043706 0.156725402506572 0.5596618704045818 0.2821159234957677 0.47648298434712577 0.24802674207441278 0.38592970504766666 0.16037285072349194 0.22210995563197017 0.2529724344924827 0.4538786560378585 0.21683211335720434 0.1431140917840545 0.10260707328548616 0.47846131184648344 0.27350296961828313 0.15243491613058974 
0.2835616985461124 0.5140745693280379 0.4701609432282694 0.2636523669079181 0.21142080730574664 0.5578144542447482 0.26546471695999946 0.47895713445779314 0.1813778094324341 0.31914332558005687 0.22046002869646106 0.20554789809453533 0.3019639328483758 0.4362961039105804 0.2798817399988284 0.08400216475816694 0.15482248195956366 0.5301061408521793 0.20712132992347593 0.11081355290474641 
0.47818502135834845 0.1824079877242856 0.41215650145480015 0.32660860806583975 0.31527462544292967 0.2415794108015841 0.29369731178665265 0.17397715396738406 0.5855512579436867 0.6808724567248491 0.4996333372057381 0.3168644207390583 0.231487489796412 0.2988719516588264 0.3405753061402879 0.5465742437164156 0.34963623374780256 0.23053671688571323 0.5743028767121764 0.41307997650441286 
0.23614104804619174 0.5988008517759917 0.4679384866831315 0.3142002823149641 0.3875390533305033 0.6286180232208578 0.3347289017720886 0.5643003498935679 0.02724426932040789 0.1480617336584951 0.3823914769522646 0.29053872636766886 0.4711261167175389 0.47766285227976907 0.45973324795639275 0.10881194244932436 0.3312557208092288 0.6985052021350593 0.0733575942826987 0.18904236829598028 
