20
0.37400887531249344 0.39839892132503824 0.5895539112701204 0.05184708032742874 0.5090434396794733 0.6393223969418377 0.5303679254420113 0.12093540795792397 0.4595211017432099 0.4230002644178845 0.4653487348447978 0.28706278935272095 0.38941412298978323 0.6377537615744989 0.6986164728077346 0.48787859432861896 0.6467170606752721 0.5648165211843769 0.3029513216445113 0.34631741726964754 
0.4307945727651922 0.1006043755772921 0.34435326285535683 0.3658365578382103 0.14115778644824273 0.5520321239715534 0.2504632501496683 0.25218374182067826 0.3186203154811333 0.40383831956995375 0.14819106563267895 0.12382009517216963 0.3532594954753317 0.5430524984251078 0.5237273101246201 0.4325050380670633 0.30583959508702524 0.44576350751427846 0.20824949390913092 0.08059424256101079 
0.4470787005088614 0.5277842427657858 0.296082463109627 0.8201706813556126 0.577748967752922 0.1725974961676517 0.3919337923740573 0.7274309772621621 0.337598665648016 0.3728028349274314 0.49187035496526876 0.5787924449756515 0.39721834793537664 0.16658612479564253 0.10487112491177032 0.30596749515942007 0.46291803852891333 0.22054821031062913 0.5057727287801994 0.5642050307043548 
0.44572994935621923 0.5060576789919069 0.27044577038445117 0.8090124867280813 0.5517632113683798 0.17964823737314753 0.36691535684400844 0.7137678502126574 0.3228851905538326 0.3687315772987706 0.4679062258215537 0.5611841214268661 0.3896060996596798 0.17169478262385424 0.08323883290392985 0.3025285671393756 0.4338229791477794 0.21226496671332348 0.49112206404680364 0.5440721465726248 
0.42442640913700175 0.3903089978727984 0.6015895488390086 0.022565023356134993 0.4880850008897925 0.678998091033077 0.5336039685601521 0.10297545232711738 0.4841597172626342 0.4649447869848675 0.4581205359513024 0.28280059284943676 0.4266408200461974 0.676311930576332 0.7259968970050021 0.5274878578910057 0.6379555248531078 0.5976319938149095 0.31940952229294084 0.3363812689581803 
0.40183274217695397 0.35127538526931495 0.5639633361109924 0.05588721845455841 0.45006974627095064 0.6493642621591061 0.4949726881162437 0.06410159768271007 0.4495819636999572 0.43716998101139143 0.4190868857811969 0.24392811815893434 0.3968737853721812 0.6461847158433928 0.6916821247348808 0.49828978676403607 0.598971224195647 0.5653882422390534 0.28346539079307126 0.2973554632884593 
0.31048658412650226 0.08706675692803333 0.2990723814946286 0.3236968750546008 0.2156496943922161 0.4554475363780308 0.22327540884354383 0.20803440123575456 0.22350899824628026 0.2880847424984648 0.15218597083628455 0.02841087290349316 0.23706332878258574 0.44800984304749575 0.45339776476047816 0.3237799409797473 0.33342119637617357 0.353070230550513 0.087959108424105 0.045550759889447075 
0.3873605344790562 0.07598817982137825 0.18638162470535563 0.4795147711788753 0.1158913319950346 0.4271259091560495 0.09030329432224513 0.36275779004613745 0.20996572951906473 0.33206832555922994 0.01364188414944032 0.18428006443529085 0.28895689421693177 0.4162943544678601 0.373459985285262 0.33697125668512834 0.17637899357494538 0.32042654758989647 0.20020329353375185 0.13008631205114113 
0.11497699731785649 0.3531635658692989 0.4317951196966843 0.3091461592177222 0.4883098570536025 0.39375771658880143 0.413029037703995 0.26972666400134315 0.2733357624703472 0.18160496037285584 0.40006916418124766 0.2722243356455036 0.1685527571004464 0.3946836371643645 0.48245559666508964 0.2483330107301335 0.5599963397858085 0.3398065675795334 0.20174271063902582 0.3251694156984457 
0.40309846186731896 0.39343114604966445 0.15176062313813904 0.7238999955976091 0.4323045573219966 0.19903681442716825 0.2486968008999863 0.6215895992972308 0.23582089898176134 0.3195588006370669 0.3509958661337997 0.458746296825663 0.32559291046775823 0.1861980949525273 0.05444696702504306 0.26110683465726986 0.3176471148032704 0.1640961020307184 0.3987169491463219 0.434999808276636 
0.30095622355180685 0.15473200553718836 0.36103464124255097 0.2550155440905543 0.27565700303611945 0.48694727264369636 0.29054908371496146 0.14064141916916098 0.26391973831781435 0.2978397959049638 0.2211284158856767 0.043173252881457486 0.24809370268244815 0.48102506132849177 0.5027932426428078 0.34487271165871325 0.4024867833651296 0.39022520671749483 0.09903181028095813 0.10500939931943995 
0.04176994758671481 0.32923756091895606 0.32867248385731673 0.42514781502594934 0.4571686565920767 0.2603491613778674 0.3354874493411722 0.3592037982046225 0.17000909794101182 0.048029488771692976 0.355592860452369 0.2885574414278626 0.0616763333352488 0.26067734603874587 0.3509424622605245 0.1139944358570441 0.4865371636247001 0.20779333438402212 0.19499409396492853 0.321813198439596 
0.21127567785336263 0.4697437640208642 0.34808329712360836 0.6278685781866147 0.5749090675686321 0.10411218627213494 0.40591196430090726 0.5609893985804061 0.24993156850357132 0.1720438996495326 0.46989850905544606 0.46509039437049465 0.22026947816757084 0.11416014876103427 0.25242780507936896 0.12804895359973933 0.5407349887150036 0.15742375230447625 0.37179427412171584 0.48116480083078766 
0.06344306945280727 0.37930729908925287 0.420209798769794 0.37149866334163584 0.5132756696475582 0.34471212385923916 0.4157451258084052 0.3301063220195858 0.2598564794360479 0.14417498778954405 0.4182971978517378 0.31187457730677925 0.14873763736793053 0.34706226626735115 0.4463954717933389 0.20733075860466138 0.5659991241760423 0.30341511818881806 0.22977003655298464 0.3588313167424187 
0.29697278894798484 0.5562030235612735 0.4102221693576535 0.7160427627104535 0.6552776695019851 0.13006265739339573 0.47920592498508857 0.6522046355781629 0.3340234432341224 0.2640863967904369 0.5513730199475141 0.5564059273584138 0.31237743210650615 0.14340261315936945 0.2750451493305226 0.21800364596821448 0.6047305297133578 0.22377782558903123 0.4635024192521059 0.5704112778292436 
0.30994534490637987 0.31587737349729617 0.11123919279411754 0.6246989890713468 0.37994448849214196 0.171775887408052 0.1931579848930995 0.5245269953583007 0.13564778254877663 0.22574171434210893 0.28553572082950623 0.36767256583286095 0.22652960552993304 0.1589361627934818 0.1105884131028359 0.17428521862670646 0.3054007188879267 0.08736752449543221 0.30121143167112363 0.3512730376708544 
0.23009452791219853 0.3787431538385074 0.5118598176988365 0.2036208384409258 0.5091277033814349 0.5071050046355492 0.47469472822350844 0.19758823431454794 0.3617390294511414 0.292080204385947 0.43749179729416543 0.2758053067683306 0.26950837385758175 0.507381063766376 0.5868373172665649 0.3589935099332815 0.6119756764522027 0.446142678685145 0.24102959495409526 0.3373111837323886 
0.23758709199656186 0.30176629196050586 0.45711049812306825 0.18497692321041967 0.4299124568018289 0.4945005104763222 0.4095935271931228 0.13488953511285964 0.3178996268050413 0.2787713901155321 0.3630669440515862 0.1958836323833634 0.24392814940949362 0.4926402856133739 0.5545279446555781 0.34289500284567875 0.5407993606974763 0.4194952993257663 0.1742497737452549 0.2579653304168298 
0.5557654871511789 0.2083252505536575 0.2944780728568681 0.5836051216187126 0.0786971458462594 0.5702910435134854 0.21223965926443536 0.468848464468921 0.37243314101163677 0.49966519279352584 0.162615280549305 0.31187397657530014 0.4574029450931576 0.5582134134989539 0.4845889117238999 0.49941974948380125 0.138431205953188 0.4677373146448019 0.3580998278047724 0.24945227194218145 
0.45413350595703783 0.10704315836818769 0.34019944797612306 0.3962171894279184 0.11377277316270638 0.5613214161737091 0.24423246624532255 0.28334121690463804 0.32963776327075506 0.42277730387120144 0.1405318018620801 0.15259635185949166 0.3727611994148236 0.5518087659149681 0.5243682536462333 0.447560791119454 0.28448171096659525 0.45436695500560803 0.23228819512905877 0.10239882738693568 
