20
0.36653449089113027 0.05877960293832495 0.23380845584747723 0.1851594630829552 0.3415401307704428 0.3920854745600214 0.32456205058392906 0.6408368612084726 0.24791636067565428 0.39195543064826743 0.319564098888836 0.3842096066135518 0.5127110546979428 0.18369136877492054 0.5900677533004947 0.6538054101658303 0.40182463125358014 0.14273136260202565 0.4602741384680311 0.11313294768049433 
0.31024324854651536 0.2583220675614585 0.33516615737742517 0.38599959077640844 0.42628794140530996 0.4095368151215056 0.20222628934959222 0.6003649969854352 0.1618980141839234 0.22512513738494722 0.46809548407918444 0.5318189590177196 0.6407368567916462 0.37592388385173975 0.570434939956999 0.6167636362479162 0.5679427733921288 0.3220812429271555 0.5503614871983644 0.31299279173770317 
0.3680821370478911 0.7334108122198664 0.5430569913373671 0.8262829508759171 0.47433552651163474 0.35256645826713806 0.4761698347613902 0.08613108207093971 0.5154354190874973 0.5123445862305382 0.6227053730954887 0.6290258006412648 0.5900188658516397 0.8680681495434014 0.1559933503407059 0.07908004380932511 0.7023218582051917 0.6902564453950787 0.46152502118034383 0.7544871964195254 
0.15166332618122705 0.5390831561555097 0.388766511466916 0.6510634906896616 0.3652048140239229 0.23040359764174867 0.23526793710034988 0.1861451887470802 0.28486402168975633 0.2708354922303378 0.5117451348407356 0.5422079950108234 0.5592262780943452 0.6816603566624189 0.1966011826483681 0.20454014417961727 0.6133344778092832 0.5188875121817531 0.41872457747027747 0.5715438656582789 
0.08975687028698147 0.31144478704594336 0.21924503881950322 0.4328130979790976 0.26328210349551806 0.19787137307552005 0.08920858917444434 0.38061510067456406 0.06217914882886044 0.18950837352919894 0.3681359486116271 0.4197372085807723 0.49249396718001087 0.4555240779397817 0.34683918525429763 0.3962582271464039 0.4782543990845646 0.31033310333626535 0.37389547973312676 0.3505026598959338 
0.22840470872546673 0.19788095977884107 0.04029299427781507 0.2848877882115616 0.13836547251736134 0.19366693082687306 0.2700708320543481 0.45672254377872684 0.20254614106230293 0.3680801277524564 0.18766607791131304 0.24586633573036573 0.34534134074437883 0.32579706517535917 0.39728061406734916 0.4672405964933152 0.2968309459182459 0.1492158748026436 0.2623114812242661 0.2121833553879722 
0.5495371687322067 0.4472575829736469 0.33287838212795084 0.404260222239163 0.2920541133902045 0.42010245905017257 0.6334404896750522 0.6294685048250747 0.5732226026446737 0.7336320707760795 0.1879250063937604 0.12656060529388477 0.12272236311774495 0.4668583334732331 0.5545095279049598 0.6290956343065469 0.09877360670260792 0.35518976321328977 0.24498405236986442 0.40838271092290396 
0.3834334875904466 0.12094101838569721 0.2886866162732567 0.2345143687444278 0.39554476216066803 0.43090125271990604 0.31838559071070427 0.6677833666864277 0.24842645526616527 0.37111145082584723 0.38401195469875954 0.4488569439026305 0.5758206955357481 0.2177072689038933 0.6223450719114424 0.6818768798671577 0.4673164927295743 0.20822328387559286 0.5170289970746176 0.17255667714912998 
0.24545646045694167 0.4213979242628621 0.4089700032072206 0.553240451025022 0.46530619652342703 0.3900804665226417 0.1160959331958111 0.495330430458544 0.16823443419384998 0.04252131770401243 0.5583938998701423 0.6146686760392067 0.6945043080751103 0.5547299675434699 0.4881953824273571 0.5134675183552138 0.6675102145251236 0.45874323178905513 0.5755648592596605 0.47296776585292827 
0.39236353499305904 0.4522102612041339 0.2573805381519378 0.4703737665710865 0.16022787926855112 0.24515036706326138 0.5032497885765481 0.42156499041619855 0.46223777132738375 0.6012027468479398 0.19774390749903326 0.16357142102378253 0.09760893057605746 0.5307934750615928 0.3468349128477737 0.4203645365876225 0.2266959389144404 0.3641660907569611 0.045623264705608686 0.4357519366930828 
0.34215814980961956 0.35477547753751554 0.16434207027778264 0.37864673540851246 0.08556656563816764 0.21080625337702574 0.4369995009005016 0.4399392260396401 0.3863448651793851 0.5370188545770668 0.11311428092149067 0.1078796714020316 0.14583710822908283 0.43766330365500633 0.3659571387611508 0.4428111815779038 0.18154267598465962 0.2673897901242167 0.08480747091285504 0.33953574943289216 
0.23337198338700307 0.3926258922719089 0.17840762171212243 0.45483681176517826 0.08292811432109432 0.08552214461200974 0.35038360980590627 0.3103670857459535 0.31985853562204736 0.44598634338430587 0.22853650846223678 0.24106900506885096 0.2510095055381787 0.5062013562484842 0.2383087772859109 0.31510702516875344 0.3146258539913453 0.3240030536769343 0.11423575965830735 0.3958701048819283 
0.06994027211415343 0.33680184957817433 0.18242859103587958 0.44258538743918663 0.19106796653462294 0.1066657666854625 0.17081190979026215 0.3171417075115727 0.1505707792582757 0.2670676210930638 0.31912252627585297 0.36169358388681094 0.41665436265858286 0.4765239826447224 0.27187251641009585 0.33075857652131474 0.427089701350974 0.30930936520342667 0.29024865871579403 0.3645767362934034 
0.17832292603230454 0.21145087088845835 0.1547856427454731 0.3326310316376388 0.23479400966632558 0.22674923153840562 0.16738453153055838 0.4566772097463001 0.09186667265168295 0.2600776166785139 0.30178596863416624 0.36076158275182324 0.45591301080684343 0.35540049949941077 0.41144014573782517 0.470601479399813 0.40991847661023184 0.21359036015464583 0.35806547003806083 0.2501671836247596 
0.24122118995247868 0.5952954352045312 0.4048587422458721 0.6876933655881007 0.34108720964635136 0.2147041648548098 0.36253930561013675 0.053316789774669054 0.3901935863339077 0.41719816189803155 0.4915224955678329 0.5039110210322741 0.4832770601987946 0.7293921490916193 0.04949075082457846 0.0667710965716092 0.5776043892274735 0.5516501767740156 0.346554949329571 0.6158017669401697 
0.4611356388956665 0.5044078400896446 0.31998803940546744 0.5082292187784658 0.2279709276192824 0.3128463221690319 0.5728796039439964 0.46808633969256896 0.5312772661953582 0.6707819040623498 0.23610308248881542 0.18608628453331 0.06335098431705889 0.5703276809886888 0.39472134224984357 0.46470769296808023 0.23280889416621955 0.4133907157307345 0.11396788639839923 0.48259613389005485 
0.1636834359020064 0.5487657526767483 0.38808575591635236 0.6568982901039726 0.3555829327763856 0.2191832211916287 0.26046647493070346 0.15453685323516475 0.3045050879387413 0.3015895883403329 0.5045103537063882 0.5314699256363054 0.5411216026702449 0.6900830679186928 0.16457390562001717 0.17286036728105855 0.6035350554927814 0.5231460963693123 0.4003449421196239 0.5786970246576836 
0.25507408802507114 0.13858064817988328 0.1023148221124839 0.24597127843402744 0.20737626941238133 0.25410542207008546 0.2607354614864264 0.5100322461310153 0.18391221176203026 0.35161647948388397 0.22808975291573097 0.2914695306139269 0.4037362809217335 0.27694534072732285 0.45508300776645383 0.5218753605716738 0.33101362622785524 0.12067614418795988 0.3303104437731012 0.16574317938717661 
0.03867086494879462 0.35578915055229965 0.2369017853338264 0.4729715391296669 0.2596208894481063 0.16937495106168693 0.10538755234491194 0.3299198185796324 0.1104637882699449 0.19838304416544383 0.3808552223533031 0.42703095644578326 0.48612443015461926 0.49936746658620684 0.2987776250589768 0.34579537188987297 0.4901672548162071 0.3456533636125881 0.3593751304948389 0.39162743339285194 
0.11286550374869486 0.28818015793445506 0.2080075648919969 0.4107617314757914 0.2615252702404458 0.20881441215712998 0.0976914590939757 0.4027722195776721 0.0475009462486307 0.19684402949903423 0.3577690265071074 0.4115793267768856 0.4903898469480807 0.4322873726710137 0.3668832266807083 0.41815989715290963 0.467756553524704 0.2903596633449843 0.3762715709096335 0.32823068768109004 
