20
0.4691114012117168 0.36195389471164374 0.060910447333022706 0.3106576599586234 0.23307608984177647 0.6759224585866112 0.5375170777652944 0.47835050782979405 0.4909292618033111 0.23700241847737377 0.09614253522284381 0.1612578024078171 0.303772793204135 0.6218376775051403 0.20578479398582178 0.37318488607575945 0.23557729516657785 0.2509171096944574 0.20407175978281475 0.654421807539558 
0.4463104127510456 0.49313605670803606 0.1950682578351497 0.42317467102254186 0.3629339479666564 0.7709390060735721 0.632890616914824 0.5529799744150673 0.48504336422571853 0.10226446024245799 0.13422601694594555 0.02757575359990461 0.42764026785960413 0.7128564114539869 0.07216914856635666 0.49926143477060403 0.35657456456696074 0.2668284494298856 0.0732977686818395 0.7352188306433344 
0.29250312023104946 0.6594997625610401 0.3629457504556383 0.4919870745287848 0.4819586828687673 0.7723023422064523 0.6441753874765169 0.5335909583260315 0.34938546249943175 0.17116240695784565 0.23348715089257502 0.20423542666998473 0.6094315725883152 0.7097050110741713 0.1652082604627536 0.6770880642101635 0.5422337838902413 0.2279696845656414 0.20971372207182468 0.7111851970742951 
0.5767672257936161 0.17202283045478883 0.23855500334926977 0.1431760865068603 0.06851687406775753 0.4735993989487585 0.35226424852422344 0.36854911184716216 0.5628079628514093 0.5271708852568018 0.32267974824614776 0.4535826012758865 0.20607444451694845 0.43684506779684334 0.49426319253956563 0.2225755157796015 0.21009741924565442 0.37255935227891557 0.4975008065715661 0.49384349952136086 
0.37157726791342205 0.6692504876411008 0.587546757742345 0.3604060313014832 0.48015713999374243 0.2376889756036669 0.20103628651840466 0.13232593068340245 0.3075731505770319 0.7115881760225039 0.528134676213465 0.6767096067206216 0.7019238756046006 0.18655087013729402 0.6823716200257285 0.7220989655758894 0.6848492723619478 0.39567750535284063 0.7169763423122589 0.13959999126623407 
0.267047669267398 0.47196278592475194 0.28962319677995096 0.1930213935919154 0.25491971608854175 0.4442511735386182 0.3122395388119882 0.21300440727376643 0.25428659131694414 0.4076438014681929 0.21358780022930693 0.3648997586157793 0.46819482387467465 0.3827982819693661 0.37618546646130857 0.5128442196864459 0.4279808014326946 0.1050521729391417 0.40702431294825225 0.3959994983771019 
0.6045892305702668 0.5107966463130362 0.5733001143611849 0.2991403622754664 0.4025617491622166 0.10986396783531917 0.11176734075110545 0.24116819778746929 0.5527877498480466 0.8011629315421621 0.5836815450141425 0.7429025962400078 0.5758027495277299 0.11522288252957526 0.7675372330739673 0.5667321057722551 0.5893929287532482 0.518349441015078 0.7885757473061359 0.18658008292895814 
0.11909091498205765 0.6284239235921468 0.38265354279685204 0.374027665134002 0.41684231681959266 0.5811761434234469 0.46383763043875137 0.34161335290571593 0.15222086932544843 0.3519685058232014 0.254077449126115 0.34434072575608904 0.6068578326991484 0.5182101120622276 0.33015173832744993 0.6620026261822154 0.553373877720745 0.11166267722728514 0.37291837926727633 0.5100745997723402 
0.2622636527060764 0.559721718003451 0.27568560463598796 0.3745446752647733 0.37067557366952447 0.6639239679635888 0.532680403647648 0.4281672180421439 0.3023633721523508 0.20701294218005548 0.13794823080895563 0.1942262467316596 0.5190268606372518 0.6019486507108243 0.18210193148462486 0.5829116037069041 0.4562632798094176 0.11752802678153564 0.2235823780646641 0.6092459450265635 
0.43331281863383214 0.308775973427558 0.11106168189685843 0.17214769475619573 0.11646159534137623 0.5389153460702472 0.40096194355170034 0.353120161123854 0.4362486601755211 0.3521805504884099 0.13895320296593228 0.28334346885050526 0.28543652358130867 0.48628111958774634 0.31837093786103965 0.33975760718623416 0.23799834175188517 0.21073608920948259 0.3290447431139546 0.5229523833429491 
0.15802219428508818 0.5970224891567422 0.345060930936391 0.3545984063400538 0.3881393188034357 0.5867959633977397 0.46426865013261615 0.34677528691310505 0.18944255315360783 0.31976109904908717 0.2152560734534143 0.3079265287500452 0.5723776771053799 0.5238428647459028 0.2963106265173539 0.6290046164076198 0.5174775714524931 0.08010719854555 0.3381639513680553 0.5210226129609805 
0.4271015499072889 0.545404547423839 0.5062901650898074 0.24971479472907912 0.3720552727561891 0.1735376707232664 0.07274299401605443 0.06681636525694386 0.3729552977607167 0.6810649801266626 0.47591363736853254 0.6337462836766644 0.5862994930992785 0.11066092891037807 0.6490431317490702 0.5996671185217018 0.577589581336461 0.374633444284573 0.6774674954792603 0.12790164412626467 
0.412821115347871 0.5337691252320561 0.23300836346366216 0.4395697245380366 0.3908926865099763 0.7752659687944196 0.638398921574707 0.5504939768968168 0.455858219166015 0.07468972235277359 0.14493184444835483 0.043168408037654454 0.4714060459774808 0.7157309055101595 0.04072396408981906 0.5424206387316826 0.4009018341219586 0.2514864737432311 0.07157942866501038 0.7334756278954312 
0.5638084669349058 0.42569825780929 0.4817410697454106 0.20937066991636802 0.3094647296216595 0.1894575037890789 0.10412930829424923 0.21297709165930323 0.5190885958334125 0.7185781478241077 0.49957532563828155 0.6576250798128488 0.48638165231446057 0.1662035597220258 0.6846980747458603 0.48175938481039915 0.49729675108488425 0.4492436923428315 0.7034988233442709 0.23542830220686525 
0.44164914484530626 0.5077709713762741 0.48004086190848483 0.21694182127625486 0.3388645125245167 0.17972393794840585 0.05161451627110928 0.07902446809567054 0.3910934028955314 0.6683224546311838 0.45862104175495216 0.6177330703283365 0.550377862800346 0.12008651255237293 0.6357100963883854 0.5622591533142891 0.5437469533841528 0.36849273342071676 0.6621597696295197 0.15512044874071215 
0.2763868945368124 0.46583554893724305 0.29261856746301673 0.18177878329928304 0.2488028615584751 0.43126489810483615 0.29875992014445074 0.20146505398290435 0.2607930159891037 0.41951916021374414 0.22240763064085656 0.37543564044604666 0.4646303422213376 0.36999900149117065 0.38782026762293426 0.5077036390293019 0.426260619553261 0.11891395414440412 0.41796717524678095 0.3844439555032005 
0.614550967718341 0.5487236573235476 0.6076496405606049 0.33280539596959846 0.43879733158809114 0.07735649193102988 0.12602100110244577 0.25184940474770423 0.5601476063240511 0.8296040085433516 0.6133313752346891 0.7729284207795121 0.6138646352013997 0.10047166996110812 0.7961646798918306 0.6046342136894992 0.6270727614433282 0.5410291194570481 0.8184292316167043 0.16668521773123257 
0.48615295789380975 0.25935511293815516 0.09329882058188238 0.18443460602740655 0.09166500168825573 0.5572189315557851 0.42141451836537114 0.3877178165484387 0.4887343915575616 0.37276529277486903 0.1732863459271356 0.29951417625617055 0.23260880231782474 0.5080564115989779 0.3398575227828145 0.28798298385768695 0.18618826244521944 0.2631274217273934 0.34385289974944183 0.5502288971761902 
0.49890964508022384 0.2578146922206704 0.07007388557933099 0.2106121163851702 0.11235924171795544 0.5834433639221843 0.44775400228308027 0.4132597838360039 0.5044898964558158 0.35858222188025224 0.16911251621667825 0.2839336123167349 0.22195318398054203 0.534413239899856 0.32630482231680996 0.281684126082516 0.16968949922529036 0.2741815976048384 0.3273664684526568 0.5765249838128689 
0.4745827518476706 0.5240283203171572 0.5135333527061322 0.24551823210314333 0.36590126619355307 0.14102869765725964 0.02365291907083101 0.11122184195746834 0.42180385037947427 0.7068991202335639 0.4963348627513839 0.6556751106477834 0.5717000757770574 0.08282030760209116 0.6742020937250838 0.5792586015902016 0.5690717769144253 0.4074260130911333 0.7002514831645987 0.12823218205158485 
