20
0.1736141597357281 0.5608815748862178 0.3021957614795463 0.34638054656517864 0.3514627260548757 0.03633270550301507 0.4914216299516852 0.045301572657220186 0.37711163649297325 0.36704790563559164 0.0809770817891939 0.5022762256819645 0.1605301457550793 0.39000963294496027 0.519282329413079 0.5504802008910236 0.21729628299999684 0.4525723139556998 0.3993787771309839 0.4197818982476626 
0.31865000681971006 0.664322268651795 0.6417218212994239 0.012268016124088286 0.04657311284690571 0.3708304341165465 0.6920298339033354 0.33876785239062773 0.10875056074507013 0.5289445456595316 0.27541111919231853 0.35293847455338623 0.49975277874594465 0.5267287218299946 0.21202772790521687 0.23528697673926458 0.2448563409354454 0.493558423865023 0.6247258743116683 0.7077541118541611 
0.26394356311184225 0.6735940903979548 0.47117429655405446 0.21830244898992857 0.24851017710298184 0.20753470128361087 0.6385429733051576 0.1920805557807682 0.29727903411983975 0.4942153995220648 0.0940624443698499 0.4961837581759284 0.2945682927334287 0.5080601637462339 0.42986913165796026 0.4563704271680831 0.05765630250245689 0.5327828508536595 0.5521439805612937 0.5898503313355294 
0.41614729670445233 0.1468288112014939 0.6374659686960147 0.6173804519563869 0.5632340320970888 0.5634862675754834 0.3240088770087606 0.5403281946143355 0.5123910092123872 0.26721735948624115 0.6050256101220194 0.3080764340821576 0.6924909983098976 0.23020403040556717 0.5513822754199538 0.5747942903593135 0.7210863623739168 0.13370374833220164 0.3587505884626162 0.5081599195304548 
0.20320271359332873 0.2550855696170532 0.495168457609111 0.4192803900762051 0.37084103748980685 0.358831703422683 0.32367015943138866 0.3313972250441493 0.33113009974544727 0.17178921539575964 0.3883791741914642 0.2211682438844463 0.5009499782673051 0.1480677582640684 0.4125586623267688 0.4425783450641167 0.5029743389743471 0.08800644066597993 0.2948926794212132 0.43249474792441445 
0.32392800035866004 0.562634910030557 0.07409138879834883 0.5810875908240463 0.5805124216602954 0.21065811087935113 0.42233818902409354 0.24385038126320954 0.5968649433710188 0.37666080351205333 0.3158499135635662 0.6653626804143599 0.13506861412480042 0.41259937431119936 0.736798852575469 0.7692540969429122 0.43452912369708757 0.5258996439101941 0.33058828947176594 0.263047663701049 
0.4450301608630683 0.4357826307017399 0.2100613881908982 0.7629957565697172 0.7434695865718557 0.4237363753678389 0.25015593004639447 0.4419985963832915 0.7379547827995494 0.32596832099730505 0.5373632603013317 0.7127766582471116 0.409771518651556 0.35947821731876095 0.8618051174832917 0.8947002042904578 0.6759237586172518 0.4921421376166861 0.207941561532626 0.059991872058446395 
0.3038262313914548 0.36474332210411253 0.1809945200096571 0.6238984337741892 0.6026297859742096 0.3013413471883267 0.20719311174683425 0.313547940600453 0.5962567750524742 0.2087038618429668 0.41158224423077866 0.5800474764154293 0.32848115207982476 0.24568032687330923 0.7205179372145379 0.7534604634954933 0.5541877913907599 0.37708655456856155 0.1207852201919191 0.08781339304509297 
0.37377706063470706 0.4264930429039191 0.7198157310264446 0.38855378843890764 0.3298161006741806 0.5273459367811465 0.5500665903816936 0.4922102981548397 0.2677561155605511 0.410483504334923 0.5070900030781017 0.028805683513114713 0.6819806489105377 0.3822805256655141 0.25549196482328795 0.2742865867069613 0.5711372134776479 0.26477883009512004 0.5337247663258289 0.6729165611060324 
0.11810838696792325 0.40788679514444426 0.2477215724707709 0.42706596680967546 0.4098244767908444 0.12831790402755758 0.3300632006037315 0.1255183847276754 0.4109567880587845 0.21099220172399 0.22301609805935885 0.4503243519665693 0.23872685554456355 0.23866484936397378 0.5439408972250483 0.5769945324302571 0.3673365979657024 0.32684520470720835 0.23938807678834453 0.2861303142742883 
0.2117345931886223 0.2834129847241634 0.52394815361218 0.3954500034051196 0.3446557339053221 0.3706604045652353 0.3611991522734377 0.3408061264199178 0.30137007826343926 0.20958056465757144 0.3891161181045906 0.18410852000587852 0.5173954000493598 0.18594179767504562 0.3766691812838808 0.4062765901841622 0.49576074594285824 0.10857104454614558 0.3325446730233635 0.46882297802163353 
0.30893656534053904 0.2995393852127617 0.6233917114943903 0.4329344781530745 0.3764354122698019 0.46849901390965626 0.42120561145852353 0.43713879454896293 0.3218824043054555 0.28863398312998606 0.47634071436448544 0.12148413659597519 0.6173734050226768 0.2575790459827556 0.3580453966737157 0.3828258668674889 0.5697506850827679 0.13500646003902111 0.4107409682784534 0.5544795577013863 
0.19506270028110795 0.4072490002954382 0.5542746798132666 0.2742644907409904 0.22155005203895284 0.34388809171373363 0.4684317397676047 0.30833691924000867 0.17752630735520303 0.30679701072285176 0.3254426975499338 0.15572402387367934 0.49892605843401283 0.2924973228705035 0.2670077339037062 0.29878740081334954 0.40557277318465607 0.23235994723996573 0.42316875759440536 0.542881450525207 
0.3191817761207806 0.5143355272540593 0.0447977641210004 0.6005996518905277 0.5943155042024205 0.23333262698533094 0.36662495803989387 0.2617869842407885 0.6046169142667513 0.33494779849767775 0.34520414573464203 0.6505480683466878 0.18997009889654104 0.3718925337682749 0.7417562052668633 0.7746182969404969 0.4732981364350848 0.4918276830443442 0.27696315967799673 0.2034529747258831 
0.515237398833278 0.16682287565507173 0.7043596236561748 0.7214381291667896 0.6667796697584935 0.6574856147182293 0.35292975766064405 0.6365122667402112 0.614736811979771 0.3414680004871197 0.7054308978798447 0.39983899112751176 0.7792871964668333 0.3072359772078851 0.6454324679770952 0.6669166352082673 0.8243540904177515 0.2347345829798827 0.4101458852446319 0.5526577717255395 
0.1812480531709774 0.5905140016750426 0.38899054885581413 0.2624065509903954 0.2732558172161306 0.11778023470584263 0.5458116087233953 0.09798395265588575 0.3064705838201371 0.4055931348765382 0.014094492717483932 0.4643476199862726 0.23553951489461603 0.42216957164421864 0.4477692741452546 0.47774521513857765 0.1478278211953874 0.46058799198573125 0.45831091375299515 0.496459247719134 
0.14256464310417666 0.27258982750535105 0.4158734273352513 0.4150310707554939 0.3743223722733549 0.2884314323387067 0.290159851528671 0.26452704928937654 0.346393216091619 0.12625477700804782 0.33345639150084166 0.2884843459227978 0.4249273392276872 0.11982260585847253 0.44920726893688123 0.48105095010426635 0.4600249342925239 0.1430285185800357 0.2410070877308958 0.3669269149811501 
0.0363216364740547 0.4457295715029116 0.3583240560427711 0.3069735280706303 0.2883207235927062 0.13108891315763246 0.4147771995331108 0.0976838791585239 0.2915921900812198 0.264983039974441 0.1546609788089311 0.3685640711427984 0.28524606277670056 0.2786130206017788 0.4278400990762127 0.46069916535921623 0.28685649088767584 0.3184677955012665 0.33459074947223905 0.4047188605115796 
0.3248807283813168 0.16907154889223167 0.37613169502330396 0.6343975170933942 0.5969390781096674 0.40803263530428274 0.06599827062296992 0.4025458376320785 0.5705886165003677 0.09847677442711043 0.4956324529231717 0.47503429575398565 0.4896655788679424 0.11155609880889547 0.6685369461220583 0.6994900694003455 0.6374180094924302 0.2299641699965655 0.07599303709127293 0.2212300695487021 
0.3368749679661827 0.1572853053308407 0.3894903534414571 0.6443009014647687 0.6060232767230801 0.42231745559136696 0.06002321823507709 0.4164461615824634 0.5785119881862848 0.10791413572030137 0.5091340213561598 0.47701307692989103 0.5044161142752049 0.11677516452391694 0.6742693078197645 0.7049837295894287 0.6506113069800065 0.2292422069630637 0.08842828942395756 0.23042121187453668 
