20
0.481846900835586 0.6459051210082324 0.4703969336751393 0.5237932766880008 0.5020163047656871 0.5561935564947881 0.5275500103390436 0.5618779500119339 0.8488360622261963 0.6141216728556592 0.0880417111655408 0.33631831850230354 0.3319038450112015 0.6334743617718613 0.6085681819680508 0.1766871795762976 0.7352816215001767 0.6035233802952552 0.6583701987569918 0.15885875201067723 
0.24399371769271122 0.7203721610784628 0.17171535326746235 0.15089512747414152 0.5830889139353892 0.0858116825131736 0.7440158730611525 0.42565749664065783 0.48393758546152915 0.02844503369466446 0.5770885116634731 0.366645213583012 0.3108993843772981 0.21606102664821086 0.8340944785282539 0.534260186763202 0.46509691295033273 0.3402057727461898 0.2882482312935458 0.6449178886691453 
0.35612010925673315 0.1911621536971606 0.5380880581127675 0.4385287781433368 0.1772779301508934 0.5162446122866142 0.3056914150865023 0.1455659972149023 0.2910220098208323 0.5405474666001442 0.569979606931457 0.3824555888403153 0.489295538070438 0.35360556983966135 0.35705337390136926 0.48067083779709513 0.17079826567546194 0.221812586573414 0.29218783817766125 0.5310831205097256 
0.12020666666860125 0.38723505756905535 0.3018569283516416 0.20105963180343936 0.25870418309747034 0.27986729362692675 0.4257259212272875 0.09428624036590741 0.31461558702084136 0.3097761154755571 0.44995246342791 0.20456977337207377 0.28016963683819873 0.1544361215868399 0.5099353596554309 0.3687944546198232 0.21483436844998022 0.06721108051442516 0.13579036731108063 0.4593807920222622 
0.24760236116694756 0.24337914406042083 0.42478533368539034 0.33906505242085133 0.11934972481321568 0.4191867870618903 0.2868142689613472 0.06714943389398981 0.35100618836456593 0.4536388374827221 0.4426435554629368 0.2497303714474255 0.35984339799950205 0.29445290653051936 0.36644828788834566 0.35351129888820293 0.22409965899487644 0.1690361290033491 0.2545206693580214 0.41574516716125476 
0.23359256729589523 0.6585488698771328 0.12275924643264276 0.21528944220570767 0.49448828933762706 0.2163245926009646 0.617651948865433 0.42399557120616166 0.6351268884329843 0.27086935884315716 0.30415206762435504 0.20060456436349455 0.08185170650686242 0.35973068483931026 0.7139612424754697 0.28997553069414783 0.5569042827127111 0.40102679711368217 0.41370871438235785 0.3946427888904175 
0.2417871885572315 0.26071702298767574 0.4051002556126937 0.3367154581010124 0.10194055227857293 0.415853788828143 0.26067353076314764 0.12517044947810468 0.4201563158565051 0.45765803745135286 0.3719982206135411 0.20087217489102316 0.3177717603675995 0.32435130283772345 0.3503191008482991 0.28268144831964115 0.29465839504637886 0.21446870003224744 0.29834642438874126 0.3429564064517714 
0.20743057919205618 0.3033472732710372 0.3894823568200195 0.290675934988551 0.19475446606136654 0.3692874588283705 0.36166700017887293 0.008461743242448192 0.29040533765121945 0.39727174588119585 0.47864057155598655 0.25551904291987215 0.35099503955247513 0.2244133064371517 0.4387438333662222 0.3915868805698474 0.1693322931969207 0.09462479127929194 0.1795834223841094 0.46684292403826205 
0.2728304851684375 0.5747129132517972 0.25727082541811014 0.30575515362393063 0.41080659803956737 0.3389803015757026 0.5043864095078726 0.4004792506898653 0.6634829946427776 0.3971953155775941 0.15470374560096337 0.14777659872061014 0.11360848796365931 0.42329512638267575 0.5991730275848365 0.14061747438042121 0.5623776061432988 0.415757060672534 0.457286926438791 0.2420021932052227 
0.3976539341506997 0.6476338766866448 0.3626963783989592 0.42674582327878113 0.4905319554049966 0.45150189822300696 0.5513444437016936 0.5122278044530706 0.7848199631382867 0.5087277835384318 0.10150865304628472 0.26579813424064436 0.23220127908530006 0.5480469200365005 0.6406842006466353 0.16328183026793264 0.6796024280536442 0.5369057107938044 0.5815733415448033 0.21357910933314897 
0.293183779537092 0.20464503212327403 0.4602150088026581 0.3877286513433806 0.050731489205253555 0.46746478130402047 0.21769211378146888 0.14012064299647076 0.4185833622629838 0.5070722859375779 0.40853558581300853 0.25586465085995425 0.3733819677054885 0.361340017874481 0.30257584079458655 0.3196971118092276 0.2905880626555226 0.24051736417644856 0.32610351264580434 0.36596413858045107 
0.13585474032157144 0.5545337100299145 0.13405256220473705 0.15590847291511906 0.39224129377739275 0.1972084070238473 0.5260674244634777 0.3149061771847304 0.5395576842182733 0.2552193957310738 0.2972609453957599 0.10517838643520128 0.04370590065093678 0.27949609737639813 0.6220181006827158 0.2515923913759619 0.4533247157962027 0.298405046209217 0.3227293320466998 0.36229014240547747 
0.20794977652719637 0.6751176915896152 0.1767241912872476 0.12090042077152037 0.5414577691841217 0.08205334623977383 0.7043738949540278 0.37941105438171274 0.4366449655347467 0.04142874837829684 0.5655716880991836 0.3418574446169778 0.3014809515722059 0.16634447696837731 0.7930947373476256 0.5161168786519433 0.41538478971964105 0.2916798676955703 0.23851503716059333 0.6261761901465607 
0.42621255064904257 0.37910550185220765 0.5187964268497883 0.5079330314426796 0.2611390004725644 0.5725787835636861 0.24956597059718655 0.39146953635099 0.6866231953222096 0.6272492390075861 0.21751341666709142 0.2893122905124359 0.3766328305195305 0.5558747573971081 0.33085619437588343 0.1653535092371137 0.5602236771276977 0.4712058814530588 0.549055108448792 0.12041945538863451 
0.4562654038390418 0.1784609903460457 0.6030280624415939 0.5506561430537404 0.13600262397162977 0.6278562074316515 0.05084373260148468 0.32178668695850404 0.5805040943513379 0.6732178903446828 0.41342542170724467 0.3717546625408217 0.48683644705530427 0.5420372558450198 0.1468819434105865 0.33994998547446453 0.4539015964282715 0.42294467623023113 0.5085382090748609 0.32730126854487945 
0.2539586680098345 0.3581633254992292 0.36749980291120476 0.3393034533823737 0.19579208942686954 0.40867695628233336 0.295990348575233 0.24460246948417885 0.5402115089760912 0.46095760889368853 0.23668187183737383 0.13126330517049659 0.2420272405226046 0.38325934068672224 0.3922520489248509 0.14735792005654702 0.41954009734050846 0.308143801793183 0.38108902556780744 0.21706149242208875 
0.24914039694906212 0.5113747090465705 0.3764107287662961 0.2587860498364601 0.42695093928290934 0.30427563980474964 0.5924223023403868 0.24115256904626353 0.1815914548536414 0.2954624804281382 0.6405634873010998 0.3881258866844903 0.42674114436312727 0.11009101954186899 0.6641233900305411 0.5641537464889262 0.17791702575610782 0.1440681653090245 0.06675509817291946 0.6590816072650386 
0.3025632837258395 0.508971245240492 0.33336174270542246 0.3580074407771096 0.34996514975327936 0.4052468568055194 0.4233194586417283 0.37952373922775645 0.6631079897181956 0.4632964007298676 0.1005387614488084 0.1524450731384947 0.18466790253735332 0.45307297928448437 0.5163161694146946 0.048615732297405734 0.5512431265253871 0.417469736762556 0.4736658729665113 0.1562854525034453 
0.15420202599007407 0.6437689052901518 0.07969788836901394 0.0629342579608618 0.49634165675675124 0.0246157258852494 0.651409098625056 0.35809518043475697 0.4839452402399011 0.0822480713269933 0.4682418983145586 0.2587649727372466 0.2025124444503633 0.19648328666391415 0.7440042355512416 0.42414728585207595 0.4362025304227816 0.2907040834778739 0.26556290725669607 0.5348099198020251 
0.445552468013582 0.10946294676803729 0.605741526484625 0.5404347828513444 0.103559514082018 0.6196983698596721 0.07455506967197015 0.28375291617814974 0.5215874175243677 0.6607324743464345 0.46450449525686766 0.38432900270206943 0.5026480653731308 0.5127548842603111 0.14856534033582294 0.3848589408515931 0.39722988622021815 0.38653385416761266 0.47139721740347723 0.3872438804909222 
